10 0.17265625 0.6375 0.04296875 0.14140625
6 0.58515625 0.55 0.01171875 0.0390625
6 0.6671875 0.5515625 0.01015625 0.0390625
3 0.0125 0.409375 0.025 0.065625
3 0.0125 0.2234375 0.025 0.04921875
3 0.03203125 0.184375 0.03984375 0.0453125
3 0.01640625 0.16015625 0.0328125 0.0453125
4 0.03125 0.08515625 0.01484375 0.0203125
6 0.0265625 0.059375 0.00625 0.028125
6 0.04453125 0.06015625 0.00625 0.0296875
10 0.08515625 0.1234375 0.04296875 0.040625
3 0.0875 0.09609375 0.02109375 0.03203125
3 0.11796875 0.053125 0.02421875 0.0359375
3 0.16796875 0.021875 0.03125 0.01875
6 0.18984375 0.0359375 0.0046875 0.0203125
6 0.19296875 0.03515625 0.00546875 0.01640625
6 0.196875 0.03359375 0.00546875 0.025
6 0.1390625 0.3734375 0.00546875 0.028125
6 0.14453125 0.36640625 0.0078125 0.03671875
6 0.1515625 0.36640625 0.00859375 0.034375
10 0.2265625 0.334375 0.03125 0.08046875
6 0.2484375 0.32265625 0.01015625 0.03984375
3 0.3640625 0.28046875 0.02421875 0.05625
3 0.41484375 0.22421875 0.02421875 0.04609375
3 0.40859375 0.17109375 0.0234375 0.04140625
3 0.30546875 0.165625 0.02109375 0.04609375
3 0.396875 0.103125 0.0203125 0.034375
3 0.33671875 0.09296875 0.01796875 0.03203125
3 0.3609375 0.0765625 0.015625 0.025
3 0.38515625 0.04765625 0.015625 0.025
3 0.38125 0.0265625 0.0140625 0.0234375
3 0.315625 0.0109375 0.01328125 0.02109375
8 0.28125 0.0921875 0.01171875 0.02890625
6 0.28046875 0.08671875 0.00546875 0.01875
6 0.2671875 0.03671875 0.003125 0.02421875
1 0.265625 0.04296875 0.00390625 0.015625
7 0.28671875 0.03203125 0.00390625 0.0140625
4 0.2859375 0.03671875 0.00390625 0.01640625
7 0.2890625 0.01875 0.00234375 0.0109375
4 0.2890625 0.02578125 0.00390625 0.0140625
3 0.59453125 0.26328125 0.03515625 0.03125
3 0.58671875 0.240625 0.04296875 0.03828125
10 0.59140625 0.159375 0.025 0.04453125
3 0.528125 0.21171875 0.03203125 0.053125
6 0.559375 0.253125 0.00546875 0.03515625
6 0.56171875 0.28828125 0.00546875 0.02890625
9 0.44140625 0.0109375 0.01953125 0.021875
3 0.44375 0.0359375 0.01875 0.0296875
3 0.45 0.05859375 0.0171875 0.028125
3 0.46796875 0.09921875 0.01953125 0.028125
3 0.50234375 0.12578125 0.02578125 0.03671875
3 0.50703125 0.090625 0.02734375 0.0265625
3 0.50859375 0.06640625 0.03515625 0.02578125
3 0.49375 0.0515625 0.03828125 0.03046875