6 0.2703125 0.52109375 0.01484375 0.071875
6 0.47734375 0.60703125 0.01796875 0.0734375
6 0.66796875 0.61953125 0.02421875 0.0734375
6 0.684375 0.63046875 0.02109375 0.07109375
6 0.53515625 0.3125 0.01328125 0.0546875
6 0.54453125 0.3234375 0.01015625 0.04921875
6 0.5546875 0.32734375 0.01328125 0.04921875
6 0.41015625 0.2453125 0.00859375 0.04453125
6 0.32109375 0.334375 0.01328125 0.0484375
6 0.34609375 0.24921875 0.00859375 0.0453125
6 0.3546875 0.259375 0.01015625 0.03359375
6 0.359375 0.2453125 0.00703125 0.03515625
6 0.440625 0.1953125 0.01015625 0.03125
6 0.5140625 0.203125 0.00859375 0.034375
6 0.51328125 0.22890625 0.01171875 0.0265625
6 0.5515625 0.16796875 0.0109375 0.0234375
6 0.578125 0.146875 0.0078125 0.03125
6 0.58515625 0.1453125 0.00625 0.02421875
6 0.61796875 0.14921875 0.0046875 0.02421875
6 0.62421875 0.14609375 0.00546875 0.021875
6 0.6296875 0.15 0.00625 0.02578125
6 0.653125 0.1515625 0.00546875 0.0265625
6 0.66015625 0.1515625 0.00625 0.02421875
6 0.671875 0.1546875 0.0078125 0.0296875
6 0.7046875 0.15625 0.00625 0.03359375
6 0.4140625 0.10078125 0.00546875 0.01875
6 0.43046875 0.07890625 0.00390625 0.01796875
6 0.4296875 0.06875 0.00703125 0.01953125
6 0.3890625 0.06328125 0.00625 0.028125
6 0.4046875 0.06875 0.0046875 0.01953125
6 0.41015625 0.06796875 0.00390625 0.01796875
6 0.05703125 0.25625 0.00625 0.02578125
6 0.0625 0.24375 0.01171875 0.0453125
6 0.040625 0.2171875 0.01171875 0.03828125
6 0.4578125 0.05 0.00390625 0.02421875
6 0.465625 0.053125 0.00546875 0.021875
6 0.5 0.05390625 0.00546875 0.02421875
6 0.41484375 0.034375 0.0078125 0.02109375
6 0.3953125 0.009375 0.00234375 0.01640625
6 0.4046875 0.00859375 0.00546875 0.01328125
6 0.4328125 0.01875 0.00234375 0.034375
6 0.4421875 0.02109375 0.00546875 0.0203125
6 0.46953125 0.0203125 0.00625 0.021875
6 0.47890625 0.0265625 0.00390625 0.01875
6 0.484375 0.0265625 0.0046875 0.021875
6 0.60234375 0.0734375 0.00546875 0.03125
6 0.66640625 0.196875 0.0109375 0.040625
6 0.70078125 0.20234375 0.009375 0.04375
7 0.61171875 0.28046875 0.01640625 0.025
7 0.303125 0.33125 0.01171875 0.04375
4 0.4984375 0.159375 0.0078125 0.0296875
1 0.315625 0.2765625 0.01015625 0.0390625
1 0.3359375 0.2734375 0.025 0.02578125
1 0.33203125 0.25625 0.01796875 0.02578125
1 0.27890625 0.309375 0.01484375 0.03125
4 0.15078125 0.34609375 0.01796875 0.05390625
4 0.25078125 0.33359375 0.02890625 0.03359375
4 0.2984375 0.34609375 0.00859375 0.0390625
1 0.06328125 0.21484375 0.02265625 0.0296875
3 0.61484375 0.290625 0.009375 0.01953125
6 0.2515625 0.334375 0.00859375 0.05390625