3 0.3890625 0.47578125 0.04296875 0.0484375
9 0.3921875 0.33125 0.04375 0.05390625
9 0.29765625 0.2546875 0.06015625 0.08359375
3 0.2203125 0.20859375 0.0125 0.01953125
9 0.2109375 0.12421875 0.021875 0.03671875
9 0.20078125 0.103125 0.01171875 0.01484375
7 0.3171875 0.23046875 0.003125 0.00859375
7 0.303125 0.21953125 0.003125 0.01015625
7 0.30234375 0.22890625 0.00390625 0.01015625
4 0.31640625 0.234375 0.00546875 0.01015625
4 0.30234375 0.23046875 0.0046875 0.0109375
3 0.15625 0.125 0.0078125 0.01328125
3 0.16328125 0.103125 0.00546875 0.009375
3 0.18359375 0.08203125 0.00625 0.00625
3 0.1640625 0.059375 0.0046875 0.00625
3 0.1546875 0.04375 0.00546875 0.01015625
3 0.12578125 0.0203125 0.003125 0.00546875
3 0.1390625 0.0328125 0.003125 0.0046875
3 0.146875 0.04453125 0.00390625 0.00546875
3 0.146875 0.05234375 0.0046875 0.00625