3 0.63359375 0.2046875 0.075 0.0515625
3 0.60859375 0.27734375 0.0859375 0.0640625
10 0.6640625 0.30078125 0.06875 0.05625
8 0.68125 0.31953125 0.05 0.0390625
3 0.79140625 0.19921875 0.0328125 0.028125
3 0.81953125 0.225 0.0390625 0.034375
3 0.86015625 0.221875 0.0375 0.03125
8 0.87421875 0.23359375 0.0265625 0.025
5 0.81875 0.17734375 0.0375 0.028125
3 0.68515625 0.00625 0.0421875 0.0125
8 0.74765625 0.00390625 0.0328125 0.0078125
6 0.74453125 0.02265625 0.0203125 0.0125
7 0.63828125 0.1265625 0.0203125 0.0125
7 0.85703125 0.21640625 0.0234375 0.0140625
1 0.63046875 0.1296875 0.021875 0.0140625
6 0.8703125 0.346875 0.021875 0.0140625