7 0.11328125 0.475 0.0171875 0.0125
6 0.07265625 0.415625 0.040625 0.015625
6 0.0765625 0.4265625 0.0375 0.015625
6 0.08671875 0.44140625 0.040625 0.0171875
6 0.090625 0.44609375 0.0375 0.0140625
6 0.115625 0.44375 0.0390625 0.0171875
6 0.12890625 0.43828125 0.0375 0.0140625
6 0.121875 0.42265625 0.025 0.0109375
6 0.1140625 0.42578125 0.034375 0.0140625
10 0.02421875 0.365625 0.0484375 0.046875
7 0.0328125 0.37890625 0.025 0.0109375
6 0.06015625 0.3296875 0.03125 0.0171875
6 0.0765625 0.3359375 0.0296875 0.0125
6 0.08125 0.325 0.0375 0.0140625
4 0.078125 0.32421875 0.0359375 0.028125
6 0.07890625 0.30703125 0.040625 0.015625
6 0.07109375 0.303125 0.0421875 0.021875
6 0.0890625 0.29765625 0.028125 0.0125
6 0.11015625 0.30390625 0.0375 0.0140625
7 0.09375 0.28984375 0.0234375 0.0203125
6 0.125 0.3140625 0.03125 0.0125
6 0.125 0.3203125 0.0359375 0.015625
7 0.128125 0.28671875 0.0203125 0.0140625
6 0.26171875 0.275 0.0453125 0.01875
6 0.2609375 0.265625 0.04375 0.015625
6 0.2921875 0.21953125 0.0484375 0.0234375
6 0.125 0.2375 0.034375 0.0140625
7 0.09609375 0.25703125 0.0359375 0.0203125
6 0.18671875 0.21171875 0.0453125 0.021875
7 0.19765625 0.21875 0.0171875 0.0109375
6 0.13203125 0.11640625 0.0484375 0.025
6 0.1265625 0.12265625 0.046875 0.025
10 0.24375 0.07265625 0.1125 0.071875
6 0.196875 0.11171875 0.0515625 0.0265625
6 0.36328125 0.04375 0.06875 0.0359375
6 0.33515625 0.0609375 0.0546875 0.0296875
4 0.13046875 0.15390625 0.0390625 0.028125
6 0.1703125 0.13359375 0.05 0.028125
1 0.18828125 0.13515625 0.04375 0.0296875
8 0.253125 0.1265625 0.0578125 0.0390625
8 0.30859375 0.13984375 0.096875 0.0828125
1 0.36875 0.1625 0.06875 0.0828125
4 0.46796875 0.2359375 0.0625 0.0546875
4 0.50390625 0.27265625 0.0625 0.0484375
7 0.40703125 0.25703125 0.040625 0.0234375
7 0.41640625 0.27421875 0.0484375 0.0265625
7 0.4359375 0.30625 0.0484375 0.0234375
7 0.4171875 0.3125 0.0234375 0.0140625
6 0.334375 0.30625 0.05625 0.028125
6 0.3140625 0.32734375 0.0515625 0.0265625
6 0.25859375 0.32421875 0.0421875 0.0203125
6 0.24296875 0.3234375 0.0453125 0.01875
6 0.234375 0.33203125 0.0390625 0.0171875
6 0.25 0.34453125 0.046875 0.01875
6 0.17890625 0.38125 0.0484375 0.0203125
6 0.1734375 0.41640625 0.04375 0.0171875
6 0.1734375 0.40703125 0.0421875 0.01875
6 0.2171875 0.42421875 0.0390625 0.0171875
6 0.2046875 0.41953125 0.0453125 0.01875
6 0.1953125 0.43046875 0.0421875 0.0203125
6 0.20859375 0.45625 0.0484375 0.0203125
6 0.3265625 0.34453125 0.040625 0.015625
6 0.3140625 0.35 0.04375 0.015625
7 0.3171875 0.36171875 0.0328125 0.01875
6 0.32265625 0.375 0.05625 0.021875
6 0.3921875 0.32734375 0.0625 0.03125
6 0.565625 0.32890625 0.071875 0.0375
4 0.56953125 0.328125 0.0546875 0.05
6 0.23125 0.50234375 0.0515625 0.0203125
6 0.2484375 0.54296875 0.0375 0.0234375
7 0.2484375 0.546875 0.0234375 0.015625
6 0.25546875 0.55859375 0.028125 0.015625
6 0.24609375 0.56875 0.0421875 0.0203125
6 0.28984375 0.54765625 0.0515625 0.0234375
6 0.290625 0.5578125 0.0515625 0.0203125
6 0.26796875 0.5859375 0.0484375 0.0203125
6 0.3421875 0.509375 0.05 0.0234375
6 0.33828125 0.540625 0.0515625 0.0234375
6 0.28046875 0.6203125 0.0578125 0.028125
6 0.3421875 0.61953125 0.053125 0.028125
7 0.3359375 0.62265625 0.028125 0.015625
6 0.43828125 0.6015625 0.0546875 0.0265625
6 0.425 0.6125 0.0546875 0.025
6 0.41171875 0.62890625 0.0578125 0.028125
6 0.43203125 0.63671875 0.05625 0.0328125
6 0.44296875 0.66015625 0.06875 0.0390625
6 0.5578125 0.6125 0.0671875 0.0296875
6 0.63125 0.56328125 0.071875 0.0375
6 0.5609375 0.65234375 0.0640625 0.0328125
6 0.08984375 0.18515625 0.0390625 0.01875
6 0.090625 0.18984375 0.025 0.0109375
6 0.0734375 0.2265625 0.03125 0.0125
6 0.08046875 0.23515625 0.0421875 0.021875
6 0.07265625 0.234375 0.0390625 0.0171875
6 0.0890625 0.2390625 0.040625 0.0171875
6 0.0859375 0.24296875 0.0390625 0.015625
8 0.16484375 0.4140625 0.0546875 0.046875
6 0.06640625 0.2859375 0.040625 0.0171875
0 0.04921875 0.30390625 0.0734375 0.059375
6 0.11953125 0.39296875 0.03125 0.0125
6 0.10546875 0.40625 0.025 0.0109375
6 0.12265625 0.403125 0.0359375 0.0140625
7 0.11171875 0.40390625 0.01875 0.0078125