7 0.80625 0.10078125 0.009375 0.0171875
6 0.78984375 0.10546875 0.009375 0.015625
6 0.92421875 0.23828125 0.009375 0.0171875
7 0.915625 0.2390625 0.009375 0.0203125
6 0.9046875 0.2109375 0.01875 0.0359375
6 0.86171875 0.20390625 0.015625 0.0296875
6 0.84453125 0.16953125 0.0109375 0.021875
6 0.83203125 0.16953125 0.015625 0.0296875
7 0.775 0.07109375 0.0109375 0.025
6 0.8125 0.13515625 0.0109375 0.0234375
7 0.81640625 0.15625 0.0078125 0.015625
6 0.82578125 0.1453125 0.009375 0.0203125
6 0.83203125 0.14609375 0.0109375 0.025
6 0.77265625 0.17265625 0.015625 0.0328125
7 0.7375 0.14921875 0.009375 0.015625
6 0.721875 0.1484375 0.0125 0.028125
6 0.68046875 0.12265625 0.0109375 0.0234375
6 0.6765625 0.1140625 0.00625 0.01875
7 0.678125 0.1109375 0.00625 0.0125
6 0.68671875 0.1625 0.0140625 0.028125
6 0.64765625 0.19140625 0.0125 0.0296875
6 0.696875 0.22265625 0.015625 0.0359375
6 0.6890625 0.22421875 0.0109375 0.0234375
6 0.5859375 0.16796875 0.009375 0.0203125
6 0.5765625 0.1046875 0.009375 0.0203125
6 0.57421875 0.1 0.009375 0.0203125
7 0.53046875 0.12265625 0.009375 0.015625
6 0.62734375 0.23984375 0.015625 0.03125
6 0.6171875 0.24765625 0.01875 0.0328125
6 0.55 0.23671875 0.0140625 0.0265625
6 0.5375 0.240625 0.015625 0.03125
6 0.5109375 0.2484375 0.009375 0.0171875
6 0.50625 0.24765625 0.0125 0.0265625
6 0.5109375 0.17734375 0.015625 0.0265625
6 0.47578125 0.20234375 0.0171875 0.028125
6 0.52890625 0.2796875 0.01875 0.0359375
6 0.55390625 0.27890625 0.0171875 0.0359375
6 0.56484375 0.31796875 0.015625 0.0296875
6 0.5859375 0.3140625 0.0140625 0.0265625
6 0.578125 0.315625 0.0109375 0.0234375
6 0.55390625 0.36640625 0.0234375 0.040625
6 0.70859375 0.29375 0.0171875 0.0375
6 0.7015625 0.2953125 0.0109375 0.025
6 0.75390625 0.29609375 0.0125 0.0234375
6 0.8359375 0.33515625 0.0140625 0.0265625
6 0.8375 0.2734375 0.015625 0.0359375
6 0.83203125 0.26015625 0.0125 0.028125
6 0.8265625 0.265625 0.0125 0.0265625
7 0.75546875 0.34453125 0.0140625 0.0234375
7 0.696875 0.365625 0.0140625 0.0234375
7 0.68125 0.378125 0.0171875 0.0234375
7 0.66875 0.38125 0.0171875 0.025
7 0.67578125 0.4 0.021875 0.0234375
6 0.7140625 0.03125 0.0109375 0.021875
6 0.67109375 0.0453125 0.009375 0.021875
6 0.63203125 0.04453125 0.0078125 0.01875
6 0.61953125 0.04921875 0.0109375 0.021875
6 0.603125 0.059375 0.0078125 0.01875
6 0.84609375 0.03203125 0.0125 0.025
6 0.83203125 0.028125 0.0109375 0.025
6 0.8859375 0.03671875 0.0109375 0.0234375
6 0.90078125 0.03671875 0.0140625 0.0234375
6 0.884375 0.0203125 0.0140625 0.0234375
6 0.90078125 0.12265625 0.0078125 0.021875
6 0.89921875 0.11484375 0.0109375 0.0265625
7 0.89140625 0.1234375 0.009375 0.015625
7 0.890625 0.13515625 0.009375 0.0171875
6 0.89140625 0.1140625 0.0109375 0.0234375
7 0.884375 0.11796875 0.0140625 0.0203125
6 0.88515625 0.11328125 0.0125 0.021875
7 0.78828125 0.42109375 0.021875 0.034375