6 0.003125 0.2109375 0.003125 0.01171875
6 0.03046875 0.20625 0.00234375 0.00859375
7 0.03359375 0.2046875 0.00234375 0.00546875
7 0.0390625 0.203125 0.00390625 0.00859375
6 0.053125 0.20859375 0.00390625 0.01171875
7 0.0609375 0.21484375 0.00234375 0.00546875
6 0.06328125 0.2390625 0.00390625 0.0109375
6 0.00234375 0.22265625 0.003125 0.00859375
6 0.025 0.20703125 0.00234375 0.00859375
6 0.02578125 0.20625 0.00234375 0.01171875
4 0.1203125 0.20859375 0.00546875 0.00546875
6 0.10546875 0.1953125 0.0015625 0.00703125
4 0.18046875 0.45234375 0.015625 0.01796875
4 0.2 0.4171875 0.015625 0.01796875
3 0.2125 0.45078125 0.03828125 0.05078125
3 0.21875 0.38984375 0.03984375 0.03515625
4 0.20625 0.3765625 0.00703125 0.02578125
4 0.221875 0.371875 0.01328125 0.015625
7 0.26171875 0.43671875 0.00546875 0.01640625
7 0.2625 0.43125 0.0078125 0.0203125
7 0.27578125 0.35703125 0.003125 0.01171875
7 0.27890625 0.3578125 0.0046875 0.01015625
7 0.2765625 0.35078125 0.00703125 0.01328125
4 0.2625 0.4359375 0.0078125 0.025
3 0.26875 0.39453125 0.01796875 0.03828125
8 0.278125 0.35703125 0.0078125 0.02421875
0 0.29140625 0.3515625 0.01015625 0.0265625
4 0.296875 0.296875 0.00546875 0.01328125
4 0.23359375 0.3390625 0.01171875 0.01640625
4 0.234375 0.3359375 0.01015625 0.015625
4 0.2359375 0.33046875 0.0109375 0.01328125
4 0.221875 0.34375 0.00859375 0.01484375
4 0.22421875 0.34296875 0.009375 0.01328125
4 0.23359375 0.32109375 0.00703125 0.0109375
4 0.26015625 0.26953125 0.009375 0.01171875
4 0.259375 0.26796875 0.01015625 0.01015625
3 0.2828125 0.23828125 0.02109375 0.01953125
3 0.3015625 0.25390625 0.01015625 0.01953125
6 0.29453125 0.22734375 0.00234375 0.01015625
6 0.296875 0.22890625 0.003125 0.009375
3 0.2796875 0.19921875 0.00625 0.009375
3 0.2953125 0.19609375 0.00546875 0.01171875
3 0.29375 0.18515625 0.0046875 0.00703125
3 0.26875 0.171875 0.00390625 0.00625
9 0.2671875 0.1765625 0.00546875 0.0109375
7 0.26640625 0.18203125 0.0015625 0.00546875
6 0.284375 0.16328125 0.00234375 0.00546875
6 0.28671875 0.178125 0.00234375 0.00625
3 0.2921875 0.15859375 0.003125 0.00703125
3 0.28359375 0.1484375 0.00390625 0.0046875
3 0.278125 0.1453125 0.00234375 0.00390625
0 0.271875 0.16171875 0.00234375 0.00625
7 0.28984375 0.18125 0.00234375 0.00546875
7 0.2828125 0.190625 0.0015625 0.0046875
7 0.27109375 0.203125 0.00234375 0.00859375
7 0.27421875 0.20390625 0.00234375 0.00625
4 0.24375 0.309375 0.00703125 0.015625
4 0.2828125 0.19140625 0.00234375 0.00546875
4 0.28984375 0.184375 0.00234375 0.00546875
4 0.290625 0.16328125 0.0015625 0.0046875
6 0.27421875 0.21640625 0.00234375 0.01015625
6 0.27265625 0.21640625 0.00234375 0.0109375
6 0.2703125 0.21484375 0.003125 0.00703125
6 0.27109375 0.2203125 0.00234375 0.009375
7 0.26953125 0.225 0.00234375 0.00546875
4 0.26953125 0.2265625 0.003125 0.009375
3 0.2625 0.2015625 0.0078125 0.01328125
4 0.2703125 0.20546875 0.00234375 0.00703125
4 0.27421875 0.20703125 0.00234375 0.00625
0 0.265625 0.21171875 0.0046875 0.0109375
0 0.2703125 0.24140625 0.0015625 0.0515625
6 0.2609375 0.21640625 0.00234375 0.0109375
6 0.2875 0.19921875 0.0015625 0.00703125
6 0.2875 0.196875 0.00234375 0.009375
6 0.290625 0.2015625 0.00234375 0.009375
6 0.28984375 0.2015625 0.00234375 0.00859375
6 0.28984375 0.1984375 0.00234375 0.009375