3 0.6171875 0.421875 0.0671875 0.1046875
3 0.53359375 0.24453125 0.046875 0.071875
3 0.6921875 0.19609375 0.0703125 0.071875
3 0.5875 0.1203125 0.040625 0.0578125
3 0.596875 0.1640625 0.0703125 0.0765625
6 0.58671875 0.171875 0.0203125 0.0390625
3 0.52421875 0.12890625 0.0375 0.0546875
3 0.484375 0.103125 0.03125 0.040625
3 0.4515625 0.0328125 0.021875 0.03125
3 0.47578125 0.01484375 0.0296875 0.0296875
3 0.85390625 0.17734375 0.0859375 0.103125
3 0.88046875 0.15546875 0.0546875 0.0796875
3 0.91328125 0.43984375 0.1078125 0.10625
9 0.45 0.38125 0.1078125 0.109375
6 0.54375 0.38671875 0.0234375 0.0421875
6 0.49375 0.2703125 0.0203125 0.0375
6 0.4890625 0.27421875 0.0171875 0.03125
9 0.44140625 0.29296875 0.0890625 0.0828125
9 0.428125 0.24375 0.084375 0.071875
2 0.2640625 0.18515625 0.1 0.090625
3 0.22734375 0.32265625 0.0703125 0.0703125
3 0.19140625 0.27421875 0.0375 0.0453125
3 0.1796875 0.2328125 0.046875 0.0484375
3 0.684375 0.0421875 0.0578125 0.053125
3 0.6578125 0.02421875 0.0546875 0.046875
3 0.646875 0.015625 0.04375 0.03125
3 0.63515625 0.01171875 0.0515625 0.0234375
3 0.80703125 0.20078125 0.090625 0.1
7 0.5984375 0.04140625 0.0125 0.0203125
6 0.32578125 0.13671875 0.0171875 0.03125
6 0.41015625 0.02265625 0.0109375 0.021875
6 0.4140625 0.02109375 0.0140625 0.025
6 0.41875 0.0171875 0.0140625 0.025
7 0.45 0.06171875 0.009375 0.015625
4 0.45234375 0.06796875 0.0125 0.021875
4 0.3078125 0.1234375 0.0140625 0.021875
4 0.3125 0.121875 0.0140625 0.021875
1 0.31328125 0.0859375 0.0140625 0.0171875
1 0.31640625 0.08203125 0.0140625 0.0171875
1 0.3125 0.07734375 0.0140625 0.0125
1 0.31484375 0.06171875 0.0125 0.0171875