3 0.89375 0.634375 0.0625 0.1140625
3 0.7703125 0.79375 0.0390625 0.0796875
3 0.7875 0.8890625 0.034375 0.05625
3 0.86640625 0.9515625 0.040625 0.0515625
7 0.81015625 0.79296875 0.0125 0.0359375
4 0.81015625 0.7765625 0.0171875 0.04375
8 0.81875 0.9234375 0.021875 0.04375
7 0.81640625 0.9359375 0.00625 0.021875
3 0.59296875 0.86484375 0.0640625 0.05625
3 0.58671875 0.9109375 0.0265625 0.0453125
10 0.596875 0.96171875 0.025 0.05
10 0.6921875 0.90546875 0.025 0.059375
10 0.68125 0.9796875 0.021875 0.040625
4 0.7296875 0.59375 0.0328125 0.06875
4 0.7234375 0.3703125 0.0125 0.0609375
7 0.7234375 0.3890625 0.01875 0.0515625
6 0.7 0.4015625 0.015625 0.059375
6 0.67578125 0.446875 0.0125 0.0640625
6 0.628125 0.3140625 0.0109375 0.0453125
6 0.640625 0.34609375 0.015625 0.065625
7 0.64375 0.3640625 0.0109375 0.03125
6 0.6421875 0.53515625 0.0140625 0.05625
6 0.67734375 0.6609375 0.009375 0.046875
6 0.6359375 0.72265625 0.009375 0.046875
6 0.640625 0.675 0.0140625 0.0484375
6 0.6515625 0.665625 0.0078125 0.03125
6 0.6109375 0.73515625 0.009375 0.0484375
6 0.64375 0.81171875 0.009375 0.04375
6 0.63671875 0.85546875 0.009375 0.0390625
6 0.646875 0.85703125 0.0078125 0.025
6 0.65390625 0.8640625 0.0109375 0.04375
6 0.64296875 0.86953125 0.0078125 0.03125
6 0.64609375 0.90703125 0.00625 0.034375
6 0.63828125 0.9078125 0.009375 0.0359375
6 0.64296875 0.96796875 0.009375 0.03125
6 0.6203125 0.9609375 0.00625 0.025
6 0.61953125 0.94453125 0.00625 0.03125
6 0.63515625 0.94375 0.00625 0.03125
6 0.63515625 0.95546875 0.00625 0.025
7 0.61484375 0.96953125 0.009375 0.025
6 0.67421875 0.93203125 0.009375 0.0375
6 0.71015625 0.81796875 0.009375 0.03125
6 0.72109375 0.74453125 0.009375 0.040625
6 0.7140625 0.78515625 0.00625 0.04375
6 0.68828125 0.75625 0.0109375 0.040625
6 0.67734375 0.75234375 0.0109375 0.046875
6 0.68671875 0.74140625 0.009375 0.04375
7 0.6875 0.7015625 0.0125 0.040625
4 0.6875 0.6859375 0.0125 0.0375
8 0.7234375 0.67578125 0.025 0.065625
6 0.52265625 0.871875 0.0078125 0.034375
6 0.5109375 0.8640625 0.0078125 0.0375
6 0.5171875 0.88203125 0.00625 0.03125
6 0.50390625 0.85546875 0.009375 0.0390625
6 0.50078125 0.84453125 0.00625 0.03125
6 0.50625 0.8765625 0.0078125 0.03125
6 0.56015625 0.61328125 0.0109375 0.0484375
6 0.5421875 0.60625 0.0125 0.053125
6 0.64609375 0.60234375 0.0125 0.05
6 0.61640625 0.6046875 0.015625 0.0390625
6 0.596875 0.5734375 0.0109375 0.05
6 0.58671875 0.5546875 0.0125 0.0515625
6 0.5953125 0.5359375 0.009375 0.04375
1 0.603125 0.63359375 0.025 0.0265625