3 0.09609375 0.77734375 0.1609375 0.15859375
3 0.15625 0.89296875 0.13046875 0.18046875
3 0.615625 0.42109375 0.08515625 0.06015625
3 0.81015625 0.3265625 0.05703125 0.05078125
3 0.89765625 0.25 0.03671875 0.040625
3 0.80625 0.28125 0.03828125 0.04609375
3 0.6140625 0.340625 0.0796875 0.04921875
3 0.2734375 0.44609375 0.06953125 0.078125
3 0.221875 0.4734375 0.05859375 0.08984375
3 0.23671875 0.3328125 0.06875 0.065625
3 0.1375 0.29921875 0.06640625 0.05859375
3 0.2625 0.27734375 0.03828125 0.04921875
3 0.24296875 0.23671875 0.02890625 0.0453125
3 0.17421875 0.15703125 0.02421875 0.03515625
3 0.48125 0.4265625 0.08984375 0.06015625
3 0.44609375 0.48828125 0.10078125 0.07578125
3 0.4125 0.56796875 0.1015625 0.10859375
3 0.34296875 0.5484375 0.09921875 0.10625
3 0.7765625 0.26796875 0.03828125 0.04375
3 0.8078125 0.24453125 0.03203125 0.0484375
3 0.83671875 0.25390625 0.0359375 0.04921875
3 0.8359375 0.22421875 0.03046875 0.04296875
3 0.859375 0.23125 0.028125 0.0484375
3 0.85078125 0.20859375 0.03203125 0.03671875
3 0.87578125 0.2171875 0.02734375 0.046875
3 0.89453125 0.2015625 0.02421875 0.0359375
3 0.88046875 0.1828125 0.02890625 0.0359375
3 0.91328125 0.18125 0.0296875 0.03671875
3 0.97421875 0.14140625 0.01875 0.03203125
3 0.97890625 0.13046875 0.01640625 0.028125
3 0.98671875 0.1109375 0.01953125 0.0296875
3 0.9296875 0.14140625 0.0203125 0.0296875
3 0.98984375 0.221875 0.01953125 0.0359375
3 0.0171875 0.29375 0.03359375 0.0484375
1 0.9578125 0.809375 0.0203125 0.09296875
1 0.58828125 0.87109375 0.04375 0.10390625
1 0.57109375 0.77890625 0.04296875 0.084375
1 0.484375 0.76796875 0.02890625 0.06953125
1 0.39609375 0.69375 0.02109375 0.078125
1 0.415625 0.63046875 0.02421875 0.06640625
1 0.25390625 0.68203125 0.02109375 0.0703125
1 0.2796875 0.60546875 0.02890625 0.05703125
1 0.178125 0.37109375 0.0234375 0.040625
1 0.19921875 0.3765625 0.01328125 0.04609375
1 0.46640625 0.35703125 0.02734375 0.03203125
1 0.6859375 0.28359375 0.01328125 0.0296875
1 0.521875 0.30078125 0.02421875 0.02890625
1 0.503125 0.396875 0.02734375 0.02890625
1 0.509375 0.38125 0.0203125 0.0265625
1 0.6765625 0.27265625 0.01015625 0.0265625
1 0.89140625 0.321875 0.01015625 0.03515625
1 0.9375 0.27109375 0.01015625 0.02578125
1 0.97265625 0.2640625 0.009375 0.03203125
1 0.9546875 0.3234375 0.01640625 0.02578125
1 0.8765625 0.46640625 0.01328125 0.04453125
1 0.9234375 0.321875 0.02265625 0.02421875
6 0.3796875 0.3609375 0.01328125 0.0546875
6 0.3578125 0.26953125 0.00859375 0.04453125
6 0.128125 0.50234375 0.01953125 0.07109375
6 0.30625 0.840625 0.02265625 0.09921875
6 0.325 0.825 0.02734375 0.0984375
6 0.3890625 0.846875 0.0265625 0.0984375
6 0.40546875 0.8359375 0.0234375 0.09296875
6 0.84921875 0.75625 0.02109375 0.09453125
6 0.97578125 0.421875 0.01953125 0.059375
6 0.97734375 0.346875 0.01171875 0.046875
6 0.96328125 0.3359375 0.01015625 0.04609375
6 0.93203125 0.52265625 0.01484375 0.06796875
6 0.9375 0.6171875 0.0171875 0.08203125
6 0.7953125 0.60703125 0.0203125 0.0546875
6 0.8171875 0.540625 0.01953125 0.053125
6 0.88125 0.40390625 0.01640625 0.0453125
6 0.89296875 0.31171875 0.0125 0.034375
6 0.92265625 0.3109375 0.0140625 0.03671875
6 0.95546875 0.31015625 0.01015625 0.03359375
6 0.93984375 0.25703125 0.01015625 0.0296875
6 0.97265625 0.25625 0.01015625 0.03203125
6 0.9546875 0.23046875 0.01171875 0.025
6 0.98515625 0.19765625 0.01171875 0.01953125
6 0.9609375 0.27578125 0.00859375 0.03203125
6 0.6859375 0.27109375 0.00859375 0.03359375
6 0.5515625 0.3703125 0.01484375 0.0484375
6 0.51015625 0.36953125 0.01015625 0.034375
6 0.52421875 0.28984375 0.00859375 0.040625
6 0.5015625 0.38203125 0.01015625 0.04140625
6 0.4640625 0.34296875 0.01171875 0.053125
6 0.3328125 0.43828125 0.02265625 0.06171875
6 0.31875 0.6203125 0.015625 0.07421875
6 0.27890625 0.58828125 0.01640625 0.059375
6 0.33515625 0.69609375 0.0296875 0.06796875
6 0.39453125 0.68125 0.01640625 0.07890625
6 0.41484375 0.615625 0.01953125 0.07578125
6 0.2546875 0.6671875 0.01796875 0.0765625
6 0.2609375 0.8625 0.0265625 0.103125
6 0.1859375 0.509375 0.0203125 0.053125
6 0.14765625 0.4484375 0.01953125 0.0640625
6 0.17734375 0.3625 0.01328125 0.0453125
6 0.1984375 0.3703125 0.01328125 0.05
6 0.175 0.23359375 0.01015625 0.03828125
6 0.21640625 0.15625 0.00625 0.021875
6 0.20390625 0.15 0.00703125 0.021875
6 0.19609375 0.15234375 0.00703125 0.02109375
6 0.19765625 0.13828125 0.00625 0.02421875
6 0.203125 0.13359375 0.00703125 0.02890625
6 0.0125 0.41953125 0.01953125 0.06484375
6 0.021875 0.35625 0.0109375 0.05625
6 0.01484375 0.34765625 0.01015625 0.05625
6 0.28984375 0.675 0.0171875 0.07578125
4 0.25859375 0.8734375 0.0515625 0.078125
4 0.55390625 0.3796875 0.03125 0.040625
4 0.81640625 0.553125 0.01796875 0.059375
4 0.79609375 0.62109375 0.02109375 0.06484375
4 0.95390625 0.24375 0.00859375 0.03359375
4 0.57265625 0.78125 0.0421875 0.0796875
4 0.32890625 0.70390625 0.0234375 0.08984375
4 0.32265625 0.6265625 0.03984375 0.0640625
4 0.1875 0.5265625 0.02265625 0.053125
4 0.14765625 0.4578125 0.03046875 0.03984375
4 0.1734375 0.23984375 0.01171875 0.028125
4 0.1953125 0.15625 0.01015625 0.0234375
4 0.2046875 0.1578125 0.009375 0.0265625
4 0.9921875 0.26796875 0.00859375 0.02890625
6 0.99296875 0.26640625 0.00859375 0.028125
6 0.99375 0.26015625 0.00859375 0.03359375
6 0.04296875 0.2546875 0.01171875 0.04609375
6 0.18359375 0.11796875 0.00625 0.03046875
6 0.175 0.1171875 0.00703125 0.03203125
6 0.10234375 0.24140625 0.01328125 0.02578125
6 0.0921875 0.24453125 0.01328125 0.0265625
6 0.08515625 0.24453125 0.01484375 0.0265625
6 0.0765625 0.246875 0.01484375 0.0265625
6 0.06796875 0.25 0.01328125 0.028125
6 0.06171875 0.2515625 0.01171875 0.03203125
6 0.05546875 0.25234375 0.01171875 0.03046875
1 0.13359375 0.165625 0.00859375 0.02421875
1 0.215625 0.16640625 0.00546875 0.0234375
1 0.81796875 0.19921875 0.0078125 0.01875
1 0.834375 0.19609375 0.0078125 0.01953125
1 0.90625 0.15859375 0.01015625 0.01796875
6 0.9078125 0.1515625 0.00703125 0.021875
6 0.85390625 0.18046875 0.00546875 0.0234375
6 0.83515625 0.18828125 0.00703125 0.0265625
6 0.81953125 0.19140625 0.00859375 0.028125
6 0.89375 0.15078125 0.00546875 0.0296875
6 0.88828125 0.15078125 0.00703125 0.0265625
6 0.95625 0.096875 0.00546875 0.0234375
6 0.9359375 0.115625 0.00546875 0.025
10 0.53046875 0.22890625 0.046875 0.0546875
10 0.528125 0.19609375 0.0375 0.03828125
3 0.61953125 0.221875 0.04765625 0.0359375
3 0.68203125 0.1875 0.03828125 0.046875
3 0.8484375 0.146875 0.02578125 0.02421875
3 0.86484375 0.1359375 0.02265625 0.021875
3 0.8765625 0.12890625 0.0203125 0.01953125
3 0.88984375 0.12109375 0.01953125 0.021875
3 0.840625 0.10859375 0.0265625 0.025
3 0.8484375 0.1015625 0.028125 0.02109375
3 0.87265625 0.09453125 0.0265625 0.02421875
3 0.884375 0.0859375 0.021875 0.02109375
6 0.9203125 0.30390625 0.009375 0.03515625
6 0.98828125 0.19609375 0.00703125 0.03203125
6 0.96484375 0.20546875 0.00625 0.0296875