3 0.38671875 0.4828125 0.05 0.065625
3 0.4234375 0.5984375 0.0359375 0.0453125
3 0.45078125 0.4875 0.046875 0.065625
3 0.46640625 0.5703125 0.0375 0.0484375
3 0.446875 0.6734375 0.034375 0.0390625
3 0.4515625 0.84375 0.0171875 0.021875
3 0.5140625 0.67421875 0.025 0.03125
3 0.51796875 0.73828125 0.0234375 0.028125
3 0.50546875 0.81640625 0.0171875 0.01875
3 0.5265625 0.8125 0.015625 0.0203125
3 0.50390625 0.790625 0.0203125 0.0234375
3 0.47890625 0.7671875 0.0203125 0.025
3 0.47578125 0.64375 0.0296875 0.04375
10 0.4234375 0.3546875 0.0734375 0.1046875
9 0.4859375 0.7171875 0.0375 0.0609375
9 0.49609375 0.75859375 0.0296875 0.04375
3 0.51796875 0.85390625 0.0109375 0.0171875
3 0.5359375 0.88828125 0.0109375 0.0125
3 0.51953125 0.89453125 0.0109375 0.0125
3 0.51796875 0.8703125 0.0140625 0.0140625
3 0.51875 0.88359375 0.0109375 0.0125
3 0.52421875 0.9015625 0.0109375 0.0109375
3 0.521875 0.9109375 0.0109375 0.0078125
3 0.5265625 0.9234375 0.009375 0.0140625
3 0.54140625 0.925 0.0125 0.0171875
3 0.42734375 0.98359375 0.0140625 0.0125
3 0.53359375 0.87578125 0.0125 0.0171875
3 0.5328125 0.86015625 0.015625 0.01875
3 0.51171875 0.8421875 0.0171875 0.021875
3 0.4953125 0.8859375 0.0125 0.0140625
3 0.503125 0.95625 0.009375 0.0140625
9 0.48984375 0.95 0.0140625 0.0203125
3 0.49453125 0.95390625 0.0078125 0.0125
3 0.45625 0.94765625 0.015625 0.015625
3 0.48828125 0.92734375 0.009375 0.0109375
3 0.49921875 0.9375 0.0078125 0.0125
3 0.4875 0.9046875 0.0125 0.015625
10 0.47890625 0.9171875 0.0109375 0.0171875
3 0.50859375 0.86015625 0.015625 0.0171875
3 0.50625 0.88828125 0.015625 0.0171875
10 0.53828125 0.9046875 0.0140625 0.0203125
3 0.5078125 0.91328125 0.009375 0.0171875
3 0.51171875 0.92265625 0.0078125 0.0109375
3 0.5109375 0.9296875 0.0125 0.0140625
3 0.353125 0.9328125 0.0125 0.0140625
3 0.38515625 0.93359375 0.015625 0.015625
3 0.4015625 0.9375 0.015625 0.015625
3 0.31875 0.92890625 0.01875 0.015625
3 0.221875 0.915625 0.0109375 0.0109375
3 0.18046875 0.909375 0.0171875 0.01875
3 0.20546875 0.91015625 0.01875 0.015625
3 0.28828125 0.96015625 0.0109375 0.009375