3 0.49921875 0.36015625 0.046875 0.0796875
3 0.52578125 0.35390625 0.05 0.09375
3 0.540625 0.45625 0.0375 0.065625
3 0.56953125 0.53984375 0.0375 0.0578125
3 0.59609375 0.6 0.03125 0.046875
3 0.61484375 0.640625 0.0328125 0.0484375
3 0.63125 0.684375 0.025 0.040625
3 0.6484375 0.71171875 0.025 0.040625
3 0.65625 0.74765625 0.0234375 0.034375
3 0.728125 0.72578125 0.0203125 0.0328125
3 0.69609375 0.7125 0.0203125 0.0328125
3 0.6953125 0.54921875 0.0265625 0.0484375
3 0.75078125 0.53671875 0.03125 0.0515625
3 0.725 0.45546875 0.0375 0.0640625
3 0.7078125 0.33828125 0.040625 0.075
3 0.653125 0.33046875 0.05625 0.0859375
0 0.71171875 0.25234375 0.03125 0.0515625
8 0.7046875 0.509375 0.0234375 0.0484375
7 0.70234375 0.5046875 0.0125 0.0234375
2 0.71171875 0.653125 0.040625 0.084375
3 0.753125 0.81015625 0.0171875 0.025
3 0.784375 0.81875 0.0203125 0.0328125
3 0.815625 0.86640625 0.0140625 0.0234375
3 0.7953125 0.875 0.0140625 0.0234375
3 0.7765625 0.8875 0.0140625 0.0203125
10 0.77265625 0.921875 0.0140625 0.0203125
10 0.69921875 0.85 0.015625 0.0265625
3 0.6875 0.8484375 0.015625 0.0234375
3 0.70390625 0.865625 0.0140625 0.0203125
3 0.7140625 0.88828125 0.0140625 0.0203125
3 0.7171875 0.90390625 0.0234375 0.0234375
3 0.72421875 0.91484375 0.0140625 0.0171875
3 0.73203125 0.93359375 0.0125 0.0171875
3 0.82421875 0.3265625 0.0484375 0.075
3 0.83203125 0.40546875 0.0484375 0.06875
3 0.83125 0.46484375 0.034375 0.0546875
3 0.865625 0.515625 0.0484375 0.04375
3 0.8328125 0.54375 0.0296875 0.046875
3 0.84453125 0.72265625 0.0234375 0.034375
3 0.84609375 0.75625 0.01875 0.0296875
10 0.85 0.84296875 0.015625 0.025
3 0.85078125 0.8640625 0.015625 0.0203125
10 0.8546875 0.87734375 0.0171875 0.025
10 0.853125 0.9 0.0140625 0.0234375
10 0.6453125 0.8171875 0.034375 0.034375
3 0.6671875 0.8625 0.015625 0.0234375
0 0.828125 0.21640625 0.0203125 0.0359375