8 0.4265625 0.85625 0.05 0.01875
3 0.39921875 0.8203125 0.0640625 0.01875
3 0.28984375 0.80859375 0.04375 0.015625
3 0.25390625 0.82421875 0.04375 0.015625
3 0.184375 0.8 0.025 0.0109375
3 0.171875 0.7640625 0.01875 0.0109375
10 0.134375 0.796875 0.021875 0.0078125
3 0.12890625 0.76640625 0.015625 0.0078125
3 0.09296875 0.78203125 0.0140625 0.00625
3 0.065625 0.78046875 0.009375 0.00625
10 0.0765625 0.76015625 0.0125 0.00625
3 0.05625 0.80546875 0.009375 0.00625
3 0.0640625 0.73515625 0.009375 0.0125
3 0.053125 0.73515625 0.009375 0.00625
6 0.14296875 0.7 0.0125 0.003125
7 0.2640625 0.790625 0.015625 0.0046875
4 0.26953125 0.790625 0.01875 0.0046875
3 0.2453125 0.74453125 0.0296875 0.0125
8 0.26171875 0.7234375 0.025 0.009375
7 0.25390625 0.725 0.009375 0.003125
6 0.27734375 0.6109375 0.01875 0.00625
6 0.2984375 0.50546875 0.01875 0.00625
3 0.4359375 0.68515625 0.065625 0.025
3 0.334375 0.70546875 0.046875 0.021875
3 0.3 0.96875 0.03125 0.034375
9 0.30546875 0.934375 0.05 0.0484375
7 0.1140625 0.803125 0.009375 0.003125
8 0.1171875 0.80234375 0.009375 0.003125
3 0.18046875 0.5828125 0.015625 0.025
3 0.159375 0.55390625 0.015625 0.021875
6 0.1359375 0.51484375 0.0140625 0.003125
3 0.14375 0.51015625 0.01875 0.01875