3 0.53203125 0.659375 0.1046875 0.0546875
3 0.21953125 0.7140625 0.0296875 0.021875
3 0.271875 0.6671875 0.0390625 0.028125
3 0.2609375 0.7265625 0.040625 0.025
3 0.278125 0.7578125 0.04375 0.025
3 0.125 0.81484375 0.025 0.015625
10 0.03671875 0.878125 0.025 0.009375
3 0.10625 0.784375 0.01875 0.0140625
3 0.0421875 0.8234375 0.0140625 0.015625
3 0.04453125 0.80390625 0.0125 0.009375
3 0.0171875 0.8234375 0.0125 0.009375
3 0.140625 0.75546875 0.025 0.0203125
3 0.2125 0.75859375 0.0375 0.0234375
3 0.0140625 0.8390625 0.009375 0.009375
6 0.47890625 0.83046875 0.0390625 0.0125
5 0.62265625 0.91171875 0.153125 0.13125
6 0.19375 0.85546875 0.0265625 0.00625
1 0.21953125 0.859375 0.0234375 0.00625
6 0.2078125 0.85859375 0.028125 0.00625
6 0.53203125 0.8453125 0.05 0.0140625
6 0.5359375 0.82890625 0.05 0.0125
6 0.56171875 0.9921875 0.05 0.0140625
6 0.50859375 0.96015625 0.04375 0.015625
4 0.51875 0.96171875 0.0515625 0.0203125
1 0.5859375 0.884375 0.04375 0.01875
1 0.31875 0.940625 0.03125 0.0140625
6 0.17265625 0.8578125 0.0203125 0.00625
6 0.03515625 0.77890625 0.0125 0.003125
6 0.18203125 0.8625 0.028125 0.00625
3 0.1484375 0.3375 0.025 0.028125
3 0.14375 0.3546875 0.0234375 0.025
3 0.13203125 0.340625 0.025 0.028125
3 0.12421875 0.35703125 0.015625 0.021875
3 0.11953125 0.36171875 0.015625 0.021875
3 0.13828125 0.365625 0.01875 0.021875
10 0.1171875 0.40546875 0.021875 0.0234375
10 0.1125 0.415625 0.021875 0.021875
3 0.11171875 0.3890625 0.021875 0.021875
10 0.1 0.4046875 0.0203125 0.0203125
10 0.096875 0.41640625 0.0234375 0.025
3 0.11171875 0.42734375 0.01875 0.021875
3 0.09609375 0.43046875 0.015625 0.0171875
3 0.10546875 0.43984375 0.021875 0.021875
3 0.10078125 0.4515625 0.0203125 0.01875
3 0.09765625 0.46015625 0.01875 0.021875
3 0.09140625 0.43671875 0.0140625 0.01875
3 0.0890625 0.4453125 0.015625 0.01875
3 0.08515625 0.45390625 0.01875 0.021875
4 0.09453125 0.35078125 0.0125 0.009375
8 0.0859375 0.37109375 0.015625 0.0125
8 0.0890625 0.38125 0.0140625 0.0125
3 0.08515625 0.3859375 0.015625 0.021875
3 0.0765625 0.403125 0.015625 0.01875
3 0.071875 0.41484375 0.015625 0.01875
10 0.065625 0.42265625 0.01875 0.01875
3 0.06484375 0.43359375 0.015625 0.01875
3 0.0625 0.44296875 0.015625 0.01875
10 0.05546875 0.44921875 0.01875 0.01875
3 0.0515625 0.46796875 0.015625 0.01875
10 0.0484375 0.475 0.015625 0.01875
10 0.04296875 0.496875 0.015625 0.015625
3 0.090625 0.47265625 0.01875 0.021875
3 0.0796875 0.4640625 0.015625 0.01875
10 0.075 0.47109375 0.01875 0.01875
10 0.07109375 0.48125 0.01875 0.0171875
10 0.06171875 0.50546875 0.01875 0.015625
3 0.03828125 0.51015625 0.0109375 0.015625
3 0.03203125 0.51796875 0.0125 0.015625
3 0.03203125 0.52265625 0.0125 0.015625
3 0.05625 0.51953125 0.015625 0.01875
3 0.05234375 0.53359375 0.015625 0.015625
3 0.04609375 0.54765625 0.0125 0.015625
10 0.01875 0.60234375 0.0140625 0.0140625
3 0.03671875 0.5921875 0.0125 0.0125
3 0.00703125 0.5953125 0.0109375 0.0125
3 0.00859375 0.584375 0.009375 0.0109375
3 0.01171875 0.7 0.0109375 0.0171875
3 0.0125 0.6875 0.009375 0.015625
3 0.00703125 0.6421875 0.009375 0.0125
3 0.0421875 0.559375 0.0125 0.0125
3 0.040625 0.58203125 0.0125 0.015625
1 0.63359375 0.79921875 0.0375 0.0296875
3 0.21796875 0.671875 0.034375 0.028125
10 0.34296875 0.73046875 0.084375 0.0390625
9 0.3375 0.6890625 0.06875 0.04375
10 0.0875 0.74765625 0.021875 0.0125
7 0.47890625 0.8140625 0.015625 0.00625