3 0.46640625 0.00625 0.0109375 0.0125
3 0.45234375 0.01953125 0.01015625 0.015625
3 0.43359375 0.02265625 0.0109375 0.01796875
3 0.43359375 0.04375 0.009375 0.01640625
3 0.43125 0.05859375 0.01328125 0.01875
3 0.44609375 0.06171875 0.01328125 0.0234375
3 0.425 0.078125 0.0125 0.02109375
3 0.44375 0.0796875 0.01328125 0.01875
3 0.4421875 0.13125 0.01484375 0.02578125
6 0.52421875 0.2578125 0.00703125 0.03046875
6 0.53203125 0.2578125 0.00703125 0.03046875
10 0.41875 0.0390625 0.01484375 0.025
3 0.36171875 0.01796875 0.0125 0.01875
3 0.37890625 0.02109375 0.01171875 0.01875
3 0.3890625 0.0359375 0.0125 0.01875
3 0.35 0.04375 0.01484375 0.02109375
3 0.36484375 0.05078125 0.01328125 0.0203125
3 0.36796875 0.071875 0.01484375 0.0203125
3 0.32109375 0.096875 0.01875 0.0296875
3 0.34375 0.153125 0.01875 0.0296875
2 0.309375 0.2203125 0.04296875 0.08515625
3 0.40703125 0.0453125 0.01171875 0.01875
9 0.4015625 0.0703125 0.02421875 0.059375
3 0.39140625 0.103125 0.0140625 0.0203125
10 0.3890625 0.11328125 0.01484375 0.02421875
3 0.3875 0.134375 0.01640625 0.02578125
3 0.37890625 0.153125 0.01796875 0.028125
3 0.37578125 0.18125 0.01953125 0.0296875
3 0.36953125 0.20234375 0.01796875 0.02890625
3 0.35703125 0.23125 0.02109375 0.03359375
10 0.34765625 0.25625 0.025 0.05078125
3 0.340625 0.30546875 0.02734375 0.04140625
3 0.346875 0.3375 0.04296875 0.04140625
3 0.43046875 0.2015625 0.01875 0.03359375
3 0.459375 0.228125 0.01953125 0.03203125
3 0.31328125 0.409375 0.03203125 0.04921875
3 0.303125 0.47109375 0.0390625 0.06796875
3 0.27265625 0.54921875 0.040625 0.07421875
3 0.25625 0.65625 0.05390625 0.10859375
9 0.82890625 0.08359375 0.02578125 0.034375
3 0.8671875 0.10078125 0.03203125 0.0203125
9 0.86640625 0.11796875 0.040625 0.04140625
4 0.890625 0.16796875 0.01484375 0.021875
4 0.9109375 0.1828125 0.01484375 0.01953125
3 0.8734375 0.0109375 0.01328125 0.01484375
3 0.88671875 0.0125 0.01171875 0.015625
3 0.44921875 0.43828125 0.02890625 0.0546875
3 0.20078125 0.89296875 0.08046875 0.13203125