6 0.76484375 0.80390625 0.0359375 0.0203125
6 0.753125 0.80234375 0.021875 0.0125
6 0.88515625 0.53515625 0.0203125 0.0125
6 0.87890625 0.60234375 0.021875 0.009375
6 0.87109375 0.6109375 0.025 0.0109375
6 0.875 0.62890625 0.0234375 0.015625
6 0.9 0.62109375 0.0203125 0.0125
6 0.84375 0.671875 0.034375 0.0171875
6 0.83359375 0.6609375 0.0203125 0.0140625
6 0.8515625 0.70078125 0.0234375 0.0109375
6 0.87734375 0.69140625 0.028125 0.015625
6 0.875 0.5265625 0.0203125 0.0125
7 0.9296875 0.73828125 0.0203125 0.0125
7 0.94375 0.7171875 0.021875 0.0125
7 0.9171875 0.7015625 0.0234375 0.0125
7 0.92109375 0.69765625 0.028125 0.015625
7 0.928125 0.690625 0.025 0.0140625
7 0.92421875 0.684375 0.0265625 0.0171875
6 0.91484375 0.7140625 0.0265625 0.015625
6 0.909375 0.71875 0.021875 0.0125