7 0.2078125 0.25390625 0.00703125 0.0203125
4 0.209375 0.265625 0.015625 0.02421875
4 0.034375 0.39921875 0.02421875 0.02578125
3 0.10078125 0.4765625 0.04296875 0.04609375
3 0.09140625 0.378125 0.04609375 0.0765625
9 0.1765625 0.36953125 0.03046875 0.08046875
3 0.2484375 0.43828125 0.02890625 0.0953125
4 0.10625 0.25078125 0.01328125 0.02890625
3 0.14296875 0.259375 0.0359375 0.0484375
3 0.17109375 0.30078125 0.025 0.05
3 0.1921875 0.23125 0.02109375 0.046875
3 0.2546875 0.25859375 0.01796875 0.04296875
10 0.34140625 0.36171875 0.04296875 0.059375
9 0.29375 0.27734375 0.0296875 0.103125
3 0.22578125 0.2 0.01796875 0.03515625
9 0.18515625 0.1640625 0.01640625 0.03046875
3 0.16015625 0.16796875 0.01796875 0.0296875
3 0.24140625 0.1515625 0.015625 0.02890625
3 0.2125 0.16484375 0.01640625 0.03125
3 0.31953125 0.19140625 0.03359375 0.03203125
3 0.3484375 0.334375 0.03828125 0.03984375
3 0.3453125 0.28515625 0.0390625 0.05
3 0.34453125 0.2609375 0.03359375 0.04296875
4 0.415625 0.4265625 0.02265625 0.028125
4 0.4078125 0.37421875 0.021875 0.03046875
1 0.42421875 0.38671875 0.01796875 0.02890625
3 0.25 0.11875 0.01875 0.01796875
3 0.1796875 0.103125 0.01953125 0.01640625
7 0.14296875 0.15390625 0.0046875 0.02421875
7 0.1484375 0.1484375 0.00703125 0.021875
3 0.20234375 0.128125 0.01953125 0.025
8 0.2453125 0.06796875 0.01015625 0.021875
3 0.22578125 0.1234375 0.01328125 0.02890625
3 0.2328125 0.0984375 0.0140625 0.0296875
3 0.259375 0.07109375 0.01015625 0.0203125
3 0.28515625 0.053125 0.01015625 0.01875
8 0.2125 0.04609375 0.00859375 0.0140625
3 0.19140625 0.04609375 0.01171875 0.015625
3 0.22265625 0.03046875 0.01484375 0.01484375
3 0.24765625 0.015625 0.0140625 0.01484375
3 0.19375 0.0359375 0.01171875 0.01171875
3 0.1984375 0.02890625 0.0109375 0.01484375
8 0.20859375 0.00625 0.00859375 0.01015625
3 0.1921875 0.00546875 0.00859375 0.01015625
3 0.2734375 0.021875 0.01640625 0.0140625
7 0.26171875 0.01953125 0.00390625 0.01171875
6 0.265625 0.01953125 0.00234375 0.01484375
6 0.26875 0.01328125 0.0015625 0.01015625
6 0.2703125 0.01328125 0.00234375 0.009375