3 0.59375 0.3421875 0.08125 0.0984375
3 0.52578125 0.5546875 0.0609375 0.05625
3 0.471875 0.63125 0.028125 0.0390625
3 0.371875 0.57734375 0.0296875 0.0484375
3 0.32578125 0.6140625 0.021875 0.04375
3 0.24296875 0.5453125 0.0359375 0.06875
3 0.2671875 0.6546875 0.021875 0.040625
3 0.33203125 0.76640625 0.0125 0.025
3 0.29765625 0.76953125 0.015625 0.025
10 0.3125 0.79609375 0.01875 0.01875
3 0.13984375 0.8359375 0.009375 0.0125
3 0.15625 0.83515625 0.0125 0.0125
3 0.17890625 0.83515625 0.01875 0.0140625
3 0.16796875 0.8234375 0.0234375 0.0125
3 0.1671875 0.81328125 0.025 0.015625
3 0.2109375 0.834375 0.0125 0.0140625
3 0.2375 0.834375 0.00625 0.0125
3 0.24765625 0.83671875 0.015625 0.0109375
3 0.2625 0.8390625 0.0078125 0.0125
3 0.2375 0.85859375 0.009375 0.0140625
3 0.265625 0.84453125 0.00625 0.0125
3 0.26875 0.8484375 0.0078125 0.0125
3 0.27109375 0.853125 0.00625 0.0125
3 0.26171875 0.87421875 0.0125 0.00625
3 0.26796875 0.86328125 0.00625 0.009375
3 0.27421875 0.8703125 0.009375 0.009375
3 0.278125 0.8625 0.00625 0.0109375
3 0.2765625 0.8578125 0.00625 0.0109375
3 0.27265625 0.853125 0.00625 0.009375
3 0.315625 0.86875 0.0046875 0.009375
3 0.32578125 0.87109375 0.0046875 0.009375
3 0.34296875 0.85390625 0.00625 0.009375
3 0.34375 0.86796875 0.00625 0.009375
3 0.33671875 0.8890625 0.0046875 0.009375
3 0.34375 0.89453125 0.003125 0.00625
3 0.3359375 0.903125 0.003125 0.0046875
3 0.33984375 0.90859375 0.003125 0.00625
3 0.33203125 0.9109375 0.003125 0.003125
3 0.32890625 0.9125 0.003125 0.003125
3 0.3359375 0.91953125 0.0015625 0.003125
3 0.33203125 0.921875 0.003125 0.003125
3 0.3125 0.8828125 0.00625 0.009375
3 0.275 0.878125 0.00625 0.00625
3 0.225 0.83671875 0.00625 0.0125
9 0.12578125 0.83828125 0.009375 0.01875
3 0.1109375 0.778125 0.01875 0.021875
3 0.1296875 0.7796875 0.028125 0.025
3 0.1453125 0.77421875 0.0234375 0.0203125
3 0.184375 0.725 0.025 0.028125
3 0.18515625 0.74140625 0.034375 0.025
3 0.18046875 0.75859375 0.03125 0.0203125
3 0.1765625 0.775 0.028125 0.015625
3 0.14453125 0.70703125 0.046875 0.0328125
3 0.1421875 0.6921875 0.046875 0.0359375
3 0.13046875 0.65703125 0.0359375 0.0515625
3 0.38359375 0.81484375 0.021875 0.01875
3 0.45703125 0.81328125 0.021875 0.015625
3 0.4453125 0.8421875 0.015625 0.0125
3 0.459375 0.83984375 0.0125 0.0140625
3 0.47109375 0.83515625 0.0125 0.0125
3 0.4671875 0.815625 0.015625 0.0125
3 0.49609375 0.8125 0.021875 0.015625
3 0.50625 0.81484375 0.0171875 0.0109375
3 0.5265625 0.81171875 0.021875 0.0140625
3 0.51171875 0.7875 0.0265625 0.015625
3 0.49765625 0.784375 0.025 0.015625
3 0.4796875 0.78125 0.0265625 0.01875
3 0.4734375 0.7765625 0.0265625 0.01875
3 0.4328125 0.7609375 0.01875 0.0203125
6 0.42578125 0.74296875 0.015625 0.021875
3 0.4296875 0.72265625 0.015625 0.025
3 0.4578125 0.6734375 0.0203125 0.03125
3 0.4453125 0.703125 0.015625 0.0296875
6 0.5515625 0.78359375 0.0046875 0.01875
6 0.55 0.7546875 0.0046875 0.021875
3 0.55703125 0.75625 0.00625 0.01875
6 0.50703125 0.76484375 0.003125 0.01875
6 0.5015625 0.7640625 0.0015625 0.015625
6 0.50390625 0.76171875 0.003125 0.01875
10 0.48828125 0.72109375 0.0390625 0.028125
8 0.6546875 0.59296875 0.03125 0.0484375
4 0.64453125 0.63203125 0.0203125 0.025
1 0.665625 0.65625 0.01875 0.0203125
6 0.6140625 0.71171875 0.00625 0.028125
6 0.63046875 0.3796875 0.0140625 0.05625