3 0.78828125 0.4484375 0.0671875 0.0453125
3 0.665625 0.47421875 0.04375 0.0265625
3 0.9171875 0.34140625 0.1015625 0.0796875
3 0.84453125 0.35859375 0.090625 0.0625
3 0.67734375 0.43671875 0.040625 0.0296875
3 0.6484375 0.44609375 0.0328125 0.021875
3 0.6984375 0.39921875 0.04375 0.0296875
3 0.6796875 0.40078125 0.034375 0.03125
3 0.6421875 0.4109375 0.0296875 0.021875
3 0.62265625 0.44140625 0.0296875 0.01875
3 0.58359375 0.46171875 0.0203125 0.0140625
3 0.60234375 0.4421875 0.0203125 0.0140625
3 0.58515625 0.440625 0.0203125 0.0140625
3 0.575 0.45546875 0.0171875 0.0140625
3 0.56171875 0.4484375 0.0140625 0.0109375
3 0.56484375 0.4765625 0.0171875 0.0109375
6 0.63671875 0.38984375 0.028125 0.009375
1 0.63515625 0.4796875 0.015625 0.0078125
1 0.6328125 0.4890625 0.0203125 0.009375
1 0.6546875 0.4953125 0.01875 0.00625
1 0.6484375 0.49921875 0.01875 0.00625
1 0.63046875 0.49765625 0.015625 0.0078125
1 0.62421875 0.49296875 0.015625 0.0078125
6 0.6296875 0.47890625 0.01875 0.0046875
6 0.64453125 0.49375 0.0203125 0.009375
6 0.6375 0.4984375 0.0203125 0.00625
6 0.62421875 0.4875 0.01875 0.0046875
6 0.6171875 0.49296875 0.015625 0.0046875
6 0.5609375 0.465625 0.0125 0.0046875
1 0.56484375 0.46640625 0.0109375 0.0046875
1 0.70703125 0.534375 0.028125 0.009375
6 0.6953125 0.5328125 0.028125 0.0125
1 0.7234375 0.39921875 0.0359375 0.0140625
6 0.715625 0.39921875 0.0421875 0.0140625
6 0.87890625 0.2984375 0.078125 0.025
1 0.80625 0.31875 0.040625 0.0359375
1 0.72109375 0.353125 0.0296875 0.021875
1 0.7046875 0.36328125 0.0328125 0.015625
10 0.79453125 0.63125 0.0703125 0.0453125
9 0.70234375 0.60234375 0.1125 0.046875