10 0.66875 0.671875 0.07890625 0.0703125
3 0.68203125 0.62578125 0.05234375 0.0515625
3 0.68515625 0.56328125 0.046875 0.06796875
3 0.67421875 0.51328125 0.05078125 0.07109375
3 0.621875 0.55625 0.06171875 0.08828125
3 0.55546875 0.54453125 0.03828125 0.08046875
10 0.4984375 0.53203125 0.03671875 0.08828125
6 0.48828125 0.48671875 0.01015625 0.040625
10 0.44140625 0.425 0.02578125 0.0609375
4 0.47109375 0.42421875 0.02109375 0.0265625
3 0.4015625 0.353125 0.02265625 0.04375
3 0.34921875 0.43359375 0.02578125 0.05703125
3 0.3453125 0.33515625 0.021875 0.04453125
3 0.3453125 0.2640625 0.01796875 0.034375
3 0.33671875 0.215625 0.01640625 0.03125
3 0.32890625 0.18359375 0.01640625 0.0265625
3 0.30859375 0.171875 0.01484375 0.0296875
3 0.35078125 0.1515625 0.01484375 0.021875
3 0.3171875 0.0984375 0.01015625 0.0203125
3 0.31953125 0.071875 0.01015625 0.01796875
9 0.3203125 0.04609375 0.0109375 0.0265625
9 0.321875 0.01953125 0.0109375 0.021875
3 0.32109375 0.0109375 0.00703125 0.0109375
3 0.33203125 0.009375 0.00703125 0.01171875
9 0.37578125 0.19453125 0.02578125 0.05546875
9 0.3859375 0.22578125 0.0234375 0.053125
4 0.40390625 0.65703125 0.02890625 0.03515625
7 0.40390625 0.65703125 0.01328125 0.0515625
7 0.4140625 0.653125 0.00859375 0.03828125
2 0.34765625 0.6296875 0.05625 0.15703125
3 0.2796875 0.578125 0.034375 0.09921875
3 0.23046875 0.49296875 0.03359375 0.08125
3 0.29765625 0.4140625 0.03203125 0.07890625
3 0.24609375 0.39375 0.0265625 0.071875
3 0.28984375 0.29375 0.02421875 0.05
3 0.2671875 0.23515625 0.01796875 0.028125
6 0.27890625 0.2515625 0.00546875 0.0265625
7 0.30859375 0.25390625 0.00625 0.021875
4 0.30859375 0.259375 0.00546875 0.0234375
3 0.42421875 0.2640625 0.03515625 0.03828125
3 0.41640625 0.21953125 0.0375 0.028125
10 0.35859375 0.0890625 0.0125 0.02890625
3 0.371875 0.08359375 0.021875 0.02109375
3 0.359375 0.071875 0.01015625 0.0140625
3 0.3734375 0.07109375 0.0171875 0.015625
3 0.37109375 0.0625 0.0171875 0.0140625
9 0.35625 0.009375 0.015625 0.01875
6 0.3421875 0.1125 0.0046875 0.01796875
3 0.2875 0.11875 0.0125 0.02421875
3 0.259375 0.1109375 0.028125 0.01953125
3 0.26796875 0.10390625 0.02734375 0.01875
3 0.2640625 0.09609375 0.02109375 0.0140625
3 0.275 0.09296875 0.0234375 0.01640625
3 0.28046875 0.0890625 0.02265625 0.01796875
3 0.27109375 0.08125 0.02265625 0.01875
3 0.25234375 0.078125 0.02421875 0.01640625
3 0.27265625 0.075 0.02265625 0.01328125
10 0.27578125 0.06953125 0.02421875 0.0203125
3 0.2890625 0.06796875 0.01953125 0.015625
9 0.28046875 0.0484375 0.02734375 0.0234375
3 0.28125 0.05546875 0.02109375 0.015625
3 0.27890625 0.06015625 0.021875 0.01328125
3 0.23828125 0.0609375 0.01015625 0.01640625
2 0.3 0.03046875 0.01171875 0.0234375
10 0.08359375 0.59140625 0.053125 0.09921875
3 0.01796875 0.5234375 0.03515625 0.08828125
3 0.13671875 0.421875 0.0375 0.0734375
4 0.04140625 0.41171875 0.02421875 0.0265625
4 0.071875 0.371875 0.0234375 0.028125
4 0.07890625 0.35859375 0.02265625 0.02578125
4 0.07421875 0.36796875 0.01796875 0.0203125
6 0.10078125 0.20546875 0.009375 0.025
6 0.02890625 0.228125 0.01015625 0.02578125
6 0.03046875 0.22109375 0.00859375 0.025
10 0.04921875 0.09296875 0.01796875 0.025
3 0.0453125 0.0609375 0.0265625 0.01640625
3 0.01953125 0.06796875 0.015625 0.01875
3 0.02109375 0.0859375 0.01484375 0.02109375
3 0.00546875 0.1046875 0.0109375 0.021875
3 0.00625 0.06875 0.0125 0.01796875
4 0.69765625 0.446875 0.01484375 0.03046875
7 0.359375 0.21484375 0.00546875 0.01875
8 0.36015625 0.2234375 0.00703125 0.02421875
3 0.284375 0.02890625 0.0171875 0.01171875
3 0.2796875 0.021875 0.0140625 0.01171875
3 0.2859375 0.009375 0.01484375 0.0140625
9 0.303125 0.015625 0.0109375 0.01953125
6 0.36015625 0.1640625 0.003125 0.02109375
6 0.36328125 0.1640625 0.003125 0.02109375
6 0.3609375 0.16484375 0.00234375 0.021875
6 0.38828125 0.1859375 0.00390625 0.021875
6 0.39609375 0.18671875 0.00390625 0.021875
6 0.4 0.18046875 0.00390625 0.01640625
6 0.396875 0.17421875 0.00390625 0.0203125
4 0.3609375 0.14375 0.00703125 0.015625