3 0.15625 0.0484375 0.09375 0.096875
10 0.090625 0.25703125 0.1 0.1203125
3 0.22578125 0.3359375 0.15625 0.13125
3 0.28828125 0.709375 0.1046875 0.084375
3 0.27421875 0.89296875 0.0734375 0.0640625
3 0.07578125 0.42890625 0.1515625 0.1140625
3 0.2578125 0.49921875 0.121875 0.1234375
3 0.5046875 0.62890625 0.0703125 0.0828125
6 0.5734375 0.70625 0.034375 0.0171875
7 0.5359375 0.70546875 0.0359375 0.0203125
4 0.528125 0.70234375 0.0328125 0.021875
3 0.43046875 0.865625 0.065625 0.05625
2 0.64140625 0.92421875 0.0921875 0.0796875
6 0.64921875 0.86328125 0.034375 0.0171875
7 0.653125 0.86875 0.025 0.0109375
7 0.65390625 0.871875 0.0171875 0.0109375
6 0.64296875 0.87734375 0.0265625 0.0140625
6 0.65546875 0.8828125 0.03125 0.015625
6 0.63828125 0.88515625 0.028125 0.0140625
6 0.63828125 0.890625 0.03125 0.015625
3 0.6015625 0.96875 0.040625 0.034375
3 0.67421875 0.97265625 0.0328125 0.0296875
3 0.68125 0.9859375 0.03125 0.028125
3 0.6875 0.996875 0.03125 0.00625
3 0.7484375 0.08984375 0.075 0.08125
10 0.76484375 0.0859375 0.0671875 0.0625
3 0.78984375 0.0875 0.053125 0.0484375
3 0.81015625 0.153125 0.0625 0.0765625
10 0.79140625 0.15859375 0.06875 0.075
3 0.76953125 0.165625 0.065625 0.075
10 0.753125 0.1765625 0.0609375 0.0671875
6 0.875 0.34765625 0.028125 0.0140625
3 0.85234375 0.35546875 0.040625 0.0421875
6 0.85390625 0.3765625 0.025 0.0109375
3 0.81328125 0.29296875 0.05625 0.0640625
10 0.79296875 0.30859375 0.0515625 0.059375
10 0.7828125 0.31953125 0.0515625 0.0578125
10 0.7640625 0.3296875 0.0609375 0.0640625
6 0.91328125 0.41875 0.0203125 0.0125
1 0.9234375 0.41171875 0.0203125 0.0125
4 0.9203125 0.4421875 0.0203125 0.0140625
1 0.92109375 0.43515625 0.0203125 0.0140625
7 0.91953125 0.4546875 0.0171875 0.0109375
6 0.91875 0.47421875 0.021875 0.009375
3 0.86953125 0.403125 0.040625 0.0453125
10 0.85859375 0.4171875 0.034375 0.0328125
10 0.84765625 0.43046875 0.04375 0.0453125
3 0.83125 0.4375 0.0453125 0.05
3 0.821875 0.44921875 0.0421875 0.0484375
3 0.8109375 0.46015625 0.04375 0.046875
10 0.86953125 0.45078125 0.0359375 0.040625
3 0.85546875 0.46171875 0.034375 0.0390625
3 0.8375 0.48359375 0.04375 0.0453125
3 0.82109375 0.4953125 0.0359375 0.040625
10 0.8453125 0.50703125 0.0375 0.0421875
3 0.8703125 0.5234375 0.034375 0.0390625
10 0.86015625 0.53359375 0.0375 0.0359375
3 0.846875 0.54609375 0.0375 0.04375
3 0.8296875 0.596875 0.0375 0.0421875
3 0.81484375 0.61328125 0.034375 0.040625
3 0.79921875 0.59140625 0.0421875 0.040625
3 0.86796875 0.559375 0.034375 0.040625
3 0.85859375 0.56640625 0.0328125 0.0375
3 0.86640625 0.61640625 0.028125 0.028125
10 0.859375 0.62578125 0.0359375 0.0359375
3 0.84609375 0.6390625 0.034375 0.0375
3 0.834375 0.653125 0.0328125 0.034375
3 0.8609375 0.6484375 0.0296875 0.03125
3 0.853125 0.6546875 0.03125 0.03125
3 0.84296875 0.6671875 0.0296875 0.0328125
3 0.83203125 0.67578125 0.028125 0.0328125
7 0.89609375 0.66640625 0.0140625 0.0078125
7 0.89765625 0.6703125 0.0140625 0.0078125
7 0.8875 0.68125 0.009375 0.00625
10 0.86015625 0.69609375 0.03125 0.028125
3 0.8515625 0.70546875 0.028125 0.028125
3 0.8421875 0.7171875 0.028125 0.03125
3 0.8578125 0.72109375 0.0234375 0.025
6 0.8921875 0.721875 0.01875 0.009375
6 0.8875 0.72578125 0.01875 0.009375
3 0.83984375 0.740625 0.0296875 0.0328125
6 0.8828125 0.78125 0.0140625 0.0078125
10 0.84765625 0.7734375 0.0265625 0.025
3 0.8390625 0.78515625 0.025 0.0296875