6 0.0953125 0.35390625 0.03828125 0.12421875
6 0.184375 0.4328125 0.03359375 0.134375
6 0.290625 0.29921875 0.03671875 0.10703125
6 0.34765625 0.35859375 0.02734375 0.13515625
6 0.428125 0.41953125 0.0421875 0.15703125
6 0.39921875 0.37734375 0.0453125 0.1265625
7 0.48359375 0.25859375 0.02109375 0.05859375
7 0.459375 0.2515625 0.02265625 0.05
6 0.23671875 0.17109375 0.015625 0.06953125
6 0.421875 0.15625 0.01640625 0.07421875
6 0.46484375 0.17421875 0.01640625 0.0765625
6 0.4765625 0.15546875 0.0171875 0.075
6 0.4828125 0.1484375 0.0203125 0.06875
6 0.4265625 0.14375 0.01328125 0.065625
6 0.41015625 0.1265625 0.01484375 0.05546875
6 0.4890625 0.125 0.01640625 0.05546875
6 0.46328125 0.12890625 0.01875 0.05703125
6 0.45234375 0.115625 0.015625 0.05859375
6 0.49375 0.12578125 0.01328125 0.05390625
7 0.08515625 0.1703125 0.01484375 0.03359375
6 0.08828125 0.17578125 0.00703125 0.0234375
6 0.11171875 0.1640625 0.01875 0.07421875
6 0.096875 0.15546875 0.0109375 0.0484375
6 0.1265625 0.15390625 0.01484375 0.06875
6 0.15859375 0.121875 0.01015625 0.05078125
7 0.11953125 0.15859375 0.00625 0.025
6 0.13515625 0.146875 0.01328125 0.0359375
6 0.00625 0.10390625 0.0125 0.0484375
1 0.090625 0.08203125 0.00703125 0.021875
6 0.290625 0.07578125 0.00703125 0.040625
6 0.2484375 0.0578125 0.00703125 0.03203125
6 0.1234375 0.103125 0.01015625 0.04609375
6 0.03125 0.04453125 0.009375 0.02890625
6 0.0765625 0.0515625 0.00859375 0.03046875
6 0.121875 0.04296875 0.00859375 0.02421875
6 0.11015625 0.0875 0.009375 0.04140625
6 0.11796875 0.0859375 0.00703125 0.04453125
6 0.12421875 0.07890625 0.01171875 0.0390625
6 0.13046875 0.07578125 0.00859375 0.040625
6 0.1390625 0.08828125 0.01640625 0.04453125
6 0.16484375 0.06875 0.0046875 0.028125
6 0.1640625 0.075 0.01328125 0.03515625
6 0.16328125 0.078125 0.009375 0.04140625
6 0.16484375 0.04921875 0.00546875 0.02578125
7 0.17734375 0.0515625 0.00703125 0.0234375
7 0.1828125 0.0515625 0.00859375 0.0234375
7 0.2015625 0.046875 0.00390625 0.01796875
6 0.21484375 0.04453125 0.00703125 0.03046875
6 0.22890625 0.046875 0.00546875 0.028125
6 0.24453125 0.04453125 0.00625 0.0296875
6 0.25078125 0.04609375 0.00546875 0.02890625
6 0.275 0.046875 0.00546875 0.0296875
6 0.28828125 0.05078125 0.00859375 0.03125
6 0.428125 0.05078125 0.01171875 0.03046875
6 0.4484375 0.05625 0.00859375 0.03515625
6 0.4546875 0.05859375 0.0078125 0.034375
6 0.46484375 0.059375 0.00859375 0.03203125
6 0.4640625 0.0625 0.00859375 0.034375
4 0.49375 0.04609375 0.0125 0.0203125
4 0.46875 0.04140625 0.009375 0.01875
4 0.4234375 0.0421875 0.00546875 0.01796875
1 0.45859375 0.0453125 0.00546875 0.01640625
4 0.45078125 0.04375 0.00859375 0.01640625
4 0.4015625 0.0390625 0.00859375 0.021875
6 0.384375 0.03671875 0.00390625 0.0203125
6 0.3796875 0.0359375 0.00390625 0.0234375
0 0.37890625 0.03359375 0.01640625 0.02421875
4 0.36015625 0.0390625 0.00625 0.01875
4 0.3625 0.0265625 0.01640625 0.01640625
4 0.3484375 0.03671875 0.00703125 0.01953125
4 0.34296875 0.0265625 0.01484375 0.01640625
4 0.340625 0.03828125 0.00390625 0.01484375
1 0.33359375 0.03671875 0.00703125 0.015625
4 0.31953125 0.0359375 0.00546875 0.01796875
4 0.315625 0.03671875 0.0046875 0.015625
4 0.3109375 0.0359375 0.00546875 0.01640625
4 0.3046875 0.0359375 0.00703125 0.0140625
4 0.29296875 0.03359375 0.00859375 0.015625
4 0.2828125 0.03359375 0.00859375 0.01640625