3 0.18828125 0.209375 0.02109375 0.015625
3 0.21015625 0.20859375 0.02109375 0.015625
3 0.2375 0.20625 0.01953125 0.01484375
3 0.10625 0.21640625 0.02265625 0.015625
3 0.12265625 0.29140625 0.02890625 0.02109375
3 0.13515625 0.21328125 0.021875 0.015625
3 0.2046875 0.26484375 0.02578125 0.01875
3 0.28828125 0.203125 0.01953125 0.0140625
3 0.2890625 0.19453125 0.01796875 0.01171875
3 0.32734375 0.1984375 0.01953125 0.015625
3 0.35234375 0.1984375 0.01953125 0.01328125
3 0.3765625 0.19609375 0.01953125 0.01328125
3 0.4 0.1953125 0.01953125 0.01328125
4 0.41328125 0.24296875 0.00859375 0.009375
3 0.4515625 0.19296875 0.01796875 0.01171875
3 0.48046875 0.25234375 0.0265625 0.01953125
3 0.4953125 0.19140625 0.01015625 0.01171875
7 0.2546875 0.1921875 0.003125 0.01015625
7 0.41328125 0.2390625 0.0046875 0.0109375
6 0.0328125 0.2859375 0.0046875 0.01640625
6 0.259375 0.19140625 0.00234375 0.01328125
6 0.29375 0.1890625 0.00234375 0.01015625
6 0.33203125 0.15546875 0.00234375 0.01015625
6 0.4328125 0.15078125 0.00234375 0.01015625
6 0.16171875 0.1640625 0.003125 0.0109375
6 0.2015625 0.16171875 0.00390625 0.01328125
6 0.1984375 0.14375 0.003125 0.009375
6 0.0875 0.11875 0.00234375 0.01015625
6 0.10703125 0.1109375 0.00234375 0.009375
10 0.0140625 0.225 0.02578125 0.01875
8 0.02734375 0.28828125 0.015625 0.01015625
10 0.06953125 0.21875 0.0234375 0.015625
10 0.16171875 0.21015625 0.02109375 0.01640625
10 0.26328125 0.203125 0.01875 0.015625
10 0.26875 0.25703125 0.02265625 0.01875
10 0.32734375 0.265625 0.02421875 0.01953125
10 0.3515625 0.26328125 0.02578125 0.02109375
10 0.43046875 0.19296875 0.01875 0.01484375
10 0.475 0.190625 0.01875 0.015625