6 0.64765625 0.35546875 0.0078125 0.00859375
3 0.68359375 0.178125 0.01328125 0.04453125
3 0.546875 0.17890625 0.0140625 0.04453125
3 0.55859375 0.175 0.0125 0.04296875
3 0.571875 0.171875 0.0125 0.04453125
3 0.58515625 0.178125 0.01171875 0.04375
3 0.59921875 0.17890625 0.0125 0.0453125
3 0.6109375 0.1734375 0.01328125 0.04453125
3 0.6234375 0.16640625 0.0140625 0.04140625
3 0.52421875 0.57890625 0.02734375 0.02109375
6 0.659375 0.5515625 0.00703125 0.00859375
6 0.5640625 0.56640625 0.00703125 0.00625
3 0.61328125 0.58125 0.01875 0.01328125
3 0.64140625 0.5796875 0.0265625 0.0203125
4 0.6640625 0.5828125 0.009375 0.01015625
10 0.57109375 0.65078125 0.01484375 0.05546875
4 0.44765625 0.646875 0.009375 0.01015625
3 0.425 0.6640625 0.021875 0.0484375
3 0.41953125 0.47578125 0.01171875 0.046875
3 0.41875 0.4234375 0.01171875 0.04609375
10 0.415625 0.27734375 0.01015625 0.0359375
3 0.37578125 0.35 0.01171875 0.04609375
3 0.37109375 0.20390625 0.01171875 0.04453125
3 0.3421875 0.17421875 0.0109375 0.0453125
3 0.41640625 0.121875 0.0125 0.04609375
1 0.375 0.1234375 0.003125 0.01875
7 0.375 0.1234375 0.00390625 0.00625
6 0.56484375 0.696875 0.00703125 0.01328125
3 0.3421875 0.63671875 0.01328125 0.04921875
4 0.36171875 0.41953125 0.00390625 0.01796875
7 0.36171875 0.41796875 0.00390625 0.00859375
3 0.24375 0.5828125 0.01015625 0.04921875
3 0.2421875 0.51484375 0.01015625 0.04609375
3 0.0421875 0.6671875 0.02734375 0.01953125
3 0.1453125 0.296875 0.01328125 0.03984375
3 0.06015625 0.26796875 0.02890625 0.0234375
10 0.04296875 0.23125 0.02421875 0.0203125
3 0.07734375 0.18125 0.01328125 0.04140625
3 0.16328125 0.1890625 0.015625 0.04921875
10 0.2453125 0.32890625 0.01328125 0.05859375
4 0.29453125 0.02421875 0.003125 0.01015625
7 0.29453125 0.021875 0.00390625 0.01015625