6 0.50625 0.63984375 0.0296875 0.021875
6 0.575 0.703125 0.0265625 0.015625
6 0.63125 0.59609375 0.034375 0.0234375
6 0.684375 0.5984375 0.0296875 0.021875
6 0.6234375 0.6515625 0.0265625 0.01875
6 0.73515625 0.659375 0.0375 0.0171875
6 0.79140625 0.665625 0.0296875 0.0171875
6 0.48125 0.78046875 0.03125 0.0171875
6 0.52109375 0.77109375 0.0265625 0.0125
6 0.5796875 0.76875 0.0328125 0.0140625
6 0.66796875 0.7640625 0.0328125 0.0140625
6 0.6890625 0.70703125 0.0328125 0.0140625
6 0.73203125 0.7625 0.0359375 0.0140625
6 0.74765625 0.70546875 0.0328125 0.0140625
6 0.7921875 0.73359375 0.0359375 0.0140625
6 0.8 0.784375 0.03125 0.0125
6 0.8484375 0.73203125 0.0328125 0.0140625
6 0.92265625 0.90859375 0.0328125 0.0140625
6 0.834375 0.9703125 0.025 0.0125
6 0.8265625 0.9546875 0.0328125 0.0171875
6 0.60234375 0.96640625 0.021875 0.0125
6 0.8078125 0.8953125 0.0421875 0.01875
6 0.80859375 0.8875 0.0328125 0.0171875
6 0.93125 0.69765625 0.0375 0.015625
6 0.9421875 0.609375 0.0359375 0.01875
6 0.94296875 0.60234375 0.0359375 0.0171875
6 0.87890625 0.70703125 0.0265625 0.0109375
6 0.87421875 0.696875 0.0359375 0.0140625
6 0.884375 0.70078125 0.0359375 0.0125
6 0.853125 0.83515625 0.0234375 0.009375
6 0.84375 0.86484375 0.0328125 0.0140625
6 0.84609375 0.8765625 0.0296875 0.0109375
6 0.8234375 0.8328125 0.0328125 0.0125
6 0.946875 0.6546875 0.0328125 0.0125
6 0.93671875 0.653125 0.0359375 0.0171875
6 0.8296875 0.840625 0.0359375 0.0125
6 0.625 0.96875 0.028125 0.021875