6 0.18671875 0.36875 0.00390625 0.015625
6 0.215625 0.3828125 0.00390625 0.0140625
6 0.125 0.58984375 0.00546875 0.021875
6 0.11796875 0.53515625 0.00390625 0.0203125
6 0.121875 0.53359375 0.00390625 0.01953125
6 0.12890625 0.53125 0.00390625 0.02109375
6 0.13515625 0.53046875 0.00390625 0.0203125
6 0.11484375 0.51796875 0.00390625 0.0203125
6 0.13203125 0.51015625 0.0046875 0.01875
6 0.1359375 0.4984375 0.00234375 0.01484375
3 0.3015625 0.60859375 0.02421875 0.03203125
6 0.1453125 0.4875 0.00390625 0.0140625
6 0.14140625 0.5015625 0.003125 0.01796875
6 0.140625 0.53671875 0.00390625 0.01796875
6 0.13828125 0.5375 0.00390625 0.01953125
6 0.125 0.5671875 0.003125 0.02109375
6 0.12265625 0.559375 0.003125 0.01953125
6 0.12421875 0.5609375 0.003125 0.0203125
6 0.19453125 0.49609375 0.0046875 0.01796875
6 0.159375 0.5015625 0.003125 0.01875
6 0.15078125 0.51796875 0.00390625 0.01640625
6 0.1765625 0.53125 0.00390625 0.01953125
6 0.16640625 0.52265625 0.00390625 0.015625
6 0.1703125 0.540625 0.00390625 0.0203125
6 0.15390625 0.55390625 0.00390625 0.0203125
6 0.1515625 0.54296875 0.0046875 0.01875
6 0.16484375 0.540625 0.0046875 0.0203125
6 0.15703125 0.52421875 0.00390625 0.01953125
6 0.1625 0.52421875 0.00234375 0.01875
6 0.15859375 0.5515625 0.003125 0.021875
6 0.1609375 0.55 0.00234375 0.021875
6 0.178125 0.49453125 0.003125 0.015625
6 0.21328125 0.49140625 0.00390625 0.01875
6 0.240625 0.4921875 0.003125 0.01796875
6 0.2359375 0.49921875 0.00234375 0.01640625
6 0.22421875 0.5125 0.00390625 0.01796875
6 0.21796875 0.51640625 0.003125 0.01953125
6 0.22109375 0.5171875 0.00234375 0.0140625
6 0.18359375 0.65546875 0.00390625 0.0265625
6 0.16875 0.64140625 0.00546875 0.02421875
6 0.12734375 0.61171875 0.00390625 0.02421875
6 0.10390625 0.63984375 0.0046875 0.02421875
7 0.10859375 0.6515625 0.00703125 0.01640625
6 0.13515625 0.65078125 0.00390625 0.0265625
6 0.146875 0.625 0.00546875 0.02578125
6 0.15390625 0.6234375 0.0046875 0.0265625
6 0.14921875 0.65390625 0.00625 0.02421875
6 0.1578125 0.65078125 0.00546875 0.021875
6 0.1609375 0.6375 0.00546875 0.034375
6 0.1703125 0.6265625 0.00703125 0.01796875
6 0.0828125 0.66640625 0.0046875 0.025
6 0.078125 0.66328125 0.00546875 0.02578125
6 0.05 0.66796875 0.00859375 0.0265625
6 0.17109375 0.703125 0.00703125 0.028125
6 0.1859375 0.721875 0.00546875 0.02890625
1 0.20625 0.70078125 0.01484375 0.01640625
1 0.21953125 0.6828125 0.01484375 0.0140625
1 0.225 0.715625 0.01015625 0.01953125
6 0.19296875 0.609375 0.00625 0.02109375
2 0.21796875 0.6140625 0.06484375 0.096875
6 0.08203125 0.715625 0.00703125 0.03046875
6 0.0359375 0.7234375 0.00703125 0.034375
6 0.01796875 0.77578125 0.01171875 0.03828125
6 0.0046875 0.76171875 0.009375 0.0390625
6 0.09375 0.759375 0.0078125 0.0359375
6 0.1 0.75390625 0.00859375 0.03515625
6 0.11015625 0.759375 0.00859375 0.03515625
6 0.13359375 0.78046875 0.00859375 0.04296875
6 0.13828125 0.77890625 0.00859375 0.03984375
6 0.23359375 0.7859375 0.01171875 0.0390625
6 0.2359375 0.78046875 0.009375 0.0390625
6 0.28046875 0.77109375 0.01015625 0.03984375
6 0.07890625 0.86484375 0.00703125 0.03125
6 0.07578125 0.88359375 0.00859375 0.02890625
6 0.05078125 0.9265625 0.00859375 0.03828125
6 0.06875 0.9328125 0.00859375 0.0359375
6 0.075 0.915625 0.009375 0.04140625
6 0.04453125 0.93984375 0.00859375 0.04609375
6 0.03671875 0.9609375 0.009375 0.03984375
6 0.021875 0.98046875 0.00859375 0.0390625
6 0.0109375 0.9828125 0.0078125 0.034375
3 0.25625 0.878125 0.034375 0.040625
3 0.2265625 0.86328125 0.02578125 0.02890625
3 0.25234375 0.74765625 0.028125 0.01953125
6 0.3015625 0.78515625 0.00859375 0.03671875
3 0.32421875 0.7265625 0.02734375 0.0484375
6 0.32109375 0.8015625 0.00859375 0.0390625
6 0.33203125 0.82109375 0.00546875 0.01875
6 0.33046875 0.8140625 0.00703125 0.0265625
6 0.32734375 0.7984375 0.00703125 0.04140625
6 0.346875 0.78515625 0.01015625 0.040625
6 0.359375 0.78828125 0.00859375 0.0390625
6 0.34921875 0.771875 0.0078125 0.03359375
6 0.38984375 0.778125 0.00859375 0.04453125
6 0.4203125 0.80625 0.009375 0.03984375
3 0.32265625 0.98203125 0.0359375 0.03515625
3 0.353125 0.8875 0.02890625 0.03046875
3 0.40546875 0.91171875 0.03515625 0.06171875
6 0.4765625 0.93515625 0.00859375 0.040625
1 0.52265625 0.953125 0.01171875 0.03359375
1 0.52734375 0.94296875 0.0140625 0.025
6 0.54609375 0.97109375 0.00859375 0.04140625
6 0.553125 0.96484375 0.00703125 0.040625
3 0.396875 0.75859375 0.0234375 0.028125
3 0.459375 0.778125 0.02109375 0.04375
6 0.50078125 0.8109375 0.00859375 0.0453125
6 0.53671875 0.7765625 0.00703125 0.03828125
6 0.49765625 0.78046875 0.00703125 0.028125
6 0.50703125 0.771875 0.0078125 0.03828125
6 0.50546875 0.7140625 0.00546875 0.03046875
3 0.40703125 0.70703125 0.02421875 0.03515625
3 0.440625 0.7109375 0.02265625 0.03515625
3 0.43828125 0.66640625 0.01953125 0.03203125
3 0.4375 0.62578125 0.01953125 0.028125
7 0.28828125 0.6453125 0.00625 0.0203125
4 0.28671875 0.65390625 0.00859375 0.01796875
3 0.32578125 0.6515625 0.02265625 0.03515625
3 0.36953125 0.6234375 0.021875 0.040625
6 0.3234375 0.603125 0.00390625 0.02109375
6 0.2984375 0.58984375 0.0046875 0.01640625
6 0.30859375 0.58203125 0.00390625 0.0203125
2 0.28984375 0.54375 0.0515625 0.03828125
7 0.346875 0.5625 0.0046875 0.01796875
4 0.346875 0.56875 0.00546875 0.01171875
7 0.35625 0.54375 0.0046875 0.01484375
4 0.35546875 0.55 0.00625 0.01328125
2 0.3046875 0.51796875 0.04453125 0.02890625
7 0.37421875 0.53203125 0.00546875 0.01640625
4 0.37421875 0.53984375 0.00625 0.01328125
3 0.37734375 0.48984375 0.01484375 0.0203125
6 0.38671875 0.47578125 0.01328125 0.01875
6 0.3984375 0.47890625 0.003125 0.01484375
4 0.3984375 0.484375 0.00546875 0.01171875
3 0.39140625 0.540625 0.01875 0.02421875
3 0.41171875 0.54140625 0.01640625 0.02578125
3 0.39609375 0.509375 0.01640625 0.025
3 0.3953125 0.4640625 0.01171875 0.01640625
3 0.4234375 0.4828125 0.01328125 0.02109375
10 0.43671875 0.490625 0.01171875 0.02578125
3 0.4328125 0.45 0.01015625 0.01875
3 0.4484375 0.440625 0.01015625 0.01640625
3 0.46328125 0.6328125 0.01875 0.02890625
3 0.4453125 0.59375 0.0171875 0.0265625
3 0.4671875 0.596875 0.01640625 0.028125
2 0.48359375 0.6828125 0.0390625 0.11171875
2 0.48984375 0.596875 0.02890625 0.08203125
3 0.459375 0.55859375 0.01640625 0.02421875
3 0.48046875 0.55625 0.01484375 0.02578125
3 0.4671875 0.534375 0.0140625 0.021875
3 0.47265625 0.5125 0.01328125 0.0234375
3 0.48046875 0.48828125 0.01328125 0.01953125
3 0.4875 0.53203125 0.01484375 0.021875
3 0.5078125 0.53515625 0.01171875 0.0203125
3 0.49296875 0.50390625 0.0125 0.01796875
3 0.5140625 0.51953125 0.0140625 0.0203125
3 0.51328125 0.5 0.01015625 0.01875
3 0.52734375 0.49921875 0.01015625 0.01796875
3 0.46953125 0.41875 0.01015625 0.015625
3 0.4671875 0.3984375 0.0109375 0.0109375
6 0.4390625 0.40703125 0.00234375 0.01171875
6 0.43125 0.41171875 0.00234375 0.01328125
6 0.4328125 0.4046875 0.003125 0.01484375
6 0.41171875 0.3734375 0.00234375 0.0140625
6 0.39140625 0.36796875 0.003125 0.015625
6 0.3953125 0.36953125 0.00390625 0.01640625
6 0.38359375 0.37890625 0.00390625 0.015625
3 0.471875 0.3484375 0.00703125 0.01328125
3 0.471875 0.36953125 0.00703125 0.009375
3 0.4828125 0.365625 0.0078125 0.01171875
3 0.49296875 0.36875 0.00859375 0.00703125
3 0.49375 0.35078125 0.00859375 0.0109375
3 0.50390625 0.35234375 0.00703125 0.01015625
2 0.4890625 0.33046875 0.00859375 0.02421875
3 0.50078125 0.3390625 0.00703125 0.01015625
3 0.509375 0.340625 0.00703125 0.009375
3 0.50703125 0.33125 0.00546875 0.00859375
3 0.5078125 0.32109375 0.00703125 0.0109375
3 0.5171875 0.31875 0.00546875 0.01015625
3 0.50390625 0.315625 0.00546875 0.009375
3 0.490625 0.31171875 0.00703125 0.009375
2 0.5296875 0.315625 0.009375 0.02109375
3 0.53125 0.3421875 0.00546875 0.01015625
3 0.5265625 0.35390625 0.0078125 0.0109375
3 0.52421875 0.365625 0.00859375 0.01015625
3 0.49609375 0.41640625 0.01015625 0.015625
3 0.51484375 0.42578125 0.01171875 0.015625
3 0.51015625 0.4390625 0.01015625 0.015625
2 0.503125 0.46015625 0.01953125 0.0484375
2 0.53125 0.4015625 0.015625 0.0234375
3 0.5296875 0.44296875 0.01328125 0.01796875
3 0.52421875 0.45234375 0.01171875 0.015625
3 0.52109375 0.46015625 0.009375 0.01328125
3 0.52109375 0.4734375 0.01015625 0.01328125
3 0.52109375 0.484375 0.01015625 0.015625
6 0.60625 0.7859375 0.009375 0.04375
6 0.58125 0.76875 0.00703125 0.03125
7 0.60859375 0.74296875 0.00703125 0.028125
1 0.6078125 0.753125 0.00859375 0.01875
6 0.60234375 0.7171875 0.00390625 0.02890625
6 0.59609375 0.7140625 0.00390625 0.02421875
6 0.58984375 0.7109375 0.00390625 0.03125
7 0.56171875 0.69765625 0.0046875 0.025
1 0.5609375 0.70859375 0.00546875 0.01796875
7 0.57109375 0.6984375 0.00546875 0.01796875
1 0.5703125 0.70625 0.00703125 0.0203125
6 0.5703125 0.6734375 0.00390625 0.02109375
6 0.58046875 0.66875 0.00390625 0.02890625
6 0.58515625 0.671875 0.00390625 0.02890625
6 0.59609375 0.63359375 0.00546875 0.02421875
7 0.546875 0.5890625 0.00703125 0.0140625
6 0.55703125 0.578125 0.00234375 0.0234375
6 0.5515625 0.57734375 0.00390625 0.025
7 0.578125 0.6078125 0.0046875 0.02109375
1 0.578125 0.615625 0.0046875 0.01796875
6 0.60234375 0.63828125 0.00390625 0.025
6 0.60625 0.603125 0.00546875 0.0265625
6 0.62734375 0.61875 0.00390625 0.0234375
6 0.62421875 0.61484375 0.00390625 0.021875
7 0.57421875 0.58046875 0.00546875 0.015625
1 0.57421875 0.58828125 0.00546875 0.0140625
7 0.58046875 0.5828125 0.0046875 0.0140625
1 0.58046875 0.590625 0.003125 0.01328125
6 0.59296875 0.57421875 0.003125 0.0234375
6 0.59609375 0.57578125 0.00390625 0.0234375
6 0.6 0.5765625 0.00390625 0.021875
6 0.60625 0.51171875 0.0046875 0.0203125
6 0.61015625 0.51171875 0.00390625 0.0234375
6 0.55703125 0.53671875 0.00390625 0.021875
6 0.55234375 0.53828125 0.00390625 0.021875
6 0.54921875 0.53984375 0.003125 0.021875
6 0.55 0.52109375 0.0046875 0.01640625
6 0.59453125 0.51640625 0.00390625 0.021875
6 0.59921875 0.515625 0.00390625 0.01953125
6 0.596875 0.5109375 0.003125 0.01953125
6 0.59296875 0.5140625 0.00390625 0.0234375
6 0.63046875 0.51171875 0.00390625 0.0234375
6 0.55703125 0.5109375 0.003125 0.02109375
6 0.5609375 0.5125 0.00234375 0.01796875
6 0.5578125 0.49140625 0.00390625 0.01484375
6 0.56484375 0.50859375 0.00234375 0.01640625
6 0.5625 0.50859375 0.00390625 0.01875
6 0.5703125 0.3828125 0.003125 0.015625
6 0.5671875 0.4578125 0.00390625 0.01796875
6 0.55390625 0.45703125 0.003125 0.01640625
6 0.5484375 0.4734375 0.00390625 0.01640625
7 0.571875 0.503125 0.00390625 0.015625
1 0.571875 0.509375 0.0046875 0.01171875
6 0.5703125 0.49140625 0.00390625 0.0140625
6 0.5734375 0.4859375 0.00390625 0.01796875
6 0.578125 0.49609375 0.00390625 0.01171875
6 0.5796875 0.50625 0.0046875 0.01484375
7 0.5796875 0.51484375 0.00390625 0.01640625
1 0.5796875 0.51953125 0.0046875 0.01484375
6 0.5921875 0.47734375 0.00390625 0.01953125
6 0.5984375 0.47890625 0.0046875 0.021875
6 0.596875 0.41953125 0.00390625 0.015625
6 0.59921875 0.41875 0.003125 0.015625
6 0.61015625 0.40703125 0.00234375 0.0140625
6 0.60703125 0.42109375 0.003125 0.0140625
6 0.6 0.459375 0.0046875 0.01796875
6 0.609375 0.41875 0.00234375 0.0140625
6 0.6125 0.40859375 0.00234375 0.0140625
3 0.60703125 0.44609375 0.0125 0.021875
3 0.6109375 0.43203125 0.01171875 0.01953125
10 0.53671875 0.3625 0.009375 0.015625
3 0.53984375 0.34453125 0.00625 0.01015625
3 0.54765625 0.346875 0.00625 0.01015625
3 0.55 0.36796875 0.00859375 0.0109375
3 0.56484375 0.37265625 0.01328125 0.01015625
3 0.56796875 0.3640625 0.01484375 0.01015625
3 0.56875 0.35859375 0.01640625 0.0109375
3 0.55703125 0.3359375 0.00703125 0.00703125
2 0.56171875 0.32421875 0.00859375 0.0203125
3 0.5421875 0.33671875 0.00546875 0.00859375
3 0.5375 0.31875 0.00546875 0.01015625
3 0.5390625 0.31328125 0.00546875 0.00703125
3 0.54609375 0.31875 0.00625 0.00703125
3 0.54375 0.3265625 0.00703125 0.009375
2 0.55703125 0.2984375 0.00859375 0.01640625
3 0.5421875 0.2984375 0.00546875 0.00703125
3 0.54921875 0.2984375 0.00546875 0.00703125
3 0.58515625 0.29453125 0.0109375 0.009375
3 0.58984375 0.3328125 0.0125 0.01015625
3 0.5828125 0.33671875 0.00546875 0.009375