3 0.00859375 0.57421875 0.0171875 0.0234375
3 0.02109375 0.56015625 0.028125 0.0234375
3 0.02109375 0.59609375 0.028125 0.0265625
3 0.04140625 0.6140625 0.028125 0.0234375
3 0.09453125 0.625 0.0375 0.0234375
6 0.0671875 0.40390625 0.0203125 0.009375
3 0.1171875 0.41640625 0.0265625 0.034375
3 0.12734375 0.42421875 0.03125 0.0359375
3 0.13984375 0.43515625 0.03125 0.0359375
3 0.16171875 0.4484375 0.0296875 0.034375
3 0.178125 0.459375 0.03125 0.0359375
3 0.19296875 0.47265625 0.0328125 0.0421875
3 0.22265625 0.48828125 0.034375 0.0390625
3 0.30625 0.41796875 0.053125 0.034375
3 0.228125 0.384375 0.0375 0.025
3 0.1953125 0.36875 0.0375 0.025
6 0.20859375 0.36484375 0.0234375 0.0109375
6 0.0671875 0.340625 0.01875 0.00625
3 0.06640625 0.31328125 0.0234375 0.0171875
3 0.046875 0.30390625 0.0234375 0.0171875
6 0.1484375 0.27890625 0.0234375 0.0109375
3 0.1703125 0.3109375 0.0328125 0.0203125
3 0.06640625 0.2140625 0.0265625 0.0234375
10 0.0828125 0.21953125 0.028125 0.0171875
3 0.103125 0.221875 0.03125 0.0171875
3 0.1 0.2359375 0.0296875 0.0171875
3 0.13515625 0.24609375 0.03125 0.0203125
6 0.13125 0.240625 0.0234375 0.0109375
3 0.15078125 0.23125 0.0359375 0.01875
10 0.17890625 0.2359375 0.0421875 0.021875
10 0.29765625 0.2625 0.059375 0.0296875
6 0.31953125 0.2796875 0.0265625 0.0109375
3 0.409375 0.2828125 0.0625 0.0328125
6 0.43515625 0.28671875 0.0265625 0.0140625
3 0.52109375 0.25703125 0.06875 0.0578125
4 0.68359375 0.32578125 0.0421875 0.0171875
1 0.66796875 0.30703125 0.0453125 0.0203125
3 0.24375 0.21875 0.0375 0.0390625
6 0.14921875 0.19921875 0.0234375 0.0078125
4 0.1453125 0.19453125 0.0171875 0.009375
6 0.5921875 0.684375 0.0328125 0.01875
6 0.60234375 0.7140625 0.034375 0.021875
6 0.61328125 0.7203125 0.03125 0.021875
3 0.57890625 0.71328125 0.059375 0.0375
3 0.4078125 0.68203125 0.065625 0.0359375
6 0.440625 0.23359375 0.028125 0.0140625
4 0.41328125 0.2578125 0.0203125 0.015625
4 0.390625 0.2546875 0.021875 0.01875
4 0.3671875 0.24921875 0.0203125 0.015625