8 0.11484375 0.3609375 0.028125 0.04375
3 0.11796875 0.41875 0.05 0.046875
3 0.13125 0.38515625 0.0359375 0.053125
3 0.2140625 0.34453125 0.0265625 0.05
3 0.165625 0.3359375 0.03125 0.046875
3 0.2390625 0.2515625 0.015625 0.0265625
3 0.303125 0.25 0.015625 0.0234375
3 0.25703125 0.2046875 0.0109375 0.0171875
3 0.246875 0.19375 0.0109375 0.0171875
0 0.25703125 0.16640625 0.0109375 0.0140625
3 0.26640625 0.18359375 0.009375 0.0171875
3 0.340625 0.1671875 0.0125 0.0109375
3 0.321875 0.16328125 0.0109375 0.0109375
3 0.31484375 0.159375 0.0109375 0.0109375
10 0.30859375 0.159375 0.0109375 0.0125
3 0.30078125 0.1671875 0.0078125 0.0109375
3 0.296875 0.15546875 0.0109375 0.0109375
8 0.2984375 0.16015625 0.0046875 0.00625
3 0.27890625 0.16015625 0.0078125 0.0125
10 0.271875 0.15546875 0.0078125 0.0125
10 0.26640625 0.1484375 0.0078125 0.0109375
3 0.271875 0.12734375 0.0078125 0.0109375
3 0.27421875 0.121875 0.0078125 0.0078125
3 0.28046875 0.12265625 0.003125 0.0046875
3 0.278125 0.14375 0.00625 0.009375
3 0.28125 0.13984375 0.0078125 0.0109375
3 0.2828125 0.134375 0.003125 0.0046875
3 0.284375 0.13046875 0.003125 0.0046875
3 0.2859375 0.125 0.0046875 0.00625
3 0.284375 0.12109375 0.003125 0.0046875
3 0.284375 0.11796875 0.003125 0.0046875
3 0.2875 0.11171875 0.0046875 0.00625
3 0.31484375 0.14375 0.0109375 0.0078125
3 0.3109375 0.13984375 0.0046875 0.00625
3 0.30078125 0.12734375 0.003125 0.0046875
0 0.30546875 0.128125 0.003125 0.0046875
3 0.3 0.12109375 0.003125 0.003125
3 0.303125 0.1234375 0.003125 0.003125
3 0.30234375 0.1203125 0.003125 0.0046875
3 0.303125 0.11875 0.003125 0.003125
9 0.3015625 0.115625 0.0046875 0.00625
6 0.3390625 0.25859375 0.00625 0.015625
6 0.340625 0.25078125 0.0046875 0.0125
6 0.325 0.19921875 0.0046875 0.0109375
6 0.32734375 0.203125 0.0046875 0.0109375