6 0.22890625 0.60078125 0.0578125 0.0359375
10 0.028125 0.7109375 0.05625 0.0625
6 0.0484375 0.85625 0.040625 0.0265625
6 0.04296875 0.86484375 0.0484375 0.0265625
6 0.06640625 0.64296875 0.0390625 0.0203125
6 0.0109375 0.67734375 0.021875 0.0203125
6 0.01015625 0.684375 0.0203125 0.01875
7 0.63125 0.37578125 0.0546875 0.0390625
7 0.603125 0.39765625 0.053125 0.0359375
6 0.47109375 0.42578125 0.0484375 0.0328125
7 0.60234375 0.32265625 0.0578125 0.0328125
7 0.4984375 0.4796875 0.046875 0.0265625