10 0.3 0.921875 0.0140625 0.01875
9 0.31171875 0.89375 0.040625 0.0515625
3 0.29140625 0.8671875 0.015625 0.0203125
3 0.30390625 0.87265625 0.015625 0.0203125
3 0.32890625 0.6984375 0.0203125 0.015625
3 0.22890625 0.734375 0.0109375 0.0078125
3 0.25546875 0.71796875 0.0125 0.0078125
3 0.2390625 0.7 0.0109375 0.0078125
3 0.215625 0.73671875 0.00625 0.0046875
3 0.3625 0.54375 0.0296875 0.0234375
10 0.3421875 0.49375 0.03125 0.025
3 0.1984375 0.7390625 0.00625 0.0046875
3 0.2 0.7421875 0.0078125 0.0078125
9 0.19375 0.7296875 0.015625 0.015625
9 0.2015625 0.7125 0.015625 0.009375
9 0.2484375 0.65234375 0.046875 0.028125
3 0.240625 0.63125 0.0125 0.0109375
3 0.22890625 0.5890625 0.0109375 0.0078125
3 0.184375 0.69609375 0.0078125 0.0078125
3 0.18515625 0.703125 0.0078125 0.009375
3 0.18828125 0.69921875 0.00625 0.0046875
9 0.1875 0.7140625 0.0109375 0.0078125
9 0.19375 0.70390625 0.0203125 0.0109375
10 0.203125 0.69921875 0.0140625 0.009375
3 0.1859375 0.6828125 0.00625 0.0046875
3 0.18828125 0.678125 0.00625 0.0046875
3 0.24296875 0.60859375 0.0140625 0.0125
3 0.2375 0.61796875 0.0109375 0.0078125
3 0.2328125 0.621875 0.0125 0.009375
9 0.2046875 0.58359375 0.0296875 0.0203125
9 0.190625 0.5953125 0.025 0.01875
9 0.20859375 0.59375 0.0234375 0.015625
9 0.18984375 0.6046875 0.021875 0.0171875
3 0.2359375 0.6046875 0.0125 0.0109375
3 0.22890625 0.6015625 0.0109375 0.0109375
3 0.22578125 0.60625 0.0125 0.0078125
3 0.23203125 0.6109375 0.0109375 0.0078125
3 0.22890625 0.61484375 0.0125 0.0078125
3 0.221875 0.6125 0.0125 0.0078125
3 0.2296875 0.62734375 0.0109375 0.0078125
3 0.2265625 0.63046875 0.0140625 0.009375
3 0.22578125 0.62109375 0.0109375 0.0078125
3 0.22109375 0.62421875 0.0109375 0.0078125
3 0.2234375 0.63515625 0.0109375 0.0078125
3 0.2171875 0.6171875 0.0109375 0.0078125
3 0.215625 0.621875 0.0109375 0.0078125
3 0.21953125 0.6265625 0.0140625 0.009375
9 0.21171875 0.60390625 0.0203125 0.0125
3 0.2109375 0.6109375 0.0078125 0.0078125
3 0.20859375 0.61484375 0.0078125 0.00625
3 0.1984375 0.61484375 0.0109375 0.0078125
9 0.1984375 0.625 0.0234375 0.01875