6 0.1859375 0.38984375 0.00703125 0.03125
7 0.20234375 0.36171875 0.00546875 0.0140625
7 0.0984375 0.296875 0.0046875 0.0109375
6 0.0390625 0.3390625 0.00625 0.025
7 0.03984375 0.33359375 0.003125 0.01171875
6 0.0484375 0.35703125 0.00703125 0.0234375
6 0.05546875 0.34609375 0.00703125 0.02578125
6 0.05546875 0.3890625 0.00546875 0.02890625
6 0.05546875 0.37109375 0.003125 0.015625
6 0.05390625 0.378125 0.00234375 0.0109375
6 0.05859375 0.3765625 0.00390625 0.0109375
6 0.06015625 0.3859375 0.00390625 0.015625
6 0.06484375 0.3828125 0.0046875 0.0140625
6 0.06484375 0.36796875 0.00546875 0.02109375
6 0.0765625 0.378125 0.0046875 0.021875
6 0.0828125 0.3703125 0.00703125 0.02421875
7 0.13515625 0.30390625 0.00390625 0.0109375
7 0.13984375 0.303125 0.00390625 0.01328125
7 0.15078125 0.3015625 0.0046875 0.0140625
6 0.13046875 0.46875 0.00625 0.03515625
6 0.26171875 0.490625 0.00703125 0.01796875
6 0.2515625 0.48828125 0.00703125 0.0234375
1 0.2140625 0.3765625 0.01796875 0.0140625
6 0.203125 0.33203125 0.0046875 0.02109375
6 0.21875 0.32890625 0.00546875 0.0234375
6 0.22734375 0.34296875 0.003125 0.0140625
6 0.2234375 0.3375 0.0046875 0.0234375
6 0.22421875 0.3328125 0.00390625 0.02109375
6 0.225 0.3265625 0.003125 0.01796875
6 0.22890625 0.3296875 0.00390625 0.01875
6 0.2359375 0.33046875 0.00625 0.0203125
6 0.18046875 0.2703125 0.00546875 0.0203125
6 0.18671875 0.271875 0.00390625 0.01953125
6 0.19921875 0.27109375 0.00546875 0.0203125
6 0.2078125 0.2734375 0.00703125 0.01953125
6 0.221875 0.27265625 0.00625 0.01953125
6 0.240625 0.27421875 0.0046875 0.01953125
6 0.25078125 0.275 0.00625 0.0203125
6 0.265625 0.3375 0.00625 0.025
6 0.25859375 0.378125 0.00390625 0.021875
6 0.25859375 0.37109375 0.00546875 0.025
7 0.26015625 0.36640625 0.00390625 0.01015625
6 0.28359375 0.35390625 0.0046875 0.02421875
6 0.30234375 0.3671875 0.00390625 0.02109375
6 0.3015625 0.403125 0.00625 0.0296875
6 0.30546875 0.396875 0.00703125 0.03046875
6 0.44765625 0.29453125 0.00390625 0.02421875
6 0.4390625 0.31015625 0.00703125 0.02421875
6 0.41015625 0.30546875 0.00625 0.0203125
6 0.40859375 0.303125 0.00625 0.01953125
6 0.35859375 0.290625 0.00703125 0.02109375
6 0.47578125 0.47890625 0.01015625 0.0390625
6 0.484375 0.4734375 0.00859375 0.034375
6 0.31875 0.4328125 0.00859375 0.034375
6 0.3171875 0.35078125 0.00390625 0.01953125
6 0.3203125 0.353125 0.00390625 0.01953125
7 0.31875 0.37578125 0.0046875 0.01015625
6 0.325 0.353125 0.00390625 0.021875
6 0.32734375 0.36640625 0.00546875 0.02578125
6 0.32734375 0.35859375 0.00390625 0.0203125
6 0.3375 0.33828125 0.0046875 0.0265625
6 0.34296875 0.3359375 0.00546875 0.01640625
6 0.34609375 0.33046875 0.00546875 0.02109375
6 0.3515625 0.3375 0.0046875 0.02109375
6 0.353125 0.334375 0.0046875 0.0234375
6 0.3625 0.33828125 0.00546875 0.02421875
6 0.3359375 0.39375 0.0078125 0.03046875
6 0.35546875 0.37890625 0.00625 0.02421875
6 0.3578125 0.38046875 0.00390625 0.01640625
6 0.36171875 0.38046875 0.00390625 0.0203125
6 0.359375 0.39609375 0.0046875 0.0265625
6 0.3640625 0.396875 0.003125 0.0203125
6 0.3671875 0.38203125 0.00546875 0.02578125
6 0.35625 0.365625 0.00546875 0.01640625
6 0.36171875 0.3671875 0.00703125 0.01953125
6 0.3671875 0.36796875 0.00546875 0.02109375
6 0.37109375 0.3484375 0.00625 0.021875
6 0.3828125 0.353125 0.01015625 0.028125
6 0.3734375 0.36953125 0.00546875 0.02109375
6 0.37265625 0.38515625 0.0046875 0.021875
7 0.3765625 0.3765625 0.00390625 0.0140625
7 0.378125 0.3734375 0.00234375 0.00859375
6 0.39375 0.35625 0.0078125 0.028125
6 0.38203125 0.384375 0.00625 0.028125
6 0.38984375 0.384375 0.00625 0.02421875
6 0.39765625 0.39375 0.00625 0.028125
6 0.40078125 0.39453125 0.0078125 0.0265625
7 0.40390625 0.3875 0.003125 0.01171875
7 0.42734375 0.3390625 0.00546875 0.02109375
6 0.4265625 0.3625 0.0046875 0.01953125
6 0.40546875 0.409375 0.00703125 0.03046875
6 0.41953125 0.40625 0.00859375 0.03203125
6 0.41796875 0.3859375 0.00390625 0.01640625
6 0.4265625 0.4015625 0.00859375 0.028125
6 0.4296875 0.4140625 0.00390625 0.01484375
6 0.42890625 0.384375 0.0046875 0.0234375
6 0.43125 0.3890625 0.0046875 0.02421875
6 0.27421875 0.26640625 0.00390625 0.01875
6 0.28125 0.23359375 0.00390625 0.01640625