3 0.415625 0.20390625 0.00859375 0.01328125
9 0.42109375 0.20625 0.0125 0.01796875
3 0.4359375 0.20625 0.0109375 0.01640625
3 0.40625 0.2265625 0.01796875 0.0140625
10 0.46875 0.203125 0.01171875 0.01640625
10 0.45546875 0.22421875 0.01875 0.02421875
3 0.4546875 0.2484375 0.01171875 0.01796875
10 0.44921875 0.25625 0.01171875 0.02578125
3 0.45390625 0.2796875 0.01484375 0.021875
3 0.48359375 0.2265625 0.01796875 0.01875
3 0.503125 0.2328125 0.02109375 0.015625
10 0.49921875 0.253125 0.0140625 0.025
3 0.50390625 0.26171875 0.01484375 0.021875
3 0.51171875 0.284375 0.01640625 0.025
3 0.48203125 0.3078125 0.01640625 0.0265625
10 0.425 0.39609375 0.0296875 0.059375
3 0.55234375 0.2421875 0.02109375 0.01796875
3 0.54609375 0.23515625 0.01953125 0.01640625
2 0.53046875 0.2484375 0.02578125 0.0484375
3 0.5328125 0.271875 0.01484375 0.021875
3 0.53984375 0.284375 0.0171875 0.0265625
3 0.546875 0.31015625 0.01640625 0.03359375
7 0.55234375 0.25703125 0.0046875 0.01640625
4 0.55234375 0.2609375 0.00625 0.01484375
6 0.56171875 0.259375 0.00390625 0.01640625
7 0.56484375 0.2609375 0.00390625 0.01171875
1 0.5640625 0.26328125 0.003125 0.0109375
10 0.5875 0.5109375 0.0328125 0.06953125
3 0.37734375 0.51796875 0.04609375 0.07890625
3 0.31171875 0.771875 0.07578125 0.140625
3 0.715625 0.58203125 0.05078125 0.075
1 0.678125 0.496875 0.01171875 0.04296875
3 0.81953125 0.58515625 0.09609375 0.0703125
1 0.32265625 0.42109375 0.009375 0.02890625
1 0.35078125 0.38359375 0.015625 0.025
6 0.3625 0.378125 0.00625 0.03359375
6 0.35546875 0.37421875 0.00625 0.03515625
6 0.3640625 0.3640625 0.00546875 0.03125
6 0.35625 0.36640625 0.00546875 0.034375
8 0.6203125 0.32890625 0.0109375 0.02890625
6 0.63046875 0.33203125 0.00625 0.0265625
6 0.6328125 0.328125 0.00546875 0.028125