3 0.4171875 0.7015625 0.0578125 0.0296875
6 0.42734375 0.62734375 0.0296875 0.0078125
6 0.43828125 0.61328125 0.03125 0.0109375
7 0.378125 0.646875 0.025 0.009375
7 0.37890625 0.65546875 0.01875 0.0078125
4 0.38828125 0.65625 0.0140625 0.0046875
4 0.3828125 0.646875 0.021875 0.0078125
7 0.35390625 0.66875 0.015625 0.0078125
4 0.3640625 0.66953125 0.015625 0.0078125
6 0.34296875 0.65546875 0.025 0.0078125
7 0.3625 0.68203125 0.015625 0.0078125
7 0.365625 0.68203125 0.015625 0.00625
4 0.36875 0.68359375 0.021875 0.009375
7 0.459375 0.6359375 0.015625 0.0078125
4 0.45234375 0.54609375 0.0296875 0.0140625
8 0.4515625 0.60390625 0.0390625 0.0203125
8 0.43046875 0.61171875 0.03125 0.03125
7 0.44765625 0.5359375 0.015625 0.0109375
7 0.44765625 0.52734375 0.01875 0.0109375
7 0.45390625 0.6359375 0.0203125 0.0078125
7 0.48046875 0.64453125 0.01875 0.0078125
4 0.48125 0.6453125 0.021875 0.0125
4 0.3609375 0.6375 0.015625 0.0140625
4 0.3234375 0.653125 0.0125 0.0125
3 0.271875 0.65625 0.0171875 0.0265625
3 0.3 0.7015625 0.0265625 0.0171875
3 0.21796875 0.72734375 0.015625 0.0109375
4 0.35546875 0.76171875 0.015625 0.0140625
4 0.37734375 0.76484375 0.0203125 0.0078125
3 0.17421875 0.728125 0.009375 0.00625
1 0.29609375 0.646875 0.0125 0.009375
4 0.34921875 0.64296875 0.0171875 0.0171875
4 0.33671875 0.64765625 0.0140625 0.0125
7 0.2984375 0.68046875 0.015625 0.0078125
7 0.303125 0.68046875 0.0140625 0.00625
7 0.2609375 0.6953125 0.0125 0.003125
7 0.22890625 0.70703125 0.0109375 0.003125
8 0.221875 0.71328125 0.0109375 0.00625
3 0.2078125 0.68984375 0.0109375 0.015625
9 0.19375 0.71171875 0.01875 0.0140625
3 0.18125 0.715625 0.009375 0.00625
3 0.175 0.71796875 0.009375 0.00625
7 0.2453125 0.709375 0.0125 0.00625
6 0.3375 0.634375 0.0203125 0.0078125
4 0.25 0.71015625 0.0109375 0.003125
4 0.26484375 0.69609375 0.0125 0.003125
4 0.26171875 0.6828125 0.009375 0.009375
1 0.228125 0.6984375 0.009375 0.009375
8 0.24296875 0.690625 0.0109375 0.009375
4 0.2515625 0.690625 0.009375 0.00625
7 0.24140625 0.74296875 0.0109375 0.003125
4 0.2453125 0.74296875 0.0125 0.003125
7 0.2171875 0.71328125 0.009375 0.003125
7 0.1890625 0.73203125 0.00625 0.003125
7 0.17578125 0.74375 0.00625 0.003125
4 0.1796875 0.74375 0.00625 0.003125
4 0.18359375 0.7328125 0.00625 0.0015625
0 0.18671875 0.72734375 0.0109375 0.003125
7 0.18046875 0.7328125 0.00625 0.003125
4 0.19296875 0.73203125 0.00625 0.003125