3 0.51953125 0.56796875 0.02578125 0.05390625
9 0.23203125 0.2765625 0.06640625 0.03828125
2 0.68046875 0.2734375 0.02734375 0.028125
9 0.69296875 0.221875 0.009375 0.02890625
9 0.67734375 0.1953125 0.0078125 0.01875
3 0.62734375 0.17421875 0.00703125 0.01953125
3 0.6171875 0.171875 0.0046875 0.01015625
9 0.5609375 0.178125 0.01328125 0.015625
3 0.54765625 0.19375 0.00625 0.01328125
3 0.57421875 0.19140625 0.00703125 0.009375
3 0.63984375 0.19296875 0.00390625 0.01015625
3 0.6546875 0.20078125 0.00390625 0.01171875
3 0.6015625 0.20078125 0.0015625 0.00703125
3 0.5828125 0.184375 0.00390625 0.00703125