3 0.33359375 0.42890625 0.02890625 0.0640625
3 0.2671875 0.415625 0.02265625 0.0609375
3 0.28515625 0.3453125 0.01875 0.04296875
3 0.27421875 0.26484375 0.015625 0.03125
3 0.24921875 0.2546875 0.01328125 0.028125
3 0.23671875 0.1609375 0.00859375 0.01796875
10 0.25234375 0.15703125 0.01015625 0.01953125
10 0.2546875 0.1390625 0.00703125 0.01875
0 0.26171875 0.15078125 0.00703125 0.01484375
6 0.13203125 0.31171875 0.00625 0.01875
8 0.0828125 0.340625 0.01484375 0.0359375
8 0.06328125 0.396875 0.01875 0.04609375
6 0.05859375 0.45859375 0.0078125 0.02578125
8 0.034375 0.48359375 0.021875 0.03203125
6 0.03828125 0.49453125 0.00703125 0.01015625
6 0.16171875 0.19453125 0.00390625 0.0140625
6 0.165625 0.20234375 0.00390625 0.01796875
8 0.18203125 0.1015625 0.00546875 0.01171875
3 0.18515625 0.08671875 0.00546875 0.0109375
3 0.18515625 0.08046875 0.0046875 0.009375
6 0.1796875 0.07890625 0.00234375 0.00859375
6 0.171875 0.08984375 0.0015625 0.009375
6 0.00546875 0.09921875 0.003125 0.0109375
3 0.20234375 0.06953125 0.00390625 0.009375
3 0.19609375 0.05703125 0.00390625 0.00703125
3 0.20234375 0.0578125 0.00390625 0.00859375
3 0.209375 0.05390625 0.0078125 0.00546875
3 0.2171875 0.05625 0.00703125 0.00703125
3 0.225 0.08125 0.0046875 0.009375
3 0.2234375 0.06875 0.0046875 0.00703125
3 0.2328125 0.07734375 0.00546875 0.00859375
3 0.23125 0.07109375 0.0046875 0.00625
3 0.2296875 0.06484375 0.00390625 0.00703125
3 0.22265625 0.0640625 0.00390625 0.00546875
3 0.221875 0.059375 0.00390625 0.00625
9 0.23046875 0.05859375 0.00390625 0.009375
6 0.190625 0.059375 0.0015625 0.00625
3 0.22578125 0.0515625 0.0046875 0.00625
6 0.08203125 0.084375 0.003125 0.01015625