3 0.75625 0.73984375 0.0375 0.021875
4 0.71171875 0.8109375 0.0375 0.0171875
4 0.76015625 0.77734375 0.0140625 0.009375
4 0.77578125 0.74765625 0.015625 0.00625
4 0.61875 0.7125 0.0171875 0.009375
4 0.6578125 0.66796875 0.034375 0.0125
4 0.59140625 0.675 0.0125 0.0078125
4 0.85078125 0.72265625 0.009375 0.0046875
0 0.88828125 0.70859375 0.0203125 0.009375
3 0.90546875 0.68984375 0.0125 0.0078125
0 0.89921875 0.6765625 0.0109375 0.0046875
1 0.7515625 0.76328125 0.0109375 0.0078125
7 0.76953125 0.77578125 0.0140625 0.009375
7 0.7609375 0.7625 0.015625 0.0078125
7 0.63359375 0.71015625 0.025 0.0125
7 0.60703125 0.67109375 0.021875 0.0109375
3 0.64921875 0.63359375 0.0546875 0.034375
10 0.60859375 0.8265625 0.0640625 0.0375
7 0.8703125 0.66484375 0.0125 0.00625
7 0.85234375 0.6703125 0.00625 0.0046875
4 0.825 0.67265625 0.0125 0.00625
7 0.81796875 0.678125 0.0109375 0.0046875
7 0.85703125 0.7359375 0.0109375 0.0046875
7 0.86484375 0.72734375 0.009375 0.0046875
7 0.859375 0.7234375 0.0140625 0.0046875
7 0.87265625 0.71328125 0.009375 0.0046875
2 0.9796875 0.828125 0.015625 0.0171875
4 0.85546875 0.73671875 0.00625 0.0046875
4 0.8640625 0.728125 0.003125 0.003125
4 0.871875 0.71328125 0.00625 0.0046875
4 0.86640625 0.665625 0.0078125 0.0078125
4 0.81328125 0.68046875 0.0125 0.0078125
4 0.84921875 0.6703125 0.00625 0.0046875
7 0.784375 0.74609375 0.0109375 0.00625
7 0.85390625 0.66015625 0.009375 0.0046875
1 0.85078125 0.6609375 0.009375 0.0046875
7 0.66015625 0.66796875 0.0171875 0.009375
7 0.65234375 0.66953125 0.0125 0.0078125