3 0.1734375 0.44921875 0.02421875 0.06328125
4 0.21328125 0.33203125 0.0078125 0.028125
7 0.21328125 0.33359375 0.00625 0.01484375
7 0.21171875 0.30546875 0.00546875 0.01484375
4 0.21171875 0.3109375 0.00390625 0.0140625
4 0.21875 0.3015625 0.00390625 0.01171875
7 0.21875 0.29609375 0.00390625 0.01484375
4 0.2125 0.28671875 0.00390625 0.01171875
7 0.2125 0.28203125 0.00390625 0.01171875
4 0.21875 0.28125 0.0046875 0.009375
7 0.21875 0.27578125 0.0046875 0.01328125
4 0.2109375 0.259375 0.0046875 0.015625
7 0.21171875 0.259375 0.00390625 0.01015625
9 0.19765625 0.26875 0.01796875 0.05703125
1 0.215625 0.24140625 0.003125 0.009375
7 0.215625 0.2390625 0.003125 0.009375
3 0.22109375 0.22109375 0.0078125 0.01171875
3 0.15390625 0.20703125 0.0109375 0.00859375
3 0.2203125 0.20390625 0.00703125 0.01171875
7 0.24453125 0.2390625 0.003125 0.009375
4 0.24375 0.24140625 0.00390625 0.00859375
3 0.23515625 0.26640625 0.01015625 0.015625
7 0.25 0.27109375 0.00234375 0.01015625
1 0.25 0.2734375 0.003125 0.01171875
6 0.25546875 0.27578125 0.00234375 0.00859375
6 0.2578125 0.2734375 0.00234375 0.01484375
3 0.26171875 0.2296875 0.01328125 0.01328125
3 0.2609375 0.20859375 0.0109375 0.0109375
4 0.28125 0.4125 0.0078125 0.0234375
7 0.28125 0.40625 0.0078125 0.01875
7 0.28125 0.4109375 0.01015625 0.01796875
6 0.309375 0.42578125 0.0046875 0.03125
6 0.3171875 0.4203125 0.0046875 0.028125
7 0.2296875 0.196875 0.00234375 0.00703125
7 0.2359375 0.1984375 0.0015625 0.00546875
7 0.22890625 0.19140625 0.00234375 0.00546875
7 0.2296875 0.18671875 0.00234375 0.00625
7 0.215625 0.19609375 0.0015625 0.00546875
7 0.21328125 0.19296875 0.00234375 0.00625
7 0.21484375 0.19296875 0.00234375 0.00546875
1 0.22890625 0.19921875 0.003125 0.00390625
1 0.2359375 0.2 0.0015625 0.00390625
1 0.2296875 0.18828125 0.00234375 0.003125
1 0.215625 0.20078125 0.00234375 0.0046875
4 0.21328125 0.1953125 0.00234375 0.00390625
4 0.22890625 0.19375 0.00234375 0.0046875
3 0.221875 0.175 0.0046875 0.00703125
3 0.2171875 0.16796875 0.00390625 0.00546875
3 0.22421875 0.16953125 0.00390625 0.00546875
10 0.2234375 0.1640625 0.003125 0.00625
4 0.22734375 0.17578125 0.00234375 0.009375
7 0.22734375 0.1734375 0.00234375 0.0046875
9 0.234375 0.178125 0.00546875 0.01171875