3 0.3421875 0.134375 0.00703125 0.0109375
3 0.321875 0.14765625 0.0078125 0.01171875
6 0.30859375 0.18046875 0.00234375 0.0140625
3 0.3015625 0.15625 0.00859375 0.015625
3 0.346875 0.21328125 0.01171875 0.02109375
3 0.31875 0.1890625 0.0109375 0.01640625
3 0.29140625 0.1765625 0.0171875 0.015625
3 0.27265625 0.225 0.01171875 0.021875
3 0.3 0.26328125 0.01484375 0.028125
3 0.40625 0.17578125 0.01875 0.015625
4 0.38671875 0.17890625 0.00390625 0.01328125
7 0.38671875 0.178125 0.00234375 0.00859375
7 0.38671875 0.17734375 0.00390625 0.01015625
3 0.365625 0.203125 0.01171875 0.01640625
3 0.36484375 0.18046875 0.01015625 0.01875
3 0.40703125 0.18671875 0.01796875 0.01484375
3 0.40546875 0.19453125 0.01484375 0.01484375
3 0.41171875 0.203125 0.01484375 0.015625
10 0.4125 0.20859375 0.01171875 0.02109375
3 0.41640625 0.225 0.01640625 0.0203125
4 0.40703125 0.23671875 0.00390625 0.01484375
7 0.40703125 0.23359375 0.00546875 0.01640625
7 0.44765625 0.18359375 0.003125 0.0140625
3 0.4390625 0.21875 0.0265625 0.0203125
6 0.43359375 0.234375 0.00546875 0.01875
6 0.39765625 0.33984375 0.00625 0.0296875
3 0.375 0.3484375 0.01875 0.03671875
3 0.4484375 0.303125 0.02109375 0.028125
4 0.42578125 0.30859375 0.00625 0.02109375
7 0.4265625 0.30390625 0.00546875 0.02421875
3 0.46328125 0.334375 0.02578125 0.034375
4 0.4484375 0.3765625 0.0078125 0.02890625
7 0.45 0.378125 0.00703125 0.01875
7 0.44921875 0.36875 0.00625 0.025
4 0.45703125 0.409375 0.00859375 0.0265625
7 0.45703125 0.403125 0.00625 0.03125
6 0.47890625 0.35859375 0.00546875 0.0296875
8 0.465625 0.36796875 0.0125 0.034375
3 0.5015625 0.37890625 0.05703125 0.03984375
6 0.559375 0.35078125 0.0046875 0.0359375
6 0.559375 0.36484375 0.00390625 0.01875
7 0.5640625 0.36640625 0.00546875 0.02109375
7 0.565625 0.36875 0.00625 0.01953125
7 0.57265625 0.36953125 0.00703125 0.0234375
6 0.615625 0.3890625 0.015625 0.0390625
3 0.55859375 0.45390625 0.05546875 0.0515625
6 0.60546875 0.446875 0.009375 0.03828125
7 0.62890625 0.45390625 0.01328125 0.02890625
7 0.64140625 0.490625 0.01484375 0.03046875
7 0.61640625 0.49453125 0.01171875 0.03046875
7 0.609375 0.5 0.01484375 0.03125
10 0.5421875 0.53203125 0.04609375 0.0953125
4 0.65 0.6515625 0.0328125 0.04375
4 0.61953125 0.59140625 0.02734375 0.03203125
3 0.60078125 0.66953125 0.06640625 0.078125
3 0.396875 0.51953125 0.03828125 0.0796875
3 0.29609375 0.52421875 0.0375 0.078125
4 0.3453125 0.440625 0.009375 0.03359375
7 0.3453125 0.43125 0.01015625 0.03359375
3 0.2703125 0.14375 0.01328125 0.01015625
3 0.27265625 0.15078125 0.0078125 0.01015625
3 0.2671875 0.15546875 0.01171875 0.01015625
3 0.25 0.17109375 0.01484375 0.015625
3 0.2484375 0.1828125 0.01171875 0.015625
3 0.2609375 0.1640625 0.01015625 0.0140625
3 0.23203125 0.20390625 0.01484375 0.01953125
3 0.2234375 0.215625 0.015625 0.021875
4 0.2078125 0.19921875 0.00546875 0.0140625
3 0.19453125 0.2234375 0.03046875 0.02109375
4 0.2015625 0.21328125 0.0109375 0.01015625
3 0.20546875 0.24140625 0.01796875 0.02109375
3 0.203125 0.2546875 0.01953125 0.02578125
3 0.1796875 0.27734375 0.02421875 0.02890625
4 0.1671875 0.25546875 0.00703125 0.01015625
1 0.16953125 0.25 0.0109375 0.0109375
3 0.0546875 0.303125 0.04609375 0.034375
3 0.08125 0.346875 0.0625 0.0390625
4 0.15234375 0.2953125 0.00546875 0.01875
7 0.1375 0.2984375 0.00390625 0.01171875
8 0.1375 0.30546875 0.0296875 0.01875
3 0.0296875 0.47734375 0.05703125 0.075
8 0.21953125 0.44453125 0.01796875 0.0390625
7 0.21640625 0.43046875 0.009375 0.0265625
3 0.253125 0.26640625 0.01875 0.0265625