3 0.65234375 0.6234375 0.04140625 0.04140625
3 0.678125 0.515625 0.02578125 0.021875
3 0.6859375 0.528125 0.02578125 0.02578125
9 0.659375 0.55703125 0.08828125 0.0953125
3 0.37578125 0.5890625 0.02265625 0.0390625
7 0.3703125 0.584375 0.00390625 0.01171875
7 0.38046875 0.58515625 0.00546875 0.01640625
9 0.24609375 0.49765625 0.05 0.084375
9 0.28359375 0.46015625 0.03203125 0.0484375
9 0.31796875 0.46640625 0.02578125 0.03828125
9 0.2890625 0.50625 0.0328125 0.065625
3 0.38125 0.5265625 0.01640625 0.03359375
3 0.38359375 0.509375 0.01328125 0.021875
3 0.38203125 0.49453125 0.01015625 0.02109375
3 0.3796875 0.484375 0.01015625 0.01640625
3 0.3890625 0.478125 0.01015625 0.01953125
3 0.37734375 0.4734375 0.01171875 0.01640625
3 0.396875 0.46640625 0.01015625 0.0140625
3 0.3828125 0.4671875 0.00859375 0.015625
3 0.33359375 0.528125 0.01640625 0.03515625
3 0.33671875 0.51796875 0.0125 0.034375
3 0.34140625 0.503125 0.0109375 0.0203125
3 0.34296875 0.49765625 0.00859375 0.0265625
9 0.3453125 0.46953125 0.01328125 0.03203125
9 0.37734375 0.41484375 0.01484375 0.0203125
9 0.4375 0.41171875 0.01328125 0.01796875
3 0.4671875 0.41328125 0.00546875 0.00546875
3 0.53515625 0.50859375 0.01796875 0.02578125