3 0.8875 0.4390625 0.1125 0.1453125
6 0.415625 0.5453125 0.0640625 0.103125
6 0.4171875 0.4828125 0.0609375 0.090625
6 0.4703125 0.484375 0.0546875 0.0953125
6 0.4671875 0.4734375 0.0546875 0.0953125
6 0.77734375 0.43203125 0.05 0.0828125
6 0.796875 0.3734375 0.0546875 0.0921875
6 0.775 0.3546875 0.0625 0.1015625
6 0.88359375 0.28359375 0.0671875 0.1015625
6 0.90546875 0.25 0.0546875 0.0921875
6 0.88203125 0.2171875 0.04375 0.078125
6 0.9046875 0.18671875 0.0203125 0.0328125
6 0.8984375 0.1671875 0.021875 0.0359375
6 0.8875 0.1828125 0.021875 0.0375
7 0.87578125 0.16875 0.01875 0.0296875
7 0.88046875 0.1484375 0.0265625 0.040625
6 0.8765625 0.13828125 0.0234375 0.0390625
6 0.88359375 0.125 0.015625 0.025
6 0.8890625 0.13984375 0.015625 0.028125
6 0.87265625 0.18515625 0.0203125 0.0328125
6 0.86953125 0.17734375 0.0203125 0.0328125
6 0.86328125 0.18203125 0.021875 0.040625
6 0.859375 0.17734375 0.025 0.04375
6 0.853125 0.15078125 0.0234375 0.0390625
7 0.8234375 0.16640625 0.01875 0.0265625
6 0.81171875 0.13671875 0.0234375 0.0390625
6 0.79921875 0.12734375 0.0203125 0.0328125
3 0.83671875 0.20625 0.0625 0.065625
3 0.80234375 0.23359375 0.0578125 0.0578125
3 0.73671875 0.2359375 0.0609375 0.0734375
3 0.69375 0.24609375 0.0609375 0.075
3 0.76171875 0.17109375 0.0546875 0.0640625
3 0.7359375 0.1875 0.053125 0.0625
7 0.86015625 0.0890625 0.01875 0.0296875
1 0.8640625 0.10234375 0.021875 0.025
6 0.85234375 0.06875 0.015625 0.0203125
1 0.85625 0.0796875 0.021875 0.025
6 0.8421875 0.07734375 0.01875 0.03125
6 0.83984375 0.0828125 0.021875 0.0359375
7 0.81796875 0.084375 0.01875 0.0296875
1 0.821875 0.09375 0.0203125 0.025
6 0.79609375 0.04453125 0.015625 0.028125
6 0.79375 0.0515625 0.015625 0.028125
6 0.7875 0.05390625 0.015625 0.028125
7 0.79140625 0.07421875 0.01875 0.028125
1 0.7953125 0.08671875 0.015625 0.0203125
7 0.78359375 0.0859375 0.0140625 0.021875
1 0.7875 0.1 0.0140625 0.0203125
6 0.784375 0.09921875 0.015625 0.0296875
1 0.7828125 0.12890625 0.015625 0.021875
1 0.78125 0.1140625 0.015625 0.015625
1 0.77578125 0.1125 0.0171875 0.0171875
1 0.77109375 0.11171875 0.0171875 0.01875
1 0.7671875 0.1125 0.021875 0.0234375
6 0.74765625 0.11328125 0.0203125 0.034375
6 0.775 0.03671875 0.015625 0.025
6 0.76796875 0.0046875 0.0140625 0.009375
6 0.76015625 0.0078125 0.0140625 0.015625
6 0.73671875 0.02109375 0.0140625 0.025
6 0.74375 0.00546875 0.0125 0.0109375
6 0.7296875 0.00859375 0.009375 0.015625
6 0.72578125 0.00625 0.0109375 0.0125
6 0.728125 0.00546875 0.009375 0.0109375
6 0.69609375 0.009375 0.009375 0.015625
6 0.690625 0.00625 0.009375 0.0125
6 0.68828125 0.01015625 0.009375 0.01875
6 0.68125 0.0140625 0.0109375 0.021875
6 0.68125 0.01328125 0.009375 0.015625
6 0.6765625 0.01875 0.0125 0.0234375
7 0.75859375 0.06171875 0.0140625 0.021875
1 0.76328125 0.07578125 0.0140625 0.0203125
7 0.7171875 0.0484375 0.0109375 0.01875
1 0.71953125 0.05546875 0.0109375 0.0171875
7 0.709375 0.0421875 0.0125 0.0203125
1 0.7125 0.05078125 0.0125 0.0140625
7 0.6890625 0.03828125 0.0109375 0.0171875
1 0.69296875 0.04921875 0.009375 0.0125
6 0.67890625 0.0296875 0.009375 0.01875
7 0.6765625 0.03671875 0.0109375 0.015625
4 0.68046875 0.04375 0.009375 0.0109375
3 0.7125 0.13515625 0.05 0.05625
3 0.68515625 0.15078125 0.0421875 0.0484375
3 0.67578125 0.109375 0.034375 0.0390625
6 0.7140625 0.075 0.015625 0.0265625
6 0.7046875 0.06796875 0.015625 0.0265625
6 0.69765625 0.07109375 0.0140625 0.021875
6 0.6921875 0.06796875 0.0109375 0.0234375
6 0.696875 0.06328125 0.0125 0.0203125
6 0.684375 0.05625 0.0109375 0.0234375
7 0.66953125 0.04375 0.0109375 0.015625
4 0.67265625 0.05078125 0.0109375 0.0140625
7 0.66328125 0.03125 0.0109375 0.0171875
4 0.665625 0.03671875 0.009375 0.0109375
7 0.66328125 0.0625 0.0125 0.0203125
4 0.66875 0.06640625 0.015625 0.015625
6 0.6578125 0.0546875 0.009375 0.01875
6 0.653125 0.05078125 0.0140625 0.021875
6 0.65234375 0.05546875 0.009375 0.015625
6 0.64921875 0.053125 0.009375 0.015625
6 0.64609375 0.0484375 0.0109375 0.015625
6 0.6453125 0.05234375 0.009375 0.015625
3 0.64921875 0.1578125 0.04375 0.0546875
3 0.6171875 0.17265625 0.0421875 0.05625
10 0.6421875 0.11328125 0.0453125 0.059375
3 0.60546875 0.14453125 0.0375 0.0453125
3 0.61640625 0.13125 0.0328125 0.040625
3 0.64296875 0.0890625 0.0296875 0.034375
3 0.6234375 0.08125 0.0265625 0.028125
3 0.6109375 0.0984375 0.028125 0.0328125
3 0.5890625 0.10703125 0.028125 0.0328125
3 0.56640625 0.115625 0.0265625 0.034375
3 0.55234375 0.1015625 0.0234375 0.0296875
3 0.540625 0.08828125 0.0234375 0.0265625
3 0.57265625 0.090625 0.025 0.03125
3 0.55234375 0.07734375 0.021875 0.028125
2 0.58125 0.06640625 0.0484375 0.0625
2 0.6015625 0.05625 0.053125 0.0640625
6 0.634375 0.05078125 0.0109375 0.01875
7 0.62421875 0.00703125 0.00625 0.0109375
1 0.62734375 0.0140625 0.00625 0.009375
7 0.615625 0.0203125 0.0078125 0.0125
1 0.6171875 0.025 0.0078125 0.0109375
6 0.6046875 0.01484375 0.009375 0.015625
6 0.6015625 0.0171875 0.009375 0.015625
6 0.59765625 0.01875 0.009375 0.015625
6 0.5703125 0.01171875 0.009375 0.01875
6 0.56484375 0.0078125 0.009375 0.015625
3 0.5609375 0.0640625 0.01875 0.021875
3 0.5515625 0.0546875 0.0203125 0.025
3 0.540625 0.0625 0.0203125 0.025
2 0.55234375 0.0328125 0.034375 0.0421875
2 0.53671875 0.0234375 0.0296875 0.0390625
6 0.51640625 0.0140625 0.0234375 0.028125
3 0.5421875 0.04765625 0.0171875 0.01875
3 0.53046875 0.0578125 0.015625 0.0203125
3 0.5234375 0.05390625 0.0140625 0.01875
3 0.534375 0.04453125 0.0140625 0.0171875
3 0.53046875 0.0390625 0.0140625 0.01875
3 0.52265625 0.03671875 0.0109375 0.015625
3 0.51953125 0.0484375 0.0140625 0.01875
3 0.5109375 0.04375 0.0140625 0.01875
3 0.5140625 0.03515625 0.0125 0.015625
3 0.50234375 0.0375 0.0140625 0.015625
3 0.51875 0.02578125 0.0171875 0.0171875
3 0.5078125 0.0234375 0.0140625 0.0171875
3 0.50078125 0.03203125 0.0109375 0.0140625
3 0.496875 0.02734375 0.009375 0.0109375
3 0.5015625 0.0203125 0.009375 0.0109375
3 0.50078125 0.01875 0.009375 0.0109375
3 0.4984375 0.0171875 0.0109375 0.0140625
3 0.49609375 0.0125 0.009375 0.0109375
3 0.4921875 0.02578125 0.009375 0.0125
3 0.4921875 0.02109375 0.009375 0.0109375
3 0.4890625 0.01796875 0.0078125 0.0078125
3 0.48359375 0.02890625 0.0109375 0.015625
3 0.559375 0.1703125 0.03125 0.0390625
3 0.6171875 0.246875 0.04375 0.0546875
3 0.584375 0.27265625 0.0453125 0.05625
3 0.5296875 0.26796875 0.0421875 0.05625
3 0.51171875 0.178125 0.0296875 0.0390625
3 0.5171875 0.1484375 0.0265625 0.034375
3 0.5171875 0.1109375 0.021875 0.025
3 0.4640625 0.02421875 0.009375 0.0125
3 0.47890625 0.059375 0.0140625 0.01875
3 0.4921875 0.0828125 0.0171875 0.01875
2 0.4703125 0.071875 0.0203125 0.0296875
3 0.45078125 0.0765625 0.0140625 0.015625
3 0.446875 0.05859375 0.0109375 0.0171875
10 0.4546875 0.02890625 0.0109375 0.0140625
3 0.4359375 0.034375 0.0171875 0.0171875
6 0.4296875 0.06640625 0.0078125 0.0125
6 0.43203125 0.08671875 0.009375 0.015625
3 0.45859375 0.134375 0.0234375 0.0265625
3 0.45859375 0.153125 0.028125 0.0328125
7 0.490625 0.22265625 0.0140625 0.021875
4 0.4953125 0.23046875 0.0125 0.021875
3 0.47734375 0.246875 0.034375 0.04375
3 0.4859375 0.28828125 0.0390625 0.046875
3 0.5015625 0.328125 0.0421875 0.053125
1 0.45078125 0.2453125 0.0140625 0.021875
3 0.44296875 0.24375 0.015625 0.025
7 0.4578125 0.28125 0.015625 0.025
6 0.471875 0.30078125 0.0203125 0.0390625
7 0.459375 0.3015625 0.0140625 0.021875
1 0.46484375 0.31171875 0.0140625 0.021875
7 0.46328125 0.325 0.015625 0.025
1 0.46875 0.34296875 0.015625 0.021875
6 0.30703125 0.190625 0.0140625 0.021875
6 0.3296875 0.20546875 0.0109375 0.0234375
6 0.3328125 0.2015625 0.0125 0.021875
6 0.3421875 0.2171875 0.0109375 0.021875
6 0.3359375 0.21640625 0.0125 0.025
6 0.2984375 0.2109375 0.0125 0.0203125
6 0.2953125 0.21015625 0.009375 0.015625
6 0.28515625 0.2015625 0.009375 0.01875
6 0.28203125 0.203125 0.0109375 0.01875
6 0.27734375 0.21796875 0.0125 0.0203125
6 0.26640625 0.21640625 0.0109375 0.021875
6 0.246875 0.2328125 0.009375 0.01875
6 0.26328125 0.234375 0.0125 0.0203125
6 0.26015625 0.21953125 0.0109375 0.0203125
6 0.2625 0.2171875 0.0109375 0.0203125
6 0.25859375 0.22734375 0.009375 0.01875
6 0.25859375 0.221875 0.009375 0.01875
6 0.37109375 0.234375 0.0171875 0.0296875
6 0.378125 0.25625 0.0171875 0.03125
3 0.3640625 0.26171875 0.0421875 0.0515625
6 0.34609375 0.2890625 0.0171875 0.0296875
1 0.44296875 0.28828125 0.01875 0.0203125
1 0.4375 0.29609375 0.021875 0.0234375
6 0.434375 0.29296875 0.0203125 0.0328125
6 0.425 0.29765625 0.015625 0.0265625
6 0.428125 0.3015625 0.01875 0.034375
6 0.42109375 0.30546875 0.0171875 0.03125
4 0.4203125 0.27421875 0.021875 0.0234375
1 0.41171875 0.284375 0.0109375 0.0171875
1 0.40703125 0.29296875 0.015625 0.025
6 0.39921875 0.28046875 0.015625 0.028125
6 0.39921875 0.28984375 0.0171875 0.034375
6 0.39765625 0.29765625 0.01875 0.034375
6 0.3359375 0.44140625 0.0453125 0.0765625
6 0.3453125 0.434375 0.0296875 0.0515625
6 0.3546875 0.4296875 0.03125 0.0546875
6 0.3546875 0.4203125 0.03125 0.05
6 0.3828125 0.43515625 0.028125 0.0453125
6 0.39375 0.42890625 0.0296875 0.0515625
6 0.384375 0.41328125 0.021875 0.0375
6 0.3765625 0.428125 0.025 0.0453125
6 0.35703125 0.38984375 0.025 0.04375
6 0.41796875 0.38125 0.0234375 0.0390625
6 0.42421875 0.3765625 0.025 0.0375
6 0.42109375 0.3625 0.0234375 0.0390625
6 0.384375 0.33046875 0.0234375 0.040625
6 0.37734375 0.3359375 0.0203125 0.0390625
6 0.36640625 0.34453125 0.01875 0.034375
6 0.3609375 0.34765625 0.021875 0.0375
6 0.384375 0.29453125 0.01875 0.034375
6 0.37734375 0.2890625 0.0171875 0.03125
6 0.3765625 0.3109375 0.0171875 0.0296875
6 0.3671875 0.32890625 0.0171875 0.03125
6 0.3578125 0.3296875 0.0171875 0.03125
6 0.36015625 0.315625 0.015625 0.028125
6 0.365625 0.31015625 0.0140625 0.0234375
6 0.36171875 0.30546875 0.0109375 0.0203125
6 0.36640625 0.30234375 0.015625 0.025
7 0.34296875 0.30703125 0.0140625 0.021875
1 0.346875 0.31875 0.0140625 0.021875
6 0.35234375 0.31953125 0.015625 0.028125
6 0.3625 0.2828125 0.015625 0.028125