10 0.19453125 0.890625 0.2171875 0.21875
7 0.284375 0.94140625 0.146875 0.1171875
4 0.31015625 0.97890625 0.1453125 0.0421875
3 0.459375 0.93203125 0.25 0.1359375
7 0.7671875 0.865625 0.1140625 0.146875
3 0.9015625 0.7203125 0.196875 0.278125
3 0.98671875 0.6140625 0.0265625 0.171875
3 0.97421875 0.47265625 0.0515625 0.0890625
3 0.95234375 0.4703125 0.0953125 0.08125
3 0.915625 0.47890625 0.0859375 0.0703125
3 0.8875 0.48046875 0.0953125 0.08125
3 0.853125 0.4828125 0.0765625 0.071875
3 0.82578125 0.48046875 0.071875 0.059375
10 0.7984375 0.4765625 0.090625 0.075
3 0.8765625 0.43984375 0.05 0.05625
3 0.85234375 0.4390625 0.071875 0.05625
0 0.33125 0.721875 0.1 0.165625
3 0.48984375 0.81015625 0.1734375 0.2109375
3 0.4890625 0.7203125 0.115625 0.140625
3 0.49609375 0.66484375 0.0921875 0.1125
3 0.484375 0.6203125 0.0671875 0.0734375
3 0.48125 0.6015625 0.0546875 0.0609375
3 0.48515625 0.5859375 0.046875 0.0546875
3 0.484375 0.5734375 0.0390625 0.053125
9 0.47890625 0.55859375 0.034375 0.04375
3 0.484375 0.55234375 0.0296875 0.0390625
10 0.47890625 0.51953125 0.015625 0.01875
7 0.45234375 0.54765625 0.0109375 0.025
1 0.45625 0.559375 0.0140625 0.0234375
1 0.43984375 0.56328125 0.021875 0.0234375
7 0.440625 0.56796875 0.0171875 0.025
1 0.4453125 0.58125 0.015625 0.0265625
3 0.55703125 0.621875 0.0765625 0.0921875
3 0.553125 0.59609375 0.0640625 0.075
3 0.53671875 0.578125 0.05 0.0546875
3 0.52734375 0.56640625 0.0421875 0.0515625
10 0.5109375 0.53984375 0.0359375 0.0515625
7 0.74453125 0.7203125 0.084375 0.1578125
1 0.753125 0.7546875 0.078125 0.13125
6 0.6921875 0.61640625 0.0578125 0.1125
6 0.671875 0.61640625 0.059375 0.115625
6 0.66640625 0.615625 0.0484375 0.0984375
3 0.6078125 0.6328125 0.05625 0.1078125
7 0.65234375 0.6375 0.053125 0.0953125
1 0.659375 0.66875 0.0515625 0.0921875
7 0.6078125 0.59296875 0.0359375 0.05625
4 0.61640625 0.6140625 0.0328125 0.0546875
7 0.603125 0.5671875 0.0328125 0.046875
4 0.6125 0.5859375 0.0234375 0.0359375
7 0.559375 0.55 0.025 0.034375
4 0.56328125 0.565625 0.01875 0.0296875
6 0.525 0.525 0.0140625 0.025
7 0.53203125 0.528125 0.015625 0.025
4 0.53515625 0.5375 0.0125 0.0203125
7 0.54453125 0.54140625 0.0140625 0.025
1 0.55 0.5578125 0.0140625 0.0234375
7 0.5625 0.53984375 0.021875 0.0375
1 0.5640625 0.55078125 0.0140625 0.025
7 0.553125 0.53046875 0.0140625 0.0234375
6 0.5484375 0.5328125 0.0171875 0.03125
6 0.56015625 0.53046875 0.0140625 0.025
3 0.5875 0.50234375 0.034375 0.0328125