7 0.378125 0.23046875 0.0171875 0.0515625
6 0.38125 0.209375 0.0296875 0.1140625
6 0.3984375 0.21640625 0.0296875 0.13125
3 0.55078125 0.2625 0.1046875 0.125
1 0.93984375 0.296875 0.0484375 0.075
1 0.86875 0.3890625 0.0203125 0.0515625
3 0.725 0.12578125 0.14375 0.2203125
3 0.73046875 0.25078125 0.09375 0.1140625
6 0.790625 0.2984375 0.0265625 0.1046875
7 0.68515625 0.33046875 0.021875 0.05625
1 0.68671875 0.29453125 0.01875 0.0421875
3 0.74140625 0.31796875 0.071875 0.1046875
3 0.753125 0.359375 0.05 0.0734375
3 0.7640625 0.38046875 0.0453125 0.059375
3 0.75625 0.40546875 0.0390625 0.0375
3 0.76015625 0.41875 0.0328125 0.04375
3 0.7609375 0.434375 0.03125 0.0375
3 0.759375 0.44609375 0.021875 0.0328125
3 0.75625 0.45546875 0.015625 0.0234375
3 0.75859375 0.4578125 0.01875 0.0296875
3 0.76171875 0.46328125 0.0203125 0.0296875
3 0.76015625 0.4734375 0.015625 0.0203125
3 0.759375 0.47890625 0.0171875 0.0203125
7 0.74296875 0.48359375 0.0046875 0.0125
4 0.74296875 0.47734375 0.0046875 0.009375
6 0.74765625 0.46875 0.0078125 0.021875
7 0.7359375 0.45625 0.0078125 0.021875
1 0.73671875 0.44765625 0.0046875 0.0203125
7 0.7359375 0.4671875 0.0078125 0.01875
3 0.72578125 0.49296875 0.0078125 0.015625
3 0.7203125 0.48828125 0.009375 0.0125
3 0.715625 0.484375 0.0109375 0.0140625
6 0.71796875 0.48515625 0.0046875 0.015625
3 0.715625 0.465625 0.01875 0.0265625
3 0.7078125 0.478125 0.0109375 0.0140625
3 0.7015625 0.475 0.0140625 0.0171875
3 0.6890625 0.47109375 0.0140625 0.0203125
6 0.684375 0.459375 0.009375 0.028125
3 0.70078125 0.4375 0.028125 0.040625
3 0.659375 0.39453125 0.046875 0.0609375
3 0.64453125 0.4265625 0.03125 0.0375
3 0.65703125 0.45546875 0.021875 0.0328125
3 0.47578125 0.378125 0.0796875 0.0609375
1 0.5671875 0.3921875 0.015625 0.0296875
1 0.57265625 0.39609375 0.0125 0.0296875