8 0.7765625 0.32734375 0.059375 0.0390625
4 0.76328125 0.30078125 0.046875 0.025
6 0.81328125 0.41875 0.0609375 0.0203125
6 0.71015625 0.41171875 0.065625 0.0203125
6 0.728125 0.41640625 0.05 0.0125
7 0.74140625 0.42421875 0.05625 0.015625
6 0.75390625 0.4546875 0.065625 0.01875
6 0.75703125 0.46796875 0.0625 0.0171875
6 0.75546875 0.4734375 0.03125 0.0109375
6 0.7921875 0.4671875 0.05 0.0171875
6 0.79375 0.4515625 0.05 0.015625
6 0.60703125 0.32734375 0.08125 0.028125
6 0.55 0.3578125 0.090625 0.034375
6 0.56796875 0.38203125 0.0828125 0.028125
6 0.33046875 0.4015625 0.0875 0.034375
6 0.31484375 0.446875 0.0515625 0.028125
6 0.40703125 0.44375 0.1 0.03125
6 0.33984375 0.478125 0.096875 0.034375
6 0.39453125 0.496875 0.0921875 0.034375
6 0.44921875 0.46953125 0.0890625 0.03125
6 0.44453125 0.52109375 0.0859375 0.03125
6 0.49609375 0.49375 0.0890625 0.03125
6 0.5390625 0.45078125 0.0921875 0.028125
6 0.56484375 0.45703125 0.078125 0.0265625
6 0.553125 0.43671875 0.075 0.021875
6 0.7328125 0.48828125 0.065625 0.01875
6 0.70390625 0.52734375 0.0640625 0.01875
6 0.7515625 0.53515625 0.0375 0.0125
6 0.75625 0.52421875 0.059375 0.0171875
7 0.79921875 0.5375 0.040625 0.015625
1 0.7875 0.5390625 0.0359375 0.0234375
6 0.7734375 0.5625 0.05625 0.0125
6 0.72890625 0.5671875 0.0578125 0.01875
6 0.70078125 0.5671875 0.05625 0.015625
6 0.6421875 0.51640625 0.0765625 0.0203125
6 0.62421875 0.5359375 0.0734375 0.0234375
6 0.56484375 0.5328125 0.0765625 0.025
6 0.48359375 0.5390625 0.0921875 0.025
6 0.5109375 0.56015625 0.0859375 0.028125
6 0.553125 0.59453125 0.0859375 0.03125
6 0.6 0.56171875 0.0765625 0.0203125
6 0.6265625 0.5734375 0.0734375 0.0203125
6 0.66484375 0.5828125 0.0390625 0.0125
7 0.66171875 0.575 0.0328125 0.0234375
6 0.64296875 0.59375 0.0765625 0.0203125
6 0.73046875 0.59375 0.0734375 0.0203125
6 0.68125 0.61015625 0.0765625 0.0203125
6 0.6578125 0.63984375 0.0734375 0.0234375
6 0.5671875 0.6359375 0.0921875 0.028125
6 0.58125 0.68046875 0.0828125 0.021875
6 0.653125 0.68125 0.0765625 0.0265625
6 0.64453125 0.71953125 0.0828125 0.021875
6 0.57265625 0.75390625 0.0859375 0.040625
6 0.640625 0.7453125 0.0765625 0.0234375
6 0.625 0.77890625 0.0828125 0.025
6 0.60390625 0.8375 0.0859375 0.0375
6 0.54375 0.81875 0.0828125 0.03125
6 0.58203125 0.8875 0.08125 0.034375
6 0.51171875 0.884375 0.0890625 0.0328125
6 0.54609375 0.9578125 0.0859375 0.0375
6 0.4796875 0.95390625 0.090625 0.0390625
6 0.76015625 0.6953125 0.0578125 0.021875
6 0.81640625 0.70546875 0.053125 0.015625
6 0.853125 0.6359375 0.05625 0.015625
6 0.878125 0.63515625 0.0375 0.0109375
6 0.9015625 0.64296875 0.053125 0.0125
6 0.8640625 0.65234375 0.059375 0.0171875
6 0.85546875 0.6625 0.05625 0.015625
6 0.85859375 0.6671875 0.05 0.0109375
6 0.85703125 0.67734375 0.0515625 0.0125
6 0.975 0.75546875 0.040625 0.0125
6 0.971875 0.74921875 0.0375 0.0125
6 0.9109375 0.73828125 0.0484375 0.0125
6 0.90390625 0.75390625 0.0515625 0.0140625
6 0.925 0.77109375 0.05 0.015625
6 0.909375 0.778125 0.046875 0.015625
6 0.91171875 0.790625 0.046875 0.015625