9 0.22265625 0.23046875 0.021875 0.03359375
9 0.2375 0.29296875 0.04921875 0.046875
9 0.25546875 0.32421875 0.03671875 0.04140625
9 0.28515625 0.2734375 0.01953125 0.03984375
9 0.346875 0.21953125 0.02265625 0.03046875
9 0.32109375 0.34140625 0.040625 0.06328125
9 0.33828125 0.2609375 0.0375 0.04140625
9 0.39921875 0.315625 0.0453125 0.05625
9 0.57578125 0.37578125 0.065625 0.059375
9 0.59765625 0.2890625 0.053125 0.05859375
9 0.7015625 0.31171875 0.01328125 0.04453125
9 0.50390625 0.634375 0.071875 0.13359375
9 0.63515625 0.23046875 0.0375 0.0265625
9 0.6515625 0.2296875 0.03359375 0.03125
9 0.6875 0.23671875 0.03515625 0.028125
9 0.69453125 0.22265625 0.02734375 0.03046875
6 0.190625 0.34375 0.00703125 0.025
6 0.60078125 0.459375 0.0078125 0.034375
6 0.5859375 0.50234375 0.01328125 0.04140625
7 0.5421875 0.2890625 0.0078125 0.01328125
7 0.69453125 0.38828125 0.00859375 0.02109375
4 0.69453125 0.39453125 0.01875 0.01796875
9 0.65546875 0.56015625 0.103125 0.13125