3 0.3484375 0.08359375 0.0140625 0.0171875
3 0.340625 0.10234375 0.015625 0.01875
3 0.32734375 0.1328125 0.015625 0.01875
3 0.31796875 0.15625 0.0125 0.015625
3 0.31015625 0.17265625 0.0140625 0.015625
3 0.30390625 0.1890625 0.0140625 0.0171875
3 0.29609375 0.2046875 0.0140625 0.0171875
3 0.28203125 0.2375 0.0140625 0.0171875
3 0.27421875 0.2546875 0.0140625 0.0171875
3 0.2671875 0.27265625 0.0140625 0.0171875
3 0.25859375 0.28828125 0.015625 0.01875
3 0.2515625 0.30546875 0.0125 0.015625
3 0.2421875 0.3046875 0.0140625 0.0171875
3 0.24453125 0.32265625 0.0140625 0.0171875
3 0.234375 0.33984375 0.0140625 0.0171875
3 0.22734375 0.33671875 0.0140625 0.0171875
3 0.22578125 0.3578125 0.0140625 0.0171875
3 0.2234375 0.3640625 0.0140625 0.0171875
3 0.21796875 0.37578125 0.0140625 0.0171875
3 0.2078125 0.39765625 0.0140625 0.0171875
3 0.2 0.3921875 0.0171875 0.01875
3 0.1984375 0.41640625 0.0140625 0.0171875
3 0.1796875 0.45078125 0.0140625 0.0171875
3 0.16953125 0.47421875 0.0140625 0.0171875
3 0.13515625 0.54375 0.015625 0.01875
3 0.11328125 0.58515625 0.015625 0.01875
6 0.1890625 0.4421875 0.0109375 0.00625
6 0.18515625 0.44375 0.0109375 0.00625
3 0.94296875 0.15 0.075 0.0515625
3 0.8859375 0.15078125 0.090625 0.0921875
3 0.90703125 0.23359375 0.1015625 0.096875
3 0.72734375 0.18515625 0.0703125 0.0796875
3 0.7484375 0.26796875 0.0953125 0.096875
3 0.721875 0.3421875 0.0875 0.0859375
3 0.57890625 0.44140625 0.059375 0.0609375
3 0.5984375 0.49609375 0.0703125 0.0734375
3 0.58984375 0.5546875 0.065625 0.065625
3 0.6734375 0.6609375 0.084375 0.08125
3 0.68203125 0.73828125 0.103125 0.0984375
10 0.84921875 0.78671875 0.1328125 0.1125
8 0.58125 0.38203125 0.03125 0.0328125
7 0.575 0.375 0.0265625 0.0171875
10 0.52734375 0.51640625 0.0734375 0.0671875
10 0.4234375 0.55234375 0.0546875 0.0484375
10 0.40625 0.69140625 0.059375 0.053125
10 0.3296875 0.69453125 0.0484375 0.04375
10 0.29921875 0.728125 0.0484375 0.04375
3 0.47265625 0.53984375 0.053125 0.053125
3 0.47265625 0.59921875 0.0671875 0.065625
3 0.43515625 0.6078125 0.053125 0.0546875
3 0.64609375 0.85703125 0.0890625 0.084375
3 0.47265625 0.64453125 0.0671875 0.065625
3 0.40078125 0.671875 0.0546875 0.053125
3 0.5609375 0.959375 0.0828125 0.075
3 0.353125 0.85859375 0.0515625 0.05
3 0.28125 0.9140625 0.0453125 0.046875
3 0.38046875 0.725 0.0515625 0.0515625
3 0.3140625 0.6890625 0.040625 0.0421875
3 0.378125 0.62890625 0.05 0.0515625
3 0.33828125 0.75546875 0.05 0.0484375
3 0.30703125 0.753125 0.04375 0.04375
3 0.30546875 0.7796875 0.0515625 0.05
3 0.31015625 0.9421875 0.0515625 0.0515625
9 0.428125 0.93828125 0.115625 0.10625
3 0.2625 0.7578125 0.04375 0.04375
3 0.26328125 0.7359375 0.040625 0.040625
3 0.2296875 0.79296875 0.0359375 0.034375
3 0.18671875 0.81328125 0.03125 0.03125
3 0.10859375 0.865625 0.025 0.025
3 0.21953125 0.775 0.0328125 0.0359375
3 0.20859375 0.76015625 0.0328125 0.034375
3 0.19765625 0.790625 0.03125 0.034375
3 0.2078125 0.8390625 0.0375 0.0375
3 0.1765625 0.83828125 0.0390625 0.0375
3 0.15546875 0.82109375 0.0296875 0.028125
3 0.1453125 0.87109375 0.0296875 0.028125
3 0.1328125 0.8671875 0.03125 0.0296875
3 0.146875 0.8859375 0.0359375 0.034375
9 0.15859375 0.83515625 0.0375 0.034375