7 0.7140625 0.18359375 0.0203125 0.0078125
4 0.70234375 0.18671875 0.0265625 0.01875
4 0.5515625 0.0265625 0.028125 0.028125
3 0.48125 0.10078125 0.0515625 0.0484375
3 0.578125 0.08125 0.08125 0.0546875
9 0.59609375 0.16484375 0.084375 0.0390625
3 0.53515625 0.24375 0.0984375 0.0375
4 0.70703125 0.08203125 0.0296875 0.015625
3 0.70234375 0.11953125 0.0515625 0.040625
3 0.6640625 0.15234375 0.0515625 0.0296875
3 0.73515625 0.165625 0.0484375 0.0265625
3 0.7140625 0.23046875 0.0453125 0.0234375
10 0.62109375 0.328125 0.0640625 0.05
9 0.7 0.271875 0.10625 0.040625
3 0.76953125 0.19609375 0.0359375 0.021875
9 0.8015625 0.1515625 0.0328125 0.01875
3 0.79453125 0.12734375 0.03125 0.021875
3 0.81953125 0.20625 0.0296875 0.01875
3 0.803125 0.17890625 0.0328125 0.01875
3 0.78828125 0.28828125 0.034375 0.0375
3 0.64921875 0.33203125 0.04375 0.0421875
3 0.69765625 0.3234375 0.053125 0.04375
3 0.721875 0.3203125 0.046875 0.0390625
4 0.5640625 0.40859375 0.0296875 0.025
4 0.615625 0.3953125 0.0328125 0.025
1 0.6046875 0.4125 0.0296875 0.021875
3 0.853125 0.21171875 0.0203125 0.0203125
3 0.8609375 0.13984375 0.0171875 0.0203125
7 0.80703125 0.10859375 0.025 0.0078125
7 0.8125 0.11328125 0.021875 0.0078125
3 0.8390625 0.16484375 0.0265625 0.021875
8 0.903125 0.2015625 0.0234375 0.0109375
3 0.84609375 0.18828125 0.0296875 0.015625
3 0.87109375 0.1921875 0.03125 0.0171875
3 0.9015625 0.215625 0.021875 0.0109375
3 0.921875 0.23984375 0.0203125 0.0109375
8 0.92109375 0.16640625 0.015625 0.0109375
3 0.91953125 0.1453125 0.0171875 0.0140625
3 0.93828125 0.175 0.0171875 0.0171875
3 0.95546875 0.1984375 0.0171875 0.015625
3 0.9296875 0.146875 0.0140625 0.0140625
3 0.93671875 0.15078125 0.0171875 0.0125
8 0.9609375 0.15859375 0.0109375 0.0109375
3 0.959375 0.1421875 0.0109375 0.0109375
3 0.9515625 0.225 0.015625 0.0171875
7 0.953125 0.2125 0.0125 0.0046875
6 0.953125 0.21640625 0.015625 0.0046875
6 0.96015625 0.21953125 0.009375 0.003125
6 0.96015625 0.2203125 0.009375 0.0046875