10 0.53125 0.6546875 0.01640625 0.05703125
9 0.53671875 0.54140625 0.028125 0.0703125
4 0.5546875 0.5265625 0.00390625 0.01796875
5 0.5265625 0.46953125 0.03515625 0.021875
9 0.5765625 0.346875 0.03359375 0.053125
3 0.36875 0.68125 0.01171875 0.04453125
3 0.3953125 0.56875 0.02734375 0.0234375
3 0.27109375 0.69375 0.028125 0.0265625
3 0.27421875 0.6015625 0.02890625 0.02421875
4 0.29609375 0.6640625 0.00546875 0.01875
7 0.29609375 0.66640625 0.00546875 0.0109375
3 0.33984375 0.57578125 0.01015625 0.0484375
3 0.35625 0.5078125 0.0109375 0.04375
3 0.37109375 0.47421875 0.009375 0.03984375
6 0.38515625 0.58828125 0.003125 0.00703125
6 0.41875 0.5390625 0.00234375 0.00703125
6 0.41171875 0.5265625 0.003125 0.00546875
3 0.39609375 0.509375 0.02109375 0.04453125
6 0.4109375 0.46640625 0.00390625 0.00703125
6 0.4078125 0.4609375 0.00234375 0.00703125
4 0.3609375 0.45546875 0.003125 0.01484375
7 0.3609375 0.45703125 0.00390625 0.00859375
3 0.27734375 0.43203125 0.03046875 0.03125
3 0.3015625 0.396875 0.01328125 0.046875
3 0.32265625 0.4 0.0125 0.0484375
6 0.2609375 0.36015625 0.003125 0.00703125
6 0.2546875 0.35625 0.00390625 0.00703125
6 0.25390625 0.3484375 0.003125 0.0046875
3 0.27734375 0.33046875 0.0296875 0.025
3 0.30078125 0.284375 0.01171875 0.04453125
3 0.27578125 0.28203125 0.025 0.021875
6 0.259375 0.2796875 0.00390625 0.00546875
3 0.28125 0.23046875 0.02578125 0.02578125
6 0.26171875 0.26328125 0.0046875 0.0140625
3 0.32890625 0.23359375 0.01171875 0.04609375
6 0.26328125 0.18671875 0.00390625 0.009375
3 0.27890625 0.1875 0.02578125 0.03046875
3 0.33125 0.12421875 0.01015625 0.04453125
6 0.29375 0.08203125 0.003125 0.009375
6 0.259375 0.09453125 0.003125 0.00859375
6 0.2640625 0.06640625 0.00390625 0.01015625
4 0.31796875 0.0546875 0.003125 0.01484375
7 0.31796875 0.053125 0.003125 0.0109375
6 0.27109375 0.053125 0.00390625 0.015625
3 0.23828125 0.04375 0.02109375 0.0265625
3 0.33203125 0.04296875 0.01171875 0.0453125
3 0.3953125 0.33359375 0.028125 0.0234375
4 0.40625 0.23984375 0.0046875 0.01875
6 0.40859375 0.23828125 0.00390625 0.01171875
6 0.4046875 0.1453125 0.00390625 0.009375
6 0.37734375 0.15625 0.00234375 0.0109375
6 0.3796875 0.15546875 0.00234375 0.009375
1 0.38671875 0.11328125 0.009375 0.009375
4 0.3890625 0.1015625 0.00859375 0.01015625
7 0.38203125 0.08203125 0.00390625 0.00703125
3 0.36484375 0.0890625 0.01171875 0.04296875
6 0.4046875 0.03203125 0.003125 0.01171875
6 0.4078125 0.01640625 0.0046875 0.0109375
3 0.478125 0.04140625 0.02734375 0.01953125
8 0.4515625 0.034375 0.00859375 0.03359375
3 0.12421875 0.40859375 0.02890625 0.02578125
3 0.128125 0.378125 0.02734375 0.021875
3 0.134375 0.29609375 0.02890625 0.02109375
10 0.09921875 0.33203125 0.02578125 0.02578125
3 0.10234375 0.26875 0.01484375 0.04375
3 0.08359375 0.2734375 0.0125 0.0390625
3 0.08359375 0.39921875 0.01328125 0.04375
3 0.06640625 0.40078125 0.01484375 0.04921875
3 0.034375 0.39140625 0.01484375 0.04609375
3 0.0171875 0.40078125 0.01484375 0.04921875
10 0.06953125 0.27265625 0.01328125 0.03828125
3 0.053125 0.27578125 0.01484375 0.04453125
9 0.034375 0.2765625 0.0140625 0.04609375
4 0.0078125 0.265625 0.00703125 0.02109375
3 0.0046875 0.40078125 0.00859375 0.04921875
6 0.1875 0.01953125 0.00859375 0.01328125
10 0.1421875 0.02421875 0.034375 0.04140625
3 0.05625 0.00859375 0.025 0.0171875
4 0.08125 0.0390625 0.00625 0.01953125
4 0.05078125 0.0359375 0.00546875 0.01640625
4 0.06796875 0.04765625 0.00546875 0.015625
10 0.0359375 0.04375 0.02265625 0.04140625
3 0.02265625 0.040625 0.0203125 0.04140625