10 0.8046875 0.11015625 0.0546875 0.059375
4 0.8375 0.14453125 0.021875 0.01875
4 0.85546875 0.13515625 0.0203125 0.0203125
7 0.86328125 0.2125 0.021875 0.0140625
6 0.84453125 0.2296875 0.028125 0.015625
6 0.8421875 0.234375 0.028125 0.015625
7 0.8359375 0.2375 0.0203125 0.0125
7 0.834375 0.240625 0.021875 0.0140625
3 0.85234375 0.2703125 0.03125 0.0296875
6 0.80390625 0.253125 0.028125 0.015625
6 0.79921875 0.2640625 0.0265625 0.015625
0 0.83203125 0.2875 0.0375 0.028125
0 0.81484375 0.2890625 0.0359375 0.021875
3 0.74765625 0.16796875 0.0546875 0.065625
0 0.8609375 0.340625 0.0296875 0.0203125
9 0.821875 0.32265625 0.0546875 0.0390625
3 0.828125 0.3359375 0.034375 0.0265625
3 0.84296875 0.3484375 0.03125 0.025
3 0.8578125 0.3640625 0.0265625 0.0234375
3 0.8671875 0.375 0.0265625 0.0234375
3 0.878125 0.384375 0.021875 0.0203125
3 0.8875 0.396875 0.0265625 0.0203125
0 0.89921875 0.38984375 0.0265625 0.01875
4 0.87109375 0.40703125 0.01875 0.0109375
3 0.9375 0.41640625 0.01875 0.0140625
7 0.7765625 0.39921875 0.0171875 0.0109375
3 0.96640625 0.48828125 0.015625 0.0140625
3 0.96328125 0.4546875 0.0171875 0.0140625
7 0.88046875 0.46328125 0.015625 0.009375
7 0.82578125 0.44375 0.0203125 0.0109375
7 0.8078125 0.43125 0.0203125 0.0125
6 0.8296875 0.4328125 0.01875 0.009375
7 0.8515625 0.44140625 0.015625 0.009375
7 0.846875 0.45078125 0.01875 0.009375
3 0.83828125 0.46640625 0.028125 0.0203125
3 0.825 0.45859375 0.0296875 0.0234375
3 0.83046875 0.5265625 0.028125 0.03125
7 0.740625 0.415625 0.021875 0.0140625
4 0.74765625 0.503125 0.0203125 0.015625
7 0.72890625 0.52421875 0.021875 0.0140625
4 0.7046875 0.44609375 0.0234375 0.021875
7 0.67265625 0.5140625 0.025 0.0140625
7 0.6625 0.5203125 0.025 0.015625
1 0.66640625 0.5109375 0.0203125 0.021875
1 0.6578125 0.5171875 0.0234375 0.021875
7 0.64921875 0.48046875 0.025 0.015625
7 0.64375 0.46171875 0.0265625 0.01875
4 0.63828125 0.46015625 0.028125 0.0265625
6 0.6265625 0.46328125 0.03125 0.0171875
4 0.64296875 0.478125 0.0234375 0.021875
7 0.63671875 0.509375 0.025 0.0171875
4 0.628125 0.50546875 0.0234375 0.021875
6 0.59609375 0.46953125 0.03125 0.01875
6 0.6703125 0.075 0.0375 0.025
6 0.68046875 0.08046875 0.0359375 0.025
6 0.67578125 0.09375 0.0359375 0.025
6 0.73046875 0.0796875 0.0359375 0.021875
6 0.7328125 0.09453125 0.0359375 0.0234375
4 0.740625 0.1046875 0.0296875 0.0265625
7 0.74921875 0.10625 0.0234375 0.0171875
7 0.753125 0.12109375 0.0234375 0.0171875
4 0.7421875 0.1203125 0.021875 0.0203125
4 0.70390625 0.115625 0.034375 0.0359375
6 0.57109375 0.42734375 0.0390625 0.0234375
6 0.56484375 0.434375 0.0390625 0.021875
6 0.5609375 0.44453125 0.0359375 0.01875
6 0.57734375 0.3953125 0.0359375 0.01875
6 0.56171875 0.38203125 0.03125 0.0171875
6 0.54609375 0.38203125 0.040625 0.021875
3 0.6421875 0.54609375 0.04375 0.046875
6 0.61015625 0.5296875 0.028125 0.015625
7 0.621875 0.5375 0.0234375 0.0140625
4 0.61484375 0.534375 0.025 0.025
1 0.625 0.55390625 0.01875 0.0171875
7 0.6046875 0.675 0.021875 0.0140625
4 0.59921875 0.671875 0.0234375 0.0234375
4 0.61484375 0.70078125 0.021875 0.01875
4 0.54609375 0.50078125 0.0265625 0.015625
4 0.5921875 0.51328125 0.0265625 0.025
4 0.56640625 0.52890625 0.025 0.015625
4 0.565625 0.5421875 0.0390625 0.028125
4 0.55703125 0.54921875 0.0296875 0.01875
4 0.55390625 0.5578125 0.028125 0.0203125
7 0.57421875 0.56953125 0.025 0.015625
4 0.54921875 0.5671875 0.0265625 0.01875
4 0.54140625 0.51328125 0.03125 0.01875
4 0.52578125 0.51484375 0.03125 0.0203125
4 0.52265625 0.52421875 0.028125 0.015625
6 0.521875 0.4453125 0.025 0.015625
4 0.51640625 0.45625 0.0234375 0.0171875
4 0.5140625 0.4703125 0.025 0.01875
4 0.5109375 0.484375 0.021875 0.0140625
1 0.49296875 0.50625 0.0296875 0.025
6 0.47890625 0.4609375 0.0390625 0.0234375
6 0.47578125 0.41640625 0.0421875 0.021875
6 0.4453125 0.484375 0.046875 0.0265625
4 0.51953125 0.53828125 0.0328125 0.0203125
4 0.52890625 0.5390625 0.0296875 0.0234375
1 0.4921875 0.52109375 0.021875 0.0140625
1 0.48984375 0.52890625 0.0234375 0.015625
4 0.515625 0.584375 0.025 0.015625
4 0.5125 0.59296875 0.028125 0.015625
4 0.49140625 0.6171875 0.034375 0.0234375
4 0.5234375 0.6390625 0.025 0.0234375
1 0.55 0.63203125 0.025 0.021875
0 0.5578125 0.653125 0.034375 0.0375
4 0.48828125 0.54375 0.025 0.0203125
4 0.48359375 0.559375 0.0375 0.021875
6 0.30234375 0.56015625 0.05 0.028125
6 0.35234375 0.5734375 0.0375 0.0203125
6 0.35 0.584375 0.04375 0.025
6 0.33125 0.56953125 0.0359375 0.021875
6 0.2234375 0.54453125 0.0609375 0.034375
6 0.184375 0.53203125 0.0375 0.021875
7 0.5484375 0.36484375 0.0265625 0.01875
4 0.53828125 0.36171875 0.0265625 0.028125
4 0.50859375 0.34921875 0.034375 0.03125
7 0.49375 0.3734375 0.0421875 0.0265625
4 0.4828125 0.36796875 0.03125 0.01875
6 0.4859375 0.32578125 0.0375 0.0203125
0 0.50625 0.3171875 0.0390625 0.046875
0 0.47890625 0.3015625 0.04375 0.046875
6 0.29296875 0.22890625 0.05 0.028125
6 0.29140625 0.24296875 0.053125 0.028125
6 0.24765625 0.23359375 0.0578125 0.03125
7 0.24609375 0.2546875 0.0359375 0.025
6 0.11484375 0.2015625 0.0609375 0.0328125
6 0.109375 0.16015625 0.0265625 0.025
4 0.1875 0.225 0.05 0.046875
4 0.20234375 0.24296875 0.0515625 0.0484375
4 0.34453125 0.32109375 0.0421875 0.0390625
4 0.325 0.309375 0.04375 0.040625
4 0.0859375 0.234375 0.0421875 0.0515625
4 0.109375 0.240625 0.0515625 0.05
4 0.1484375 0.26328125 0.0578125 0.05
4 0.13046875 0.253125 0.040625 0.04375
4 0.38359375 0.38828125 0.0375 0.0375
6 0.37890625 0.41015625 0.04375 0.025
1 0.36484375 0.4046875 0.034375 0.0203125
6 0.371875 0.41875 0.0484375 0.025
4 0.0546875 0.32265625 0.05625 0.059375
6 0.2421875 0.359375 0.0640625 0.0328125
6 0.2609375 0.35859375 0.059375 0.03125
6 0.27265625 0.378125 0.0546875 0.03125
6 0.3 0.37578125 0.0484375 0.0296875
6 0.3234375 0.38828125 0.04375 0.025
7 0.559375 0.0609375 0.0421875 0.0265625
4 0.55234375 0.0578125 0.053125 0.0359375
7 0.603125 0.05546875 0.0328125 0.0234375
7 0.603125 0.0609375 0.046875 0.034375
4 0.58984375 0.0515625 0.04375 0.0296875
0 0.6171875 0.0328125 0.0875 0.059375
6 0.61171875 0.17265625 0.0359375 0.021875
3 0.57890625 0.18671875 0.0703125 0.0578125
7 0.74765625 0.22578125 0.0328125 0.0203125
4 0.7390625 0.2234375 0.021875 0.0140625
7 0.68125 0.2359375 0.0265625 0.0171875
4 0.66953125 0.23125 0.028125 0.0203125
7 0.70546875 0.22421875 0.0359375 0.025
7 0.72265625 0.225 0.021875 0.0140625
4 0.70078125 0.221875 0.03125 0.03125
7 0.721875 0.246875 0.025 0.015625
4 0.7125 0.24609375 0.0234375 0.021875
0 0.73203125 0.24921875 0.05 0.0515625
0 0.76015625 0.275 0.05 0.04375
4 0.771875 0.3125 0.0203125 0.015625
7 0.75390625 0.321875 0.025 0.015625
4 0.74765625 0.31953125 0.025 0.021875
7 0.721875 0.30078125 0.021875 0.0140625
4 0.71328125 0.30078125 0.025 0.021875
7 0.68828125 0.2734375 0.0265625 0.01875
4 0.68046875 0.27109375 0.028125 0.0203125
7 0.69765625 0.25859375 0.0265625 0.01875
4 0.6921875 0.25625 0.028125 0.028125
3 0.653125 0.24921875 0.053125 0.0484375
7 0.70390625 0.31171875 0.0265625 0.01875
4 0.69453125 0.30859375 0.025 0.025
7 0.778125 0.3140625 0.021875 0.0140625
7 0.78125 0.35625 0.0234375 0.0140625
4 0.77578125 0.35390625 0.0234375 0.0171875
7 0.73828125 0.3421875 0.0265625 0.015625
4 0.7359375 0.33984375 0.0234375 0.021875
7 0.734375 0.35 0.021875 0.0140625
4 0.728125 0.346875 0.0265625 0.01875
7 0.63984375 0.39453125 0.0328125 0.0203125
4 0.634375 0.3921875 0.0265625 0.025
6 0.5625 0.37421875 0.028125 0.015625
3 0.68359375 0.41640625 0.0578125 0.059375
4 0.734375 0.4125 0.021875 0.015625
7 0.759375 0.26796875 0.028125 0.01875