9 0.63515625 0.93828125 0.1765625 0.1171875
7 0.63828125 0.85 0.015625 0.0078125
7 0.64140625 0.85 0.015625 0.0078125
4 0.6359375 0.84921875 0.0203125 0.0078125
9 0.825 0.76171875 0.0578125 0.0375
3 0.86484375 0.76015625 0.0140625 0.0125
3 0.89609375 0.7390625 0.0109375 0.0109375
3 0.90234375 0.7140625 0.009375 0.0078125
3 0.90859375 0.6859375 0.009375 0.0078125
7 0.7578125 0.78359375 0.0125 0.0046875
7 0.75390625 0.778125 0.0109375 0.0046875
4 0.75625 0.78359375 0.015625 0.0046875
4 0.75 0.77890625 0.0125 0.0046875