3 0.30859375 0.34609375 0.08125 0.05
3 0.28203125 0.4109375 0.0578125 0.040625
3 0.19375 0.296875 0.059375 0.053125
3 0.165625 0.3578125 0.0515625 0.034375
3 0.121875 0.3875 0.0359375 0.0296875
3 0.10234375 0.3921875 0.0265625 0.021875
6 0.11953125 0.403125 0.025 0.0125
6 0.14921875 0.4703125 0.028125 0.0140625
6 0.153125 0.47578125 0.0265625 0.0125
6 0.15234375 0.48125 0.025 0.0109375
6 0.57734375 0.40546875 0.05625 0.028125
3 0.309375 0.0625 0.075 0.06875
3 0.22734375 0.10859375 0.06875 0.0859375
3 0.2078125 0.128125 0.065625 0.0796875
3 0.1890625 0.15078125 0.06875 0.0671875
3 0.1703125 0.17890625 0.059375 0.0640625
3 0.15625 0.19296875 0.0625 0.0625
3 0.13828125 0.2171875 0.05625 0.0625
3 0.1265625 0.225 0.046875 0.053125
3 0.10703125 0.23046875 0.0515625 0.05625
3 0.1015625 0.2515625 0.0453125 0.053125
10 0.0578125 0.13828125 0.04375 0.0484375
3 0.0453125 0.16171875 0.0390625 0.05
3 0.040625 0.18828125 0.034375 0.0421875
3 0.0359375 0.1953125 0.0328125 0.03125
10 0.01953125 0.2140625 0.0359375 0.040625
3 0.0171875 0.22734375 0.03125 0.034375
3 0.0109375 0.23359375 0.021875 0.0359375
10 0.0140625 0.29765625 0.028125 0.0203125
3 0.0359375 0.434375 0.021875 0.0171875
9 0.01796875 0.4390625 0.0203125 0.0140625
8 0.078125 0.47578125 0.0203125 0.0109375
3 0.00390625 0.48359375 0.0078125 0.0109375
3 0.00859375 0.49609375 0.0125 0.0125
3 0.00234375 0.5015625 0.0046875 0.009375
4 0.40859375 0.66015625 0.03125 0.025
4 0.396875 0.653125 0.0296875 0.025
4 0.3765625 0.65390625 0.0296875 0.028125
4 0.3875 0.6578125 0.03125 0.028125
4 0.34140625 0.64375 0.0296875 0.015625
4 0.2671875 0.62421875 0.028125 0.025
4 0.2828125 0.62578125 0.0265625 0.0140625
4 0.28359375 0.63359375 0.028125 0.0140625
7 0.5078125 0.0140625 0.053125 0.028125
6 0.04765625 0.23984375 0.025 0.0125
6 0.04765625 0.24375 0.0234375 0.0125
7 0.07265625 0.1828125 0.025 0.015625
4 0.07734375 0.18203125 0.021875 0.0203125
4 0.51953125 0.68984375 0.05 0.0296875
4 0.52578125 0.70078125 0.053125 0.028125
7 0.13359375 0.45703125 0.021875 0.0109375
4 0.1390625 0.45546875 0.0203125 0.0109375
4 0.090625 0.14296875 0.025 0.01875
6 0.040625 0.41328125 0.015625 0.0078125
6 0.0421875 0.41875 0.01875 0.0078125
6 0.03203125 0.42265625 0.015625 0.0078125
6 0.0328125 0.4265625 0.0140625 0.00625
6 0.028125 0.42578125 0.0140625 0.00625
7 0.06484375 0.45703125 0.0125 0.00625
4 0.07109375 0.45546875 0.0171875 0.0109375
7 0.04375 0.44453125 0.0140625 0.00625
4 0.0484375 0.44375 0.0125 0.00625
7 0.025 0.465625 0.0109375 0.00625
4 0.0296875 0.4640625 0.0109375 0.0078125