6 0.3828125 0.284375 0.0328125 0.0140625
3 0.42890625 0.171875 0.053125 0.040625
6 0.42890625 0.15859375 0.034375 0.0109375
3 0.36875 0.1734375 0.059375 0.0328125
4 0.246875 0.2015625 0.0171875 0.0171875
4 0.234375 0.23203125 0.015625 0.0046875
7 0.23125 0.2328125 0.015625 0.0046875
4 0.2359375 0.2375 0.015625 0.0046875
7 0.23203125 0.23671875 0.015625 0.00625
6 0.22265625 0.24609375 0.01875 0.00625
3 0.1515625 0.284375 0.0125 0.0078125
6 0.13359375 0.3109375 0.009375 0.0046875
1 0.1484375 0.265625 0.009375 0.0046875
0 0.1265625 0.2640625 0.015625 0.0125
3 0.109375 0.3046875 0.009375 0.0078125
3 0.25625 0.284375 0.028125 0.01875
3 0.23359375 0.28828125 0.021875 0.015625
3 0.20859375 0.2921875 0.0203125 0.0125
0 0.14296875 0.2984375 0.0109375 0.0046875
4 0.16796875 0.28359375 0.0109375 0.0109375
7 0.16484375 0.284375 0.009375 0.0046875
7 0.16484375 0.28359375 0.00625 0.0046875
6 0.178125 0.271875 0.0140625 0.00625
7 0.16875 0.2703125 0.0125 0.0046875
4 0.17109375 0.26953125 0.0109375 0.0046875
7 0.1453125 0.265625 0.009375 0.0046875
6 0.196875 0.29609375 0.015625 0.0046875
6 0.19453125 0.29921875 0.0140625 0.0046875
7 0.2328125 0.3015625 0.0140625 0.0078125
4 0.2359375 0.303125 0.015625 0.00625
7 0.23203125 0.303125 0.015625 0.00625
3 0.14921875 0.2046875 0.015625 0.0078125
3 0.15 0.196875 0.0171875 0.0109375