6 0.02421875 0.54375 0.01015625 0.034375
6 0.02578125 0.5765625 0.01015625 0.04140625
6 0.06328125 0.50625 0.00859375 0.02890625
6 0.0734375 0.50625 0.0078125 0.0296875
6 0.065625 0.5234375 0.00703125 0.03125
6 0.059375 0.53359375 0.01015625 0.03125
6 0.06171875 0.5640625 0.00703125 0.03515625
6 0.06640625 0.57421875 0.00546875 0.0390625
6 0.0734375 0.57421875 0.00859375 0.03671875
6 0.071875 0.56484375 0.00859375 0.0390625
6 0.0734375 0.5546875 0.0078125 0.03671875
6 0.01015625 0.625 0.01328125 0.0484375
6 0.0046875 0.65390625 0.009375 0.0359375
6 0.00546875 0.684375 0.0109375 0.040625
6 0.00625 0.7203125 0.0125 0.05625
6 0.02265625 0.7109375 0.01484375 0.06328125
6 0.03359375 0.69296875 0.01328125 0.0609375
7 0.02890625 0.7953125 0.02890625 0.0703125
1 0.03359375 0.81484375 0.0515625 0.05703125
7 0.0234375 0.83125 0.0234375 0.0640625
7 0.07265625 0.80078125 0.0203125 0.08515625
1 0.0734375 0.828125 0.0171875 0.0609375
7 0.11875 0.92890625 0.0265625 0.0859375
4 0.1203125 0.95703125 0.03046875 0.08125
7 0.1234375 0.97265625 0.025 0.0546875
6 0.0859375 0.528125 0.00625 0.034375
6 0.0921875 0.528125 0.00703125 0.03203125
6 0.10703125 0.5109375 0.00703125 0.02578125
6 0.140625 0.50625 0.00625 0.02421875
7 0.175 0.54765625 0.01015625 0.03046875
6 0.18125 0.484375 0.0078125 0.02578125
6 0.1875 0.48515625 0.00546875 0.02578125
6 0.184375 0.49609375 0.0046875 0.028125
6 0.1921875 0.49609375 0.0046875 0.02890625
6 0.19375 0.49375 0.00546875 0.02890625
6 0.2015625 0.46796875 0.00546875 0.021875
6 0.20546875 0.5 0.0046875 0.028125
6 0.22421875 0.50859375 0.00546875 0.025
6 0.24375 0.503125 0.00625 0.0296875
6 0.2453125 0.4640625 0.00390625 0.021875
6 0.2546875 0.4734375 0.0046875 0.02578125
6 0.27421875 0.4640625 0.00390625 0.0203125
6 0.28515625 0.48359375 0.00546875 0.028125
6 0.2890625 0.4671875 0.003125 0.02109375
6 0.2734375 0.415625 0.00234375 0.01328125
6 0.275 0.4140625 0.00234375 0.01171875
6 0.27421875 0.425 0.00390625 0.01328125
7 0.25390625 0.45390625 0.00390625 0.015625
6 0.27890625 0.428125 0.003125 0.01171875
6 0.2796875 0.43359375 0.00234375 0.01484375
6 0.284375 0.41640625 0.003125 0.01484375
6 0.2890625 0.41328125 0.00234375 0.0109375
6 0.2890625 0.42890625 0.00234375 0.01484375
6 0.2921875 0.4234375 0.003125 0.01875
6 0.30703125 0.44453125 0.00390625 0.015625
6 0.31953125 0.45859375 0.00390625 0.01953125
6 0.3234375 0.4609375 0.00390625 0.01953125
6 0.328125 0.46484375 0.0046875 0.01875
6 0.334375 0.478125 0.00546875 0.025
3 0.3171875 0.49140625 0.0375 0.0234375
3 0.30390625 0.44140625 0.02265625 0.015625
3 0.3140625 0.4234375 0.00703125 0.0109375
3 0.33125 0.44140625 0.009375 0.01484375
3 0.33359375 0.43125 0.009375 0.0140625
3 0.3453125 0.4421875 0.01015625 0.01796875
2 0.36875 0.44140625 0.02265625 0.03359375
3 0.31171875 0.484375 0.03671875 0.02109375
3 0.31015625 0.47890625 0.03359375 0.01875
3 0.309375 0.4734375 0.0328125 0.01640625
3 0.3015625 0.46484375 0.02578125 0.01640625
3 0.2984375 0.45703125 0.02734375 0.01484375
3 0.325 0.51171875 0.03984375 0.0296875
10 0.23359375 0.459375 0.025 0.02109375
3 0.23125 0.46796875 0.0265625 0.01875
3 0.22578125 0.47265625 0.0328125 0.02109375
3 0.21796875 0.48671875 0.040625 0.021875
3 0.21640625 0.4921875 0.03984375 0.0234375
3 0.11015625 0.534375 0.0265625 0.03984375
3 0.13984375 0.5328125 0.02578125 0.03984375
3 0.16640625 0.53359375 0.02421875 0.0359375
3 0.19609375 0.5296875 0.021875 0.03671875
3 0.2203125 0.52890625 0.02265625 0.03125
3 0.22109375 0.540625 0.05078125 0.03515625
1 0.17421875 0.55390625 0.0203125 0.0234375
7 0.22421875 0.55390625 0.00703125 0.03046875
4 0.22421875 0.56171875 0.01953125 0.02421875
7 0.375 0.484375 0.00390625 0.015625
7 0.38203125 0.48984375 0.0046875 0.01640625
7 0.384375 0.496875 0.00546875 0.01953125
1 0.38125 0.49921875 0.00546875 0.01484375
1 0.384375 0.50390625 0.0046875 0.01484375
6 0.3765625 0.5015625 0.0046875 0.02578125
7 0.37265625 0.51875 0.00625 0.021875
7 0.3609375 0.521875 0.00546875 0.01875
7 0.3609375 0.53203125 0.00625 0.025
7 0.3421875 0.54921875 0.00859375 0.03125
7 0.32421875 0.553125 0.00859375 0.0296875
7 0.31484375 0.5765625 0.00859375 0.03203125
7 0.30546875 0.60390625 0.009375 0.0359375
7 0.3234375 0.6328125 0.0109375 0.04375
7 0.290625 0.64140625 0.01171875 0.046875
7 0.2828125 0.6859375 0.0109375 0.0546875
7 0.19609375 0.72890625 0.01796875 0.06015625
7 0.2515625 0.715625 0.01640625 0.06328125
7 0.2484375 0.76484375 0.0171875 0.06640625
7 0.2890625 0.75703125 0.01484375 0.06875
7 0.3421875 0.71875 0.015625 0.04921875
1 0.371875 0.528125 0.00546875 0.0203125
1 0.3609375 0.5421875 0.00546875 0.01953125
1 0.3421875 0.559375 0.00703125 0.0234375
1 0.32421875 0.56328125 0.00859375 0.02421875
1 0.3140625 0.58671875 0.00703125 0.0265625
1 0.30390625 0.61796875 0.00859375 0.03046875
5 0.32265625 0.646875 0.01015625 0.034375
5 0.28984375 0.65703125 0.01015625 0.0359375
5 0.28203125 0.703125 0.01328125 0.04296875
5 0.24609375 0.78671875 0.01484375 0.0515625
5 0.25078125 0.728125 0.01328125 0.03828125
5 0.28828125 0.78046875 0.0125 0.053125
4 0.3421875 0.7390625 0.01640625 0.046875
3 0.25625 0.5265625 0.03125 0.03203125
3 0.28046875 0.52265625 0.028125 0.03046875
3 0.3875 0.4484375 0.01171875 0.01796875
3 0.37890625 0.45546875 0.01171875 0.01640625
3 0.39921875 0.45859375 0.01328125 0.01640625
3 0.4 0.46875 0.01484375 0.01875
6 0.4171875 0.459375 0.00546875 0.01875
3 0.4328125 0.4796875 0.0171875 0.0203125
3 0.41875 0.490625 0.01796875 0.025
3 0.45 0.49609375 0.01796875 0.02890625
3 0.42578125 0.5109375 0.01796875 0.02890625
3 0.4203125 0.53984375 0.02265625 0.0390625
3 0.4546875 0.51875 0.01953125 0.03046875
3 0.40859375 0.58046875 0.02578125 0.0453125
3 0.45703125 0.57109375 0.0265625 0.04296875
3 0.40625 0.634375 0.0375 0.07421875
3 0.46015625 0.61796875 0.03046875 0.05390625
3 0.3609375 0.81953125 0.05703125 0.12109375
3 0.453125 0.83046875 0.05625 0.11640625
6 0.47734375 0.49609375 0.00390625 0.0265625
6 0.47421875 0.49453125 0.00390625 0.0203125
6 0.471875 0.49375 0.00390625 0.01875
3 0.4890625 0.44609375 0.01015625 0.015625
3 0.4890625 0.46875 0.01328125 0.01953125
2 0.496875 0.43125 0.01484375 0.02890625
6 0.5125 0.434375 0.00234375 0.01328125
3 0.51640625 0.43203125 0.00859375 0.01171875
3 0.51640625 0.42578125 0.009375 0.01015625
3 0.51484375 0.4203125 0.00859375 0.01328125
7 0.50546875 0.421875 0.00234375 0.009375
1 0.50546875 0.4265625 0.003125 0.00703125
7 0.48046875 0.43046875 0.003125 0.0109375
1 0.48125 0.43359375 0.00390625 0.00859375
3 0.4890625 0.41328125 0.00625 0.01171875
7 0.51796875 0.44609375 0.00390625 0.0140625
7 0.509375 0.4609375 0.0046875 0.01328125
7 0.5125 0.46640625 0.003125 0.0140625
7 0.51796875 0.46875 0.003125 0.0140625
7 0.515625 0.47421875 0.00390625 0.01640625
7 0.51796875 0.48359375 0.0046875 0.0203125
6 0.53046875 0.46875 0.00390625 0.01953125
7 0.53359375 0.4734375 0.00390625 0.01328125
7 0.52734375 0.47734375 0.00390625 0.0140625
7 0.52578125 0.47890625 0.00390625 0.0140625
7 0.525 0.48359375 0.0046875 0.0140625
7 0.5234375 0.490625 0.0046875 0.015625
7 0.52109375 0.4953125 0.00625 0.01640625
7 0.5328125 0.49140625 0.00546875 0.0203125
7 0.53125 0.51328125 0.00546875 0.021875
7 0.5640625 0.47734375 0.00390625 0.01953125
6 0.56484375 0.49375 0.00390625 0.02421875
7 0.54609375 0.490625 0.0046875 0.01875
7 0.54453125 0.49921875 0.00546875 0.0203125
7 0.54765625 0.50078125 0.0046875 0.01640625
7 0.54765625 0.5140625 0.00625 0.025
6 0.55625 0.49375 0.0046875 0.02578125
6 0.5671875 0.49296875 0.00390625 0.021875
6 0.57890625 0.4890625 0.00546875 0.0203125
7 0.57265625 0.4984375 0.00546875 0.0203125
7 0.57109375 0.528125 0.00625 0.02578125
7 0.58125 0.5 0.00546875 0.028125
6 0.584375 0.51015625 0.0046875 0.02421875
7 0.57578125 0.51875 0.00546875 0.021875
7 0.58125 0.521875 0.00546875 0.0265625
7 0.60234375 0.4953125 0.00546875 0.021875
7 0.6015625 0.52890625 0.00546875 0.02421875
7 0.6046875 0.54140625 0.00703125 0.03125
6 0.59609375 0.50703125 0.00625 0.0265625
6 0.6078125 0.490625 0.00546875 0.025
6 0.61015625 0.515625 0.00625 0.02421875
6 0.61484375 0.51640625 0.00546875 0.028125
7 0.59453125 0.46640625 0.00625 0.0140625
7 0.61953125 0.49453125 0.00625 0.01875
7 0.6265625 0.496875 0.00546875 0.015625
6 0.625 0.51171875 0.0046875 0.02578125
6 0.62890625 0.51796875 0.00625 0.03046875
6 0.63515625 0.51796875 0.00546875 0.03046875
0 0.50078125 0.48515625 0.01015625 0.02421875
4 0.509375 0.4640625 0.00390625 0.0140625
1 0.51171875 0.471875 0.00234375 0.0140625
1 0.51484375 0.47890625 0.00234375 0.0140625
1 0.5171875 0.4875 0.00390625 0.0140625
4 0.52109375 0.503125 0.00546875 0.01640625
1 0.5328125 0.49765625 0.0046875 0.01171875
4 0.53125 0.5171875 0.00546875 0.015625
1 0.54453125 0.50546875 0.0046875 0.01328125
1 0.5484375 0.5234375 0.00546875 0.01953125
7 0.55703125 0.5109375 0.00546875 0.02109375
7 0.56171875 0.515625 0.00546875 0.01875
7 0.559375 0.52734375 0.00625 0.025
1 0.55703125 0.51953125 0.00546875 0.015625
1 0.559375 0.5359375 0.00546875 0.01640625
1 0.56171875 0.52578125 0.00546875 0.01875
1 0.57109375 0.534375 0.00703125 0.021875
1 0.58046875 0.534375 0.00703125 0.01875
1 0.57578125 0.5234375 0.00859375 0.01953125
1 0.60078125 0.53671875 0.00703125 0.0203125
1 0.60390625 0.55 0.00859375 0.021875
4 0.6265625 0.50625 0.01171875 0.01796875
4 0.6203125 0.50078125 0.0109375 0.01484375
7 0.653125 0.49375 0.00546875 0.01953125
7 0.66640625 0.49453125 0.00546875 0.01640625
1 0.65390625 0.50078125 0.00859375 0.01171875
1 0.6671875 0.4984375 0.01015625 0.0140625
6 0.659375 0.53984375 0.00703125 0.03515625
7 0.671875 0.51796875 0.0078125 0.02421875
1 0.67265625 0.52578125 0.009375 0.01953125
6 0.70703125 0.53515625 0.00625 0.03359375
6 0.6859375 0.58125 0.0078125 0.040625
3 0.5046875 0.5140625 0.01796875 0.0296875
2 0.496875 0.55703125 0.04765625 0.096875
3 0.5328125 0.54296875 0.02421875 0.03671875
3 0.55703125 0.621875 0.03125 0.05
7 0.60859375 0.5859375 0.01015625 0.03984375
7 0.6234375 0.59140625 0.00859375 0.034375
7 0.63828125 0.59375 0.01015625 0.0296875
7 0.66484375 0.60625 0.01015625 0.03828125
7 0.59453125 0.65390625 0.0125 0.05
7 0.60390625 0.6390625 0.01015625 0.04140625
7 0.640625 0.66171875 0.01640625 0.04921875
7 0.6609375 0.64765625 0.0109375 0.04140625
6 0.54375 0.81796875 0.01953125 0.09609375
6 0.5765625 0.7890625 0.01484375 0.07890625
6 0.57890625 0.79453125 0.0171875 0.08203125
6 0.5984375 0.73671875 0.0140625 0.0640625
6 0.603125 0.73828125 0.01796875 0.06875
6 0.6234375 0.76328125 0.0125 0.0703125
6 0.621875 0.76796875 0.01015625 0.07421875
3 0.64765625 0.73515625 0.05546875 0.07578125
3 0.6765625 0.50625 0.0328125 0.0265625
3 0.69921875 0.51171875 0.025 0.02890625
3 0.71953125 0.51640625 0.0375 0.02890625
3 0.74140625 0.521875 0.03828125 0.0265625
1 0.6078125 0.59375 0.00703125 0.025
1 0.6234375 0.59765625 0.0078125 0.025
1 0.603125 0.65078125 0.01015625 0.03671875
4 0.59375 0.66171875 0.01484375 0.03984375
4 0.640625 0.671875 0.01796875 0.04375
4 0.66015625 0.65703125 0.01171875 0.03828125
1 0.7078125 0.6640625 0.01171875 0.04140625
4 0.63828125 0.60234375 0.00859375 0.03046875
1 0.66484375 0.615625 0.01015625 0.03515625
7 0.709375 0.65234375 0.01328125 0.0453125
3 0.7265625 0.8890625 0.08671875 0.1140625
1 0.6015625 0.50234375 0.00390625 0.015625
2 0.7265625 0.4875 0.078125 0.04375
3 0.740625 0.50390625 0.03046875 0.021875
3 0.76328125 0.509375 0.034375 0.02109375
3 0.7234375 0.6015625 0.0515625 0.04296875
3 0.78828125 0.48828125 0.02734375 0.02109375
10 0.7734375 0.49765625 0.0359375 0.03046875
3 0.79921875 0.50390625 0.03203125 0.02578125
3 0.76953125 0.5265625 0.03984375 0.02890625
3 0.8125 0.52109375 0.03359375 0.0265625
3 0.81796875 0.48828125 0.02734375 0.02109375
3 0.83828125 0.5 0.03125 0.02421875
3 0.8359375 0.484375 0.0265625 0.01484375
3 0.84296875 0.49296875 0.0296875 0.021875
3 0.83828125 0.50078125 0.03203125 0.0234375
3 0.8703125 0.49609375 0.02734375 0.025
3 0.8703125 0.4859375 0.02578125 0.01953125
3 0.89375 0.48203125 0.028125 0.02109375
2 0.878125 0.46953125 0.06171875 0.04140625
3 0.89765625 0.490625 0.02890625 0.02421875
3 0.91640625 0.48203125 0.0234375 0.02109375
3 0.92109375 0.47421875 0.025 0.01953125
3 0.9296875 0.48671875 0.02734375 0.021875
3 0.94296875 0.4734375 0.02265625 0.01875
3 0.94140625 0.47890625 0.02109375 0.01796875
3 0.953125 0.48203125 0.02265625 0.0203125
10 0.96171875 0.471875 0.021875 0.0203125
3 0.9734375 0.4796875 0.025 0.021875
10 0.98359375 0.46640625 0.028125 0.025
3 0.9921875 0.4765625 0.01484375 0.01953125
7 0.93984375 0.4578125 0.00390625 0.015625
7 0.9453125 0.45703125 0.00390625 0.0140625
6 0.84609375 0.465625 0.00546875 0.02109375
6 0.92421875 0.45625 0.00390625 0.015625
6 0.7859375 0.46796875 0.00390625 0.01953125
1 0.58203125 0.48046875 0.0078125 0.01015625
3 0.62109375 0.63125 0.03515625 0.05
6 0.75859375 0.5609375 0.009375 0.0390625
6 0.76953125 0.5765625 0.01015625 0.03984375
6 0.8015625 0.5796875 0.0078125 0.04453125
6 0.82109375 0.5859375 0.00859375 0.04140625
7 0.7296875 0.66875 0.015625 0.04140625
7 0.71640625 0.7125 0.01171875 0.04921875
7 0.7484375 0.78359375 0.01796875 0.0765625
7 0.82109375 0.78203125 0.01953125 0.08046875
4 0.71328125 0.7296875 0.0359375 0.0390625
6 0.70859375 0.73125 0.01015625 0.06640625
6 0.71328125 0.76171875 0.01171875 0.04453125
6 0.7328125 0.76640625 0.01328125 0.07109375
6 0.7203125 0.75703125 0.01171875 0.06953125
1 0.746875 0.79296875 0.04296875 0.05546875
6 0.7453125 0.73046875 0.01015625 0.05859375
6 0.74453125 0.71875 0.01171875 0.05703125
6 0.7578125 0.68984375 0.01171875 0.059375
6 0.7640625 0.65546875 0.0109375 0.0546875
6 0.78203125 0.65703125 0.01015625 0.05390625
6 0.91171875 0.559375 0.00859375 0.0359375
6 0.9140625 0.55390625 0.009375 0.034375
6 0.925 0.5609375 0.01015625 0.034375
6 0.9328125 0.55078125 0.0078125 0.0390625
6 0.98359375 0.634375 0.01171875 0.05
6 0.95078125 0.63828125 0.00859375 0.0453125
6 0.93046875 0.65078125 0.01484375 0.05078125
7 0.8984375 0.640625 0.0109375 0.053125
7 0.91953125 0.5984375 0.01171875 0.02890625
6 0.9171875 0.63046875 0.00859375 0.04375
6 0.9234375 0.6390625 0.01171875 0.05625
6 0.93671875 0.63828125 0.01015625 0.05078125
1 0.93515625 0.63046875 0.02109375 0.03671875
1 0.96171875 0.63046875 0.02109375 0.03359375
4 0.9 0.64296875 0.0203125 0.0546875
6 0.80625 0.68046875 0.01484375 0.059375
6 0.7984375 0.7015625 0.01015625 0.0484375
6 0.796875 0.72109375 0.01015625 0.06015625
6 0.8015625 0.73046875 0.0109375 0.065625
6 0.80703125 0.7390625 0.01015625 0.065625
6 0.8109375 0.74296875 0.01015625 0.06484375
6 0.8171875 0.74375 0.01171875 0.07421875
6 0.8171875 0.715625 0.0078125 0.0609375
6 0.82421875 0.72578125 0.01171875 0.0640625
6 0.83125 0.7640625 0.0109375 0.07890625
1 0.81875 0.790625 0.04296875 0.0609375
1 0.85625 0.7515625 0.02890625 0.05
7 0.87578125 0.76953125 0.015625 0.05
1 0.91875 0.821875 0.04296875 0.0546875
1 0.91484375 0.81640625 0.04453125 0.0515625
1 0.903125 0.80390625 0.04140625 0.05078125
7 0.8859375 0.9296875 0.02890625 0.07421875
4 0.88671875 0.9546875 0.03203125 0.0890625
6 0.8359375 0.7015625 0.00859375 0.0359375