3 0.69765625 0.55078125 0.034375 0.028125
3 0.62265625 0.56875 0.0328125 0.0328125
3 0.5875 0.56953125 0.0359375 0.03125
6 0.628125 0.546875 0.015625 0.00625
4 0.6234375 0.58828125 0.015625 0.00625
7 0.621875 0.5890625 0.0109375 0.00625
3 0.56953125 0.6734375 0.0546875 0.0234375
4 0.53125 0.665625 0.015625 0.0078125
4 0.61484375 0.6515625 0.015625 0.0078125
7 0.61328125 0.6515625 0.0109375 0.00625
7 0.53125 0.665625 0.009375 0.0046875
6 0.55703125 0.68203125 0.009375 0.0046875
6 0.54921875 0.6859375 0.00625 0.0046875
3 0.5328125 0.52734375 0.028125 0.0328125
3 0.565625 0.70625 0.0421875 0.0328125
3 0.46875 0.70078125 0.0484375 0.0234375
3 0.44296875 0.66015625 0.05 0.0234375
3 0.4109375 0.61796875 0.03125 0.0328125
6 0.51171875 0.578125 0.009375 0.0046875
6 0.5125 0.58203125 0.00625 0.0046875
6 0.47109375 0.58828125 0.00625 0.0046875
4 0.471875 0.68203125 0.0140625 0.00625
4 0.46796875 0.68828125 0.015625 0.00625
7 0.4703125 0.68359375 0.009375 0.0046875
7 0.4671875 0.6890625 0.0125 0.00625
6 0.528125 0.33671875 0.0078125 0.009375
5 0.4765625 0.8640625 0.0734375 0.0375
3 0.3671875 0.728125 0.0515625 0.0234375
3 0.32265625 0.75859375 0.0296875 0.0296875
3 0.33203125 0.684375 0.0484375 0.0203125
3 0.31484375 0.67109375 0.0453125 0.021875
3 0.321875 0.6390625 0.0390625 0.034375
10 0.3546875 0.634375 0.03125 0.0265625
6 0.30078125 0.63125 0.009375 0.0046875
6 0.28359375 0.634375 0.009375 0.0046875
4 0.30078125 0.6421875 0.0109375 0.0109375
4 0.31640625 0.66015625 0.015625 0.00625
7 0.31796875 0.66015625 0.009375 0.0046875
3 0.2703125 0.7 0.0453125 0.01875
3 0.2515625 0.6875 0.0421875 0.01875
3 0.209375 0.71484375 0.0421875 0.0203125
3 0.19375 0.6984375 0.046875 0.025
10 0.1703125 0.675 0.0453125 0.0203125
3 0.14921875 0.72734375 0.0453125 0.021875
3 0.14453125 0.71171875 0.0484375 0.021875
3 0.1140625 0.68515625 0.046875 0.021875
3 0.08671875 0.7265625 0.0421875 0.0203125
3 0.0953125 0.740625 0.0453125 0.01875
3 0.14609375 0.79375 0.03125 0.0296875
3 0.246875 0.55 0.0265625 0.0296875
3 0.19609375 0.56796875 0.025 0.0265625
3 0.26640625 0.5234375 0.0453125 0.021875
3 0.2640625 0.509375 0.05 0.0234375
3 0.2609375 0.4953125 0.0453125 0.021875
3 0.26796875 0.48046875 0.0453125 0.021875
3 0.26015625 0.46328125 0.0484375 0.0234375
3 0.1890625 0.515625 0.0296875 0.0328125
3 0.21640625 0.4390625 0.0234375 0.028125
3 0.21015625 0.3921875 0.0265625 0.0296875
0 0.17421875 0.45625 0.01875 0.01875
8 0.25625 0.44453125 0.0203125 0.0109375