3 0.6078125 0.7015625 0.0765625 0.1140625
3 0.75859375 0.49453125 0.0453125 0.0625
3 0.72734375 0.33515625 0.025 0.0328125
3 0.79921875 0.2953125 0.0328125 0.0265625
3 0.8359375 0.30859375 0.0328125 0.0265625
3 0.84375 0.284375 0.03125 0.0234375
3 0.390625 0.55625 0.0859375 0.1046875
3 0.46640625 0.46796875 0.0609375 0.0734375
3 0.51953125 0.4140625 0.0515625 0.059375
3 0.609375 0.25859375 0.025 0.0296875
3 0.6046875 0.22734375 0.0328125 0.0265625
3 0.57734375 0.2484375 0.0359375 0.03125
3 0.5515625 0.2078125 0.0296875 0.0265625
3 0.5234375 0.2 0.0265625 0.025
3 0.52109375 0.23984375 0.040625 0.034375
3 0.534375 0.25078125 0.0421875 0.0375
3 0.5515625 0.2609375 0.0375 0.0359375
3 0.55859375 0.26796875 0.04375 0.0359375
6 0.4171875 0.28828125 0.01875 0.03125
6 0.40390625 0.28515625 0.0203125 0.0390625
6 0.39453125 0.2875 0.0171875 0.0328125
6 0.321875 0.459375 0.03125 0.0515625
6 0.3125 0.45625 0.028125 0.0515625
7 0.3546875 0.5359375 0.0296875 0.040625
7 0.54453125 0.365625 0.0203125 0.0296875
4 0.63671875 0.46484375 0.0203125 0.03125
6 0.640625 0.45390625 0.015625 0.0296875
6 0.63828125 0.45625 0.0125 0.0234375
4 0.80390625 0.6734375 0.028125 0.04375
6 0.81015625 0.65625 0.0234375 0.0421875
1 0.82109375 0.621875 0.0234375 0.03125
6 0.82578125 0.6125 0.0203125 0.0359375
6 0.821875 0.6140625 0.01875 0.0328125
3 0.93515625 0.61875 0.08125 0.090625
3 0.9515625 0.58359375 0.0859375 0.0765625
3 0.953125 0.55078125 0.0859375 0.065625
6 0.9921875 0.56640625 0.015625 0.0484375
3 0.9 0.49140625 0.05 0.05625
3 0.90859375 0.45859375 0.0671875 0.059375
3 0.9125 0.42421875 0.05 0.0421875
3 0.92421875 0.40859375 0.05625 0.05
3 0.96640625 0.41484375 0.040625 0.0421875
3 0.98046875 0.41484375 0.0390625 0.0484375
3 0.99375 0.421875 0.0125 0.046875
3 0.91484375 0.36171875 0.034375 0.0328125
3 0.940625 0.34609375 0.0359375 0.028125
3 0.9421875 0.340625 0.0359375 0.03125
3 0.9875 0.3546875 0.025 0.028125
3 0.97734375 0.31796875 0.015625 0.0203125
9 0.99296875 0.31953125 0.0140625 0.0203125
3 0.9578125 0.3140625 0.0234375 0.0203125
3 0.9328125 0.30546875 0.0296875 0.0265625
3 0.88046875 0.2875 0.0125 0.015625
3 0.8953125 0.2921875 0.0203125 0.0234375
5 0.58125 0.28828125 0.034375 0.040625
3 0.5953125 0.30859375 0.028125 0.03125
3 0.7765625 0.23828125 0.0125 0.015625
3 0.79765625 0.225 0.0125 0.015625
3 0.8 0.1953125 0.0109375 0.0125
3 0.7765625 0.175 0.00625 0.0078125
3 0.78671875 0.17265625 0.0046875 0.0046875
3 0.78203125 0.1625 0.0046875 0.00625
3 0.7890625 0.1609375 0.0046875 0.0046875
3 0.7953125 0.1609375 0.0046875 0.00625
3 0.79140625 0.14921875 0.003125 0.003125
3 0.79453125 0.15 0.0046875 0.0046875
3 0.79453125 0.14609375 0.0046875 0.0046875
3 0.7796875 0.15234375 0.0046875 0.0046875
3 0.7625 0.178125 0.0078125 0.0078125
6 0.76875 0.175 0.0046875 0.00625
6 0.7234375 0.19296875 0.00625 0.0109375
6 0.721875 0.20546875 0.0078125 0.015625
3 0.71953125 0.19921875 0.009375 0.0125
6 0.715625 0.203125 0.0109375 0.0109375
3 0.709375 0.209375 0.0125 0.015625
3 0.70234375 0.2171875 0.0125 0.015625
3 0.6984375 0.22109375 0.0125 0.015625
6 0.69609375 0.2265625 0.0078125 0.015625
6 0.69296875 0.225 0.00625 0.0140625
7 0.6828125 0.20703125 0.00625 0.0109375
7 0.696875 0.20859375 0.00625 0.009375
6 0.6734375 0.22578125 0.00625 0.0125
6 0.67109375 0.225 0.0078125 0.015625
6 0.6640625 0.26015625 0.009375 0.01875
6 0.6703125 0.2609375 0.009375 0.0203125
6 0.678125 0.2640625 0.009375 0.021875
6 0.6828125 0.271875 0.009375 0.0203125
4 0.68125 0.275 0.0078125 0.0140625
3 0.6359375 0.19609375 0.01875 0.0171875
3 0.61953125 0.19375 0.01875 0.01875
3 0.60625 0.1921875 0.015625 0.0171875
3 0.596875 0.21953125 0.0234375 0.0203125
3 0.5609375 0.2125 0.028125 0.0234375
3 0.5234375 0.19453125 0.0265625 0.01875
4 0.48984375 0.22890625 0.0203125 0.0171875
4 0.86328125 0.33515625 0.0140625 0.0125
6 0.86875 0.3328125 0.00625 0.0125
6 0.865625 0.32890625 0.0109375 0.0171875
3 0.865625 0.28125 0.0140625 0.015625
3 0.85625 0.27421875 0.01875 0.0171875
3 0.83984375 0.265625 0.0125 0.015625
3 0.8375 0.259375 0.0125 0.015625
3 0.83515625 0.2515625 0.0125 0.015625
3 0.83515625 0.24453125 0.0140625 0.015625
3 0.83046875 0.23671875 0.009375 0.0125
3 0.8296875 0.23203125 0.009375 0.0140625
3 0.84140625 0.2328125 0.0109375 0.0125
3 0.840625 0.22421875 0.0171875 0.0140625
3 0.853125 0.221875 0.0171875 0.0140625
3 0.8390625 0.21328125 0.009375 0.0109375
3 0.87265625 0.25 0.015625 0.0171875
6 0.93125 0.38515625 0.0140625 0.025
6 0.6640625 0.2953125 0.0125 0.0234375
6 0.65703125 0.296875 0.009375 0.021875
6 0.65390625 0.29765625 0.0109375 0.021875
6 0.65703125 0.29296875 0.0109375 0.0234375
8 0.4828125 0.3609375 0.0578125 0.05625