3 0.6 0.5859375 0.0875 0.08515625
6 0.66015625 0.68828125 0.01171875 0.03515625
4 0.53359375 0.4421875 0.02421875 0.03203125
6 0.5515625 0.3625 0.0109375 0.046875
6 0.5078125 0.37421875 0.00859375 0.040625
6 0.51796875 0.3625 0.00703125 0.03046875
3 0.475 0.42421875 0.0453125 0.0953125
3 0.45390625 0.34609375 0.03984375 0.0765625
3 0.44140625 0.2765625 0.034375 0.06875
3 0.4296875 0.20625 0.02890625 0.05625
3 0.41640625 0.15078125 0.028125 0.04296875
3 0.38515625 0.08984375 0.02890625 0.0390625
3 0.40078125 0.06796875 0.02265625 0.034375
3 0.384375 0.040625 0.03046875 0.034375
3 0.3875 0.01640625 0.01796875 0.02890625
3 0.33671875 0.0640625 0.01953125 0.03828125
3 0.3296875 0.025 0.0171875 0.0296875
3 0.28046875 0.0140625 0.0171875 0.028125
4 0.21015625 0.090625 0.01640625 0.02421875
4 0.1859375 0.0828125 0.00703125 0.0234375
3 0.153125 0.6484375 0.05625 0.1203125
8 0.18203125 0.51640625 0.02734375 0.06796875
3 0.06171875 0.6515625 0.096875 0.11171875
3 0.09765625 0.528125 0.09296875 0.12421875
4 0.14453125 0.35703125 0.021875 0.03671875
6 0.18125 0.33515625 0.0109375 0.04296875
6 0.1828125 0.24453125 0.01015625 0.03984375
1 0.15390625 0.25703125 0.01796875 0.0296875
4 0.19296875 0.15390625 0.0125 0.03359375
3 0.2109375 0.2921875 0.03203125 0.08046875
3 0.2171875 0.22421875 0.03046875 0.06484375
3 0.22578125 0.15546875 0.02734375 0.065625
3 0.23203125 0.1171875 0.02265625 0.04921875
3 0.23828125 0.071875 0.02109375 0.05078125
3 0.24453125 0.04453125 0.01796875 0.03671875
3 0.2484375 0.015625 0.01796875 0.03125
6 0.26171875 0.01015625 0.0046875 0.0203125
6 0.26484375 0.0109375 0.00390625 0.02109375
4 0.528125 0.384375 0.01796875 0.034375
4 0.521875 0.36875 0.02109375 0.03203125
6 0.53203125 0.26796875 0.00859375 0.040625
6 0.53828125 0.2734375 0.01015625 0.0390625
7 0.50078125 0.20546875 0.00859375 0.02421875
4 0.5015625 0.30390625 0.01953125 0.02890625
4 0.49453125 0.29140625 0.02109375 0.02890625
6 0.4765625 0.32578125 0.00859375 0.03671875
6 0.4734375 0.32109375 0.0078125 0.03203125
1 0.4625 0.2109375 0.01953125 0.021875
1 0.46171875 0.20234375 0.01875 0.02109375
1 0.51640625 0.1828125 0.009375 0.03203125
7 0.47578125 0.13125 0.00703125 0.01640625
7 0.475 0.128125 0.0078125 0.01875
4 0.44296875 0.14140625 0.01640625 0.01953125
4 0.4296875 0.084375 0.01484375 0.01640625
4 0.428125 0.07265625 0.0125 0.01953125
4 0.4125 0.0453125 0.01171875 0.01640625
4 0.3578125 0.0140625 0.00546875 0.02109375
7 0.3578125 0.01171875 0.00546875 0.0203125
7 0.3578125 0.0109375 0.00546875 0.021875