3 0.51484375 0.6515625 0.059375 0.1140625
4 0.55703125 0.58203125 0.02421875 0.025
3 0.48203125 0.49296875 0.05 0.1140625
6 0.5109375 0.3015625 0.00859375 0.0359375
4 0.5078125 0.2640625 0.0203125 0.02578125
4 0.4921875 0.24140625 0.0171875 0.02578125
3 0.4578125 0.36953125 0.03203125 0.06640625
3 0.44375 0.284375 0.03359375 0.06796875
3 0.478125 0.19296875 0.0515625 0.04140625
4 0.49921875 0.14453125 0.0125 0.021875
4 0.4859375 0.11171875 0.01328125 0.01640625
4 0.45078125 0.1390625 0.01328125 0.02109375
3 0.415625 0.13515625 0.02109375 0.040625
3 0.4078125 0.1015625 0.02265625 0.04140625
6 0.43671875 0.11484375 0.0046875 0.0296875
6 0.44375 0.12109375 0.0046875 0.02890625
1 0.45078125 0.11640625 0.01328125 0.0203125
3 0.30078125 0.3421875 0.02890625 0.08046875
6 0.4078125 0.45859375 0.00859375 0.03984375
6 0.40546875 0.44140625 0.009375 0.046875
6 0.44765625 0.10078125 0.00625 0.03125
3 0.403125 0.07109375 0.0203125 0.034375
6 0.4671875 0.08203125 0.00859375 0.025
6 0.44765625 0.03671875 0.00625 0.025
3 0.39921875 0.03828125 0.01796875 0.03203125
3 0.39296875 0.01171875 0.01796875 0.0234375
3 0.25703125 0.0140625 0.0171875 0.028125
3 0.253125 0.04296875 0.01796875 0.0390625
3 0.25 0.071875 0.01953125 0.04296875
1 0.2109375 0.05625 0.01171875 0.01875
6 0.1796875 0.07578125 0.00546875 0.0296875
4 0.209375 0.0984375 0.0125 0.01875
8 0.23671875 0.16015625 0.01328125 0.03359375
10 0.225 0.20625 0.02734375 0.06640625
3 0.2171875 0.278125 0.02890625 0.0703125
3 0.18984375 0.159375 0.04921875 0.046875
3 0.17421875 0.20078125 0.04765625 0.046875
3 0.15859375 0.31328125 0.05625 0.05625
6 0.22578125 0.4359375 0.01328125 0.040625
4 0.25234375 0.40625 0.01171875 0.04296875
7 0.2515625 0.39296875 0.01015625 0.03046875
3 0.171875 0.55078125 0.04921875 0.128125
6 0.16640625 0.64375 0.01171875 0.046875
3 0.1421875 0.6578125 0.05 0.10078125
3 0.06953125 0.56875 0.07734375 0.12421875