3 0.39140625 0.59140625 0.0328125 0.0609375
3 0.53359375 0.68359375 0.07578125 0.0984375
9 0.33125 0.846875 0.1203125 0.30546875
10 0.509375 0.50703125 0.03203125 0.065625
7 0.2484375 0.57265625 0.0109375 0.02109375
7 0.271875 0.56875 0.01015625 0.0265625
7 0.2828125 0.56171875 0.01015625 0.021875
7 0.278125 0.55546875 0.01171875 0.028125
7 0.23984375 0.5421875 0.01171875 0.0234375
1 0.24921875 0.59140625 0.01640625 0.03203125
4 0.275 0.58671875 0.01796875 0.03125
4 0.2859375 0.5765625 0.0203125 0.034375
4 0.2421875 0.55625 0.01953125 0.02890625
3 0.34921875 0.2890625 0.0109375 0.02109375
3 0.33046875 0.27578125 0.01171875 0.0203125
3 0.37734375 0.28203125 0.01328125 0.01875
3 0.38046875 0.3109375 0.015625 0.02109375
3 0.359375 0.33671875 0.01484375 0.0234375
3 0.3921875 0.3484375 0.01640625 0.03046875
3 0.39140625 0.2796875 0.01171875 0.01875
3 0.3953125 0.30078125 0.01328125 0.02421875
3 0.4109375 0.31171875 0.01171875 0.0234375
3 0.41640625 0.3359375 0.015625 0.02109375
3 0.4015625 0.39375 0.01875 0.03359375
3 0.2265625 0.5109375 0.03828125 0.040625
3 0.24140625 0.4984375 0.04296875 0.04296875
7 0.128125 0.50546875 0.0109375 0.03046875
1 0.13046875 0.51640625 0.021875 0.02421875
3 0.06796875 0.4640625 0.03828125 0.04453125
3 0.12265625 0.40703125 0.034375 0.034375
3 0.12734375 0.47734375 0.04375 0.0453125
2 0.0234375 0.41875 0.046875 0.09921875
3 0.34296875 0.49609375 0.02734375 0.06015625
3 0.36796875 0.45390625 0.0265625 0.04609375
10 0.421875 0.45625 0.02578125 0.04609375
3 0.41015625 0.50234375 0.028125 0.05078125
9 0.46484375 0.39296875 0.05703125 0.09140625
7 0.553125 0.4921875 0.00859375 0.04140625
1 0.55234375 0.49921875 0.02265625 0.03359375
7 0.59609375 0.52578125 0.00703125 0.04296875
4 0.59453125 0.5265625 0.02265625 0.0265625
3 0.7046875 0.85078125 0.096875 0.1
7 0.7296875 0.68828125 0.01328125 0.04296875
4 0.72578125 0.70625 0.03359375 0.040625
9 0.76328125 0.61328125 0.165625 0.13828125
10 0.8984375 0.71796875 0.08359375 0.08828125
3 0.96953125 0.6953125 0.0609375 0.05625
10 0.8625 0.3359375 0.01484375 0.0265625
3 0.9078125 0.40078125 0.021875 0.028125
3 0.9171875 0.41328125 0.0234375 0.0296875
3 0.93046875 0.43046875 0.028125 0.03046875