3 0.59765625 0.89921875 0.06796875 0.14296875
3 0.22578125 0.9640625 0.07109375 0.071875
3 0.4046875 0.93046875 0.059375 0.1390625
3 0.50703125 0.8125 0.04609375 0.103125
3 0.46953125 0.928125 0.06328125 0.14375
3 0.5328125 0.94453125 0.065625 0.1109375
3 0.5796875 0.746875 0.05234375 0.1109375
2 0.65703125 0.7390625 0.09453125 0.2984375
6 0.14375 0.64765625 0.01328125 0.05625
1 0.16328125 0.6125 0.03203125 0.034375
6 0.125 0.67421875 0.01328125 0.0640625
6 0.07421875 0.79921875 0.021875 0.06875
6 0.02890625 0.4984375 0.01328125 0.0546875
6 0.0140625 0.63828125 0.01484375 0.0703125
6 0.0078125 0.62578125 0.015625 0.071875
6 0.0234375 0.6046875 0.015625 0.059375
6 0.0125 0.59453125 0.0109375 0.0546875
6 0.03203125 0.56875 0.01640625 0.059375
6 0.028125 0.55625 0.01640625 0.0546875
6 0.040625 0.52421875 0.01484375 0.0515625
6 0.05703125 0.503125 0.01484375 0.07421875
6 0.07109375 0.46640625 0.015625 0.05390625
6 0.06015625 0.46328125 0.01171875 0.0609375
6 0.128125 0.41953125 0.0125 0.0546875
6 0.1125 0.42734375 0.01484375 0.05625
6 0.103125 0.42265625 0.01171875 0.053125
6 0.1046875 0.40859375 0.01171875 0.0546875
6 0.01953125 0.878125 0.01953125 0.07890625
6 0.02109375 0.84921875 0.01796875 0.06953125
6 0.028125 0.81875 0.0203125 0.06796875
7 0.01328125 0.8078125 0.01484375 0.05078125
6 0.04765625 0.809375 0.01796875 0.06796875
6 0.03828125 0.7734375 0.01328125 0.06640625
7 0.04765625 0.75078125 0.01171875 0.040625
6 0.0578125 0.78671875 0.01328125 0.07109375
6 0.06875 0.76953125 0.01171875 0.05078125
6 0.0765625 0.74296875 0.01171875 0.05703125
6 0.0734375 0.7234375 0.00703125 0.03125
6 0.07578125 0.715625 0.015625 0.05625
6 0.09140625 0.728125 0.01484375 0.06328125
6 0.10625 0.70703125 0.01640625 0.05859375
6 0.11015625 0.6640625 0.0125 0.04921875
3 0.3734375 0.49765625 0.03203125 0.07109375
6 0.3265625 0.40859375 0.01171875 0.05546875
6 0.3484375 0.42421875 0.00859375 0.04140625
6 0.3546875 0.421875 0.0109375 0.046875
6 0.23046875 0.41171875 0.0125 0.046875
6 0.234375 0.40546875 0.01171875 0.05546875
6 0.23125 0.365625 0.0109375 0.03203125
6 0.259375 0.384375 0.01015625 0.03828125
6 0.2484375 0.38125 0.009375 0.03515625
6 0.25546875 0.3484375 0.00703125 0.0296875
6 0.240625 0.3546875 0.00625 0.03359375
6 0.246875 0.353125 0.00703125 0.03046875
6 0.246875 0.346875 0.00859375 0.034375
6 0.35390625 0.30546875 0.00859375 0.03125
4 0.38125 0.2984375 0.01015625 0.015625
3 0.41171875 0.36796875 0.02265625 0.03828125
3 0.3921875 0.34140625 0.02109375 0.03515625
3 0.39921875 0.2984375 0.0171875 0.0296875
10 0.4171875 0.28125 0.01796875 0.0359375
3 0.45625 0.27265625 0.01640625 0.025
3 0.4421875 0.25390625 0.01328125 0.021875
6 0.50390625 0.43359375 0.0125 0.03984375
6 0.525 0.42265625 0.00859375 0.046875
6 0.51953125 0.41875 0.0109375 0.0484375
6 0.52578125 0.40703125 0.01015625 0.0484375
6 0.57890625 0.43515625 0.0125 0.0484375
6 0.59609375 0.4265625 0.009375 0.04921875
6 0.60546875 0.4359375 0.01171875 0.04296875
3 0.60546875 0.334375 0.034375 0.025
6 0.63828125 0.41484375 0.0125 0.05703125
6 0.63046875 0.41015625 0.01484375 0.05546875
6 0.67578125 0.42734375 0.00859375 0.0453125
6 0.6734375 0.4234375 0.0140625 0.0546875
6 0.715625 0.396875 0.01171875 0.04375
1 0.2078125 0.5234375 0.01796875 0.034375
3 0.51875 0.70625 0.04296875 0.090625
3 0.56875 0.64140625 0.04609375 0.0765625
3 0.51015625 0.6203125 0.03984375 0.071875
10 0.60546875 0.5703125 0.034375 0.06640625
3 0.5578125 0.575 0.03984375 0.059375
3 0.51015625 0.55078125 0.03515625 0.06015625
2 0.596875 0.465625 0.0546875 0.1390625
3 0.55 0.50625 0.034375 0.06953125
3 0.50625 0.4953125 0.0265625 0.04609375
3 0.49140625 0.33671875 0.01875 0.034375
3 0.484375 0.28046875 0.01484375 0.01953125
3 0.50703125 0.40078125 0.021875 0.034375
3 0.57421875 0.3828125 0.02421875 0.034375
3 0.51171875 0.371875 0.02265625 0.02890625
3 0.50625 0.24765625 0.01171875 0.01953125
3 0.53671875 0.253125 0.01328125 0.01796875
3 0.5078125 0.2703125 0.0140625 0.01640625
3 0.509375 0.3546875 0.01640625 0.02578125
2 0.54375 0.35859375 0.0375 0.07578125
3 0.56640625 0.35390625 0.01796875 0.03515625
3 0.51171875 0.33359375 0.01875 0.02421875
6 0.771875 0.5203125 0.01015625 0.05390625
6 0.76640625 0.5484375 0.01328125 0.05859375
6 0.77734375 0.54453125 0.01171875 0.05546875
6 0.83515625 0.64140625 0.01640625 0.06875
3 0.5078125 0.3140625 0.01484375 0.01875
3 0.53046875 0.31015625 0.01640625 0.0203125
3 0.5703125 0.32421875 0.01640625 0.02421875
3 0.55078125 0.3109375 0.01796875 0.0234375
3 0.51171875 0.30078125 0.0140625 0.02109375
3 0.50546875 0.28515625 0.0171875 0.021875
3 0.5234375 0.2640625 0.0125 0.01640625
3 0.5265625 0.27734375 0.01328125 0.01796875
3 0.53046875 0.29140625 0.01796875 0.01640625
3 0.5421875 0.27578125 0.0125 0.01875
3 0.546875 0.29140625 0.01796875 0.01875
3 0.56640625 0.3046875 0.01640625 0.01640625
3 0.5640625 0.28671875 0.0140625 0.015625
3 0.559375 0.26953125 0.0140625 0.015625
10 0.55390625 0.2578125 0.01796875 0.0234375
3 0.5546875 0.24765625 0.01015625 0.0140625
3 0.60234375 0.31953125 0.03203125 0.0203125
3 0.484375 0.265625 0.01328125 0.01796875
3 0.6015625 0.30859375 0.0359375 0.01953125
3 0.60234375 0.29609375 0.04140625 0.01796875
3 0.60078125 0.2875 0.03515625 0.015625
6 0.77578125 0.60859375 0.02421875 0.05546875
6 0.79375 0.684375 0.02734375 0.0609375
6 0.9125 0.95 0.028125 0.08671875
6 0.86171875 0.725 0.01796875 0.06640625
6 0.84296875 0.728125 0.01796875 0.06640625
6 0.84765625 0.7015625 0.01796875 0.065625
6 0.84921875 0.909375 0.015625 0.0796875
6 0.8390625 0.94453125 0.01796875 0.08359375
6 0.85 0.9765625 0.02109375 0.046875
6 0.96875 0.9671875 0.021875 0.065625
6 0.84765625 0.5984375 0.01171875 0.04609375
3 0.9046875 0.6171875 0.065625 0.08046875
3 0.9578125 0.621875 0.06328125 0.0859375
3 0.96796875 0.74765625 0.06328125 0.14140625
3 0.94921875 0.56796875 0.06953125 0.046875
6 0.84375 0.53828125 0.0078125 0.0484375
6 0.85078125 0.52890625 0.00859375 0.0546875
6 0.73359375 0.4140625 0.00703125 0.0296875
6 0.70703125 0.3984375 0.00703125 0.0546875
6 0.7015625 0.3984375 0.0109375 0.0515625
6 0.68515625 0.38828125 0.0078125 0.03828125
6 0.6921875 0.3890625 0.0078125 0.03828125
7 0.74609375 0.403125 0.01015625 0.028125
7 0.7046875 0.33515625 0.00859375 0.021875
6 0.64296875 0.31640625 0.00703125 0.02421875
6 0.65625 0.33828125 0.00703125 0.0296875
6 0.6484375 0.340625 0.00703125 0.0296875
6 0.65234375 0.334375 0.0078125 0.02890625
7 0.69140625 0.34375 0.00859375 0.01875
6 0.67578125 0.321875 0.0078125 0.0265625
6 0.66796875 0.32265625 0.00703125 0.025
6 0.65 0.29921875 0.00546875 0.021875
6 0.709375 0.309375 0.00703125 0.0265625
6 0.73671875 0.3765625 0.01015625 0.03671875
6 0.74296875 0.3734375 0.00703125 0.0359375
3 0.6 0.25078125 0.01484375 0.01875
6 0.68671875 0.30390625 0.00703125 0.025
6 0.67109375 0.28671875 0.00546875 0.02421875
6 0.67578125 0.28671875 0.00546875 0.0234375
6 0.6796875 0.28515625 0.0046875 0.01875
6 0.684375 0.28359375 0.00390625 0.01796875
6 0.6546875 0.30234375 0.00625 0.0234375
6 0.6578125 0.303125 0.00546875 0.021875
6 0.66171875 0.3015625 0.0046875 0.021875
6 0.665625 0.30546875 0.003125 0.01796875
6 0.64375 0.27890625 0.0046875 0.01875
6 0.65859375 0.265625 0.00390625 0.021875
6 0.6671875 0.2734375 0.0046875 0.0203125
6 0.6109375 0.2515625 0.00390625 0.01796875
6 0.6296875 0.253125 0.00546875 0.01875
7 0.61640625 0.25078125 0.00546875 0.0109375
1 0.6171875 0.259375 0.0046875 0.01171875
7 0.58671875 0.25546875 0.0046875 0.0109375
6 0.57734375 0.28515625 0.00546875 0.021875
6 0.7375 0.340625 0.00546875 0.02578125
6 0.73046875 0.34140625 0.00546875 0.02578125
6 0.72578125 0.334375 0.00625 0.028125
6 0.7203125 0.34453125 0.0046875 0.028125
6 0.715625 0.340625 0.00546875 0.0296875
7 0.38046875 0.290625 0.00390625 0.01484375