0 0.54765625 0.921875 0.090625 0.0578125
3 0.47421875 0.84609375 0.084375 0.05625
3 0.40703125 0.82421875 0.0671875 0.0703125
7 0.4515625 0.89921875 0.0328125 0.01875
1 0.46171875 0.9 0.034375 0.028125
7 0.3421875 0.96484375 0.0296875 0.01875
7 0.325 0.9671875 0.0328125 0.01875
8 0.346875 0.9625 0.0453125 0.0390625
3 0.29140625 0.9390625 0.0484375 0.0609375
7 0.30859375 0.8921875 0.0265625 0.0140625
7 0.31953125 0.88515625 0.0296875 0.0171875
8 0.32421875 0.890625 0.0390625 0.04375
3 0.3140625 0.8375 0.0515625 0.065625
3 0.28671875 0.81328125 0.0453125 0.05625
7 0.24296875 0.84921875 0.0265625 0.0125
8 0.24765625 0.8421875 0.0359375 0.0421875
7 0.22265625 0.8828125 0.025 0.0140625
4 0.2296875 0.88515625 0.0234375 0.021875
3 0.215625 0.88515625 0.0390625 0.053125
10 0.2015625 0.93359375 0.0390625 0.034375
10 0.17890625 0.9015625 0.0359375 0.0296875
10 0.1890625 0.86640625 0.034375 0.0390625
7 0.209375 0.80546875 0.0203125 0.0125
8 0.21328125 0.81015625 0.0234375 0.03125
6 0.19375 0.82890625 0.025 0.0109375
6 0.19375 0.825 0.025 0.0109375
4 0.1859375 0.828125 0.0234375 0.0140625
3 0.18984375 0.80234375 0.0296875 0.0296875
6 0.20546875 0.76796875 0.0265625 0.0109375
6 0.20390625 0.7578125 0.025 0.0109375
10 0.175 0.76875 0.0515625 0.0359375
10 0.1875 0.75234375 0.0375 0.0265625
8 0.18125 0.7421875 0.0171875 0.0203125
7 0.26640625 0.67578125 0.025 0.0109375
4 0.271875 0.6765625 0.021875 0.01875
6 0.18125 0.7203125 0.021875 0.009375
6 0.1625 0.72734375 0.021875 0.0078125
6 0.1625 0.71875 0.0203125 0.009375
6 0.184375 0.7109375 0.01875 0.00625
6 0.184375 0.7078125 0.021875 0.0078125
6 0.18671875 0.70625 0.021875 0.0078125
6 0.16875 0.70703125 0.01875 0.00625
6 0.17109375 0.7046875 0.015625 0.00625
6 0.17421875 0.7 0.021875 0.0078125
6 0.178125 0.69765625 0.0125 0.00625
7 0.16875 0.69453125 0.009375 0.0046875
6 0.1734375 0.6953125 0.025 0.0078125
6 0.1609375 0.70546875 0.021875 0.009375
6 0.16484375 0.7015625 0.01875 0.00625
6 0.17421875 0.7 0.021875 0.0078125
6 0.16796875 0.6984375 0.01875 0.00625
6 0.1375 0.671875 0.015625 0.00625
4 0.140625 0.70546875 0.0140625 0.0125
4 0.13828125 0.6875 0.0140625 0.009375
3 0.19375 0.68125 0.03125 0.0234375
8 0.1515625 0.6671875 0.0203125 0.0125
6 0.14140625 0.65859375 0.0140625 0.00625
6 0.14296875 0.65546875 0.01875 0.00625
6 0.1421875 0.6515625 0.01875 0.00625
6 0.13984375 0.64609375 0.01875 0.00625
3 0.20078125 0.6515625 0.028125 0.0203125
10 0.18046875 0.640625 0.028125 0.0203125
10 0.16484375 0.6390625 0.0234375 0.0171875
3 0.20546875 0.6265625 0.028125 0.0203125
3 0.18671875 0.621875 0.0265625 0.01875
3 0.16796875 0.615625 0.0234375 0.0171875
3 0.1515625 0.63125 0.0203125 0.015625
3 0.1390625 0.62734375 0.0203125 0.015625
3 0.12734375 0.646875 0.0203125 0.015625
10 0.1515625 0.609375 0.0234375 0.0140625
10 0.14140625 0.6046875 0.0265625 0.0140625
10 0.13359375 0.60546875 0.0203125 0.0125
10 0.09765625 0.653125 0.0203125 0.025
10 0.103125 0.63671875 0.021875 0.021875
3 0.11015625 0.63515625 0.0171875 0.0125
2 0.0984375 0.60546875 0.0375 0.028125
3 0.0890625 0.634375 0.015625 0.0171875
3 0.0921875 0.62265625 0.015625 0.0125
3 0.09609375 0.61328125 0.015625 0.0125
3 0.07578125 0.63203125 0.0125 0.0171875
3 0.07421875 0.62734375 0.015625 0.0171875
3 0.071875 0.62109375 0.0140625 0.0171875
3 0.075 0.60859375 0.0140625 0.0109375
10 0.0671875 0.60859375 0.0125 0.0171875
6 0.0796875 0.6171875 0.009375 0.003125
6 0.08125 0.61484375 0.009375 0.003125
6 0.07578125 0.60078125 0.009375 0.003125
6 0.06953125 0.5921875 0.0109375 0.0046875
6 0.05859375 0.58984375 0.009375 0.0046875
6 0.0578125 0.59453125 0.009375 0.003125
7 0.05 0.5828125 0.009375 0.0046875
4 0.05234375 0.5828125 0.00625 0.0046875
10 0.0640625 0.62265625 0.0140625 0.0140625
3 0.065625 0.60390625 0.0109375 0.0078125
10 0.0578125 0.6125 0.0140625 0.0140625
10 0.053125 0.6046875 0.0140625 0.0140625
3 0.0515625 0.5953125 0.0109375 0.0109375
6 0.04140625 0.5953125 0.00625 0.003125
6 0.0421875 0.590625 0.00625 0.0046875
6 0.0421875 0.59296875 0.00625 0.003125
3 0.04765625 0.60234375 0.0109375 0.0125
3 0.04453125 0.60390625 0.0125 0.0140625
3 0.04296875 0.6015625 0.009375 0.0140625
3 0.04140625 0.6015625 0.0125 0.0140625
3 0.0390625 0.5890625 0.009375 0.0046875
10 0.04140625 0.59921875 0.0125 0.0140625
3 0.02265625 0.5890625 0.0078125 0.0109375
10 0.05 0.56484375 0.009375 0.00625
7 0.07734375 0.55703125 0.00625 0.0046875
8 0.08046875 0.55703125 0.009375 0.0046875
10 0.0953125 0.5703125 0.0171875 0.0140625
3 0.11171875 0.565625 0.015625 0.01875
7 0.11015625 0.5875 0.0125 0.00625
1 0.11328125 0.5875 0.009375 0.0046875
6 0.1203125 0.55859375 0.0140625 0.00625
3 0.51328125 0.403125 0.059375 0.0484375
3 0.38828125 0.471875 0.05 0.0453125
3 0.334375 0.46484375 0.0390625 0.05
7 0.31484375 0.44921875 0.025 0.0109375
1 0.3203125 0.453125 0.021875 0.0171875
8 0.3375 0.40078125 0.0421875 0.04375
8 0.35078125 0.3296875 0.0390625 0.04375
7 0.2828125 0.59296875 0.021875 0.0109375
7 0.28125 0.58359375 0.025 0.0109375
4 0.28828125 0.59453125 0.0203125 0.015625
1 0.28671875 0.5859375 0.01875 0.01875
2 0.20859375 0.49375 0.0609375 0.0390625
6 0.21953125 0.47734375 0.0203125 0.0078125
6 0.21484375 0.471875 0.01875 0.00625
6 0.2234375 0.46640625 0.0234375 0.0078125
7 0.19140625 0.51796875 0.015625 0.00625
7 0.18125 0.50859375 0.015625 0.00625
1 0.19453125 0.51953125 0.015625 0.00625
1 0.18515625 0.509375 0.0125 0.00625
6 0.1875 0.5015625 0.0109375 0.0078125
10 0.178125 0.4734375 0.0234375 0.021875
10 0.14296875 0.503125 0.0203125 0.0109375
10 0.1296875 0.50703125 0.0171875 0.015625
10 0.1328125 0.4890625 0.0203125 0.0109375
6 0.14375 0.490625 0.015625 0.00625
3 0.1140625 0.51328125 0.0125 0.0109375
9 0.1109375 0.49921875 0.01875 0.0203125
6 0.10625 0.51796875 0.0125 0.00625
8 0.1078125 0.5203125 0.009375 0.00625
3 0.10546875 0.49921875 0.0125 0.0140625
3 0.10234375 0.5 0.0125 0.015625
10 0.096875 0.50703125 0.015625 0.015625
10 0.0890625 0.50078125 0.0140625 0.0140625
10 0.08046875 0.5078125 0.0140625 0.0140625
10 0.07734375 0.50859375 0.0140625 0.0171875
3 0.078125 0.52109375 0.0109375 0.0078125
3 0.07890625 0.50859375 0.009375 0.0140625
10 0.0703125 0.5109375 0.0109375 0.0125
10 0.06953125 0.5109375 0.0109375 0.0125
10 0.0671875 0.5125 0.0109375 0.0109375
8 0.0859375 0.5203125 0.00625 0.0046875
7 0.05390625 0.53359375 0.00625 0.0046875
7 0.034375 0.540625 0.0046875 0.0046875
1 0.0546875 0.53515625 0.00625 0.003125
8 0.03671875 0.540625 0.00625 0.0046875
3 0.0140625 0.559375 0.003125 0.003125
10 0.01484375 0.5546875 0.00625 0.0046875
10 0.00625 0.55859375 0.0046875 0.0046875