6 0.58515625 0.6859375 0.03125 0.0140625
4 0.3421875 0.546875 0.0421875 0.01875
4 0.3453125 0.58203125 0.0390625 0.01875
1 0.4328125 0.6375 0.0328125 0.0171875
7 0.34609375 0.55078125 0.0421875 0.01875
7 0.35234375 0.5859375 0.0359375 0.0171875
6 0.4390625 0.64375 0.0328125 0.0171875
4 0.3984375 0.65625 0.0390625 0.0203125
7 0.40546875 0.65546875 0.040625 0.025
7 0.41015625 0.6578125 0.0390625 0.015625
3 0.61953125 0.48828125 0.0671875 0.0625
3 0.671875 0.44296875 0.0625 0.0609375
3 0.70859375 0.46953125 0.053125 0.0328125
3 0.7453125 0.4390625 0.0515625 0.0390625
3 0.965625 0.52578125 0.025 0.028125
3 0.853125 0.4875 0.0359375 0.0328125
6 0.975 0.4640625 0.01875 0.00625
3 0.95390625 0.43984375 0.0328125 0.0328125
10 0.9828125 0.51796875 0.03125 0.0265625
10 0.9875 0.5046875 0.025 0.025
3 0.99609375 0.48828125 0.0078125 0.0234375
1 0.853125 0.46171875 0.025 0.009375
1 0.85390625 0.45546875 0.021875 0.009375
3 0.80703125 0.3875 0.0515625 0.040625
3 0.821875 0.36796875 0.046875 0.028125
3 0.3609375 0.35703125 0.10625 0.0765625
8 0.37109375 0.21953125 0.0546875 0.0390625
7 0.37421875 0.221875 0.03125 0.0140625
7 0.38984375 0.215625 0.0265625 0.015625
3 0.459375 0.29140625 0.1015625 0.075
10 0.58046875 0.221875 0.084375 0.05625
6 0.87421875 0.328125 0.025 0.00625
3 0.8265625 0.08046875 0.0546875 0.0453125
3 0.88671875 0.271875 0.0421875 0.025
3 0.9921875 0.15703125 0.015625 0.0296875
0 0.98359375 0.1734375 0.0296875 0.0234375
3 0.95078125 0.203125 0.0359375 0.0328125
3 0.92578125 0.22734375 0.0375 0.0453125
10 0.9015625 0.24765625 0.0421875 0.034375
1 0.92421875 0.2625 0.0171875 0.0109375