3 0.525 0.20078125 0.1359375 0.075
10 0.38125 0.26328125 0.08125 0.05625
3 0.446875 0.4625 0.0953125 0.0515625
3 0.40390625 0.56953125 0.071875 0.0484375
3 0.3265625 0.428125 0.06875 0.0390625
0 0.44140625 0.40390625 0.08125 0.0359375
10 0.26640625 0.484375 0.065625 0.0359375
3 0.19609375 0.484375 0.04375 0.028125
3 0.25390625 0.31953125 0.0609375 0.0375
3 0.2140625 0.3375 0.0484375 0.0328125
3 0.20546875 0.2796875 0.04375 0.046875
3 0.184375 0.28984375 0.04375 0.0578125
3 0.2484375 0.23203125 0.0578125 0.071875
3 0.27421875 0.21796875 0.05625 0.0625
6 0.390625 0.0765625 0.0390625 0.01875
6 0.38515625 0.07109375 0.0515625 0.0203125
3 0.25234375 0.14609375 0.065625 0.053125
10 0.1890625 0.15390625 0.0734375 0.0609375
4 0.1984375 0.08203125 0.0265625 0.0203125
6 0.19140625 0.19296875 0.03125 0.0109375
6 0.19296875 0.2015625 0.03125 0.0109375
6 0.21015625 0.2203125 0.0359375 0.015625
6 0.20703125 0.215625 0.0328125 0.0140625
4 0.16875 0.18046875 0.0265625 0.0171875
7 0.16171875 0.18125 0.025 0.0140625
6 0.15859375 0.24140625 0.0265625 0.009375
9 0.1375 0.2921875 0.05 0.059375
4 0.26171875 0.42109375 0.0265625 0.0109375
4 0.22265625 0.42734375 0.0265625 0.0125
7 0.25234375 0.4234375 0.0265625 0.0125
7 0.21484375 0.428125 0.025 0.0109375
7 0.2140625 0.42890625 0.025 0.0109375
3 0.31015625 0.67109375 0.0484375 0.0421875
4 0.3625 0.6453125 0.0328125 0.0140625
7 0.3546875 0.6484375 0.0296875 0.0140625
6 0.3328125 0.66484375 0.0234375 0.0109375
6 0.321875 0.6546875 0.0359375 0.01875
4 0.17109375 0.6125 0.0203125 0.009375
7 0.17109375 0.6125 0.0203125 0.009375
7 0.16484375 0.61484375 0.0171875 0.009375
3 0.08203125 0.4953125 0.0265625 0.0171875
4 0.06796875 0.5015625 0.0125 0.009375
7 0.06328125 0.503125 0.015625 0.00625
3 0.07109375 0.2578125 0.03125 0.0375
9 0.078125 0.31640625 0.0484375 0.065625
6 0.08125 0.353125 0.025 0.0109375
6 0.0890625 0.334375 0.0234375 0.0078125
6 0.09140625 0.32578125 0.0234375 0.0109375
6 0.08984375 0.3296875 0.0234375 0.0078125
10 0.096875 0.39296875 0.0390625 0.0359375
3 0.07109375 0.40234375 0.0265625 0.01875
3 0.05546875 0.4109375 0.025 0.015625
6 0.059375 0.41875 0.01875 0.0078125
3 0.02890625 0.41953125 0.0203125 0.0125
3 0.02109375 0.42578125 0.0203125 0.0140625
3 0.01015625 0.43125 0.0203125 0.0125
6 0.0046875 0.4375 0.009375 0.00625
8 0.0015625 0.45 0.003125 0.00625
4 0.03671875 0.46328125 0.0125 0.0046875
4 0.01875 0.4796875 0.0109375 0.0046875
7 0.03359375 0.46484375 0.015625 0.00625
7 0.015625 0.4796875 0.0125 0.0046875