3 0.26796875 0.3890625 0.0578125 0.075
3 0.346875 0.3953125 0.0671875 0.11875
3 0.3609375 0.528125 0.0484375 0.084375
3 0.33046875 0.5921875 0.0484375 0.0796875
3 0.38203125 0.6296875 0.0390625 0.0640625
3 0.39453125 0.68828125 0.0359375 0.053125
3 0.3515625 0.7015625 0.034375 0.05
3 0.40625 0.73671875 0.03125 0.0453125
3 0.37421875 0.76953125 0.03125 0.04375
3 0.409375 0.771875 0.0265625 0.0375
3 0.38046875 0.80625 0.0265625 0.0375
10 0.4109375 0.81171875 0.0234375 0.0390625
3 0.39453125 0.83203125 0.021875 0.03125
3 0.4234375 0.8296875 0.025 0.034375
3 0.4203125 0.853125 0.021875 0.0296875
3 0.3921875 0.8625 0.021875 0.03125
9 0.42578125 0.88359375 0.0234375 0.0375
3 0.39921875 0.8828125 0.0203125 0.0265625
3 0.4015625 0.89921875 0.0171875 0.0234375
3 0.42421875 0.8984375 0.0171875 0.021875
3 0.42421875 0.9125 0.015625 0.021875
3 0.40546875 0.9140625 0.0171875 0.021875
3 0.42734375 0.9234375 0.0171875 0.021875
3 0.4078125 0.9296875 0.015625 0.01875
3 0.4296875 0.93515625 0.0140625 0.0171875
3 0.409375 0.940625 0.0140625 0.0171875
3 0.43046875 0.94453125 0.015625 0.01875
3 0.41171875 0.95 0.0125 0.0171875
3 0.4296875 0.9546875 0.0140625 0.015625
3 0.4140625 0.9609375 0.0125 0.0171875
10 0.434375 0.9640625 0.0140625 0.0203125
3 0.41640625 0.96953125 0.0125 0.0171875
3 0.41875 0.97890625 0.0125 0.0140625
3 0.41953125 0.98671875 0.009375 0.0140625
3 0.4234375 0.99296875 0.0109375 0.0140625
3 0.4234375 0.99609375 0.009375 0.0078125
9 0.43828125 0.98671875 0.01875 0.0265625
9 0.4375 0.99375 0.015625 0.0125