6 0.190625 0.6734375 0.01953125 0.0703125
6 0.1703125 0.67109375 0.01796875 0.07578125
6 0.64765625 0.48125 0.01171875 0.04609375
6 0.665625 0.50703125 0.0109375 0.04375
6 0.6578125 0.48203125 0.01015625 0.04453125
6 0.675 0.49609375 0.01015625 0.05390625
3 0.3578125 0.78828125 0.05546875 0.14921875
3 0.434375 0.6234375 0.0421875 0.090625
3 0.34921875 0.60078125 0.04375 0.090625
3 0.57734375 0.58359375 0.04296875 0.06875
3 0.35078125 0.4984375 0.03984375 0.09140625
10 0.43671875 0.465625 0.03046875 0.075
3 0.3890625 0.45625 0.0296875 0.059375
3 0.38046875 0.37265625 0.025 0.046875
3 0.44140625 0.31796875 0.02421875 0.03828125
9 0.52265625 0.340625 0.034375 0.075
3 0.41640625 0.2375 0.01796875 0.02890625
3 0.490625 0.2421875 0.01796875 0.02890625
3 0.43515625 0.17421875 0.0140625 0.021875
7 0.51328125 0.15859375 0.00390625 0.0109375
4 0.51328125 0.165625 0.00703125 0.01328125
7 0.4625 0.140625 0.00546875 0.00859375
4 0.46328125 0.146875 0.00625 0.01015625
3 0.4359375 0.146875 0.0109375 0.01640625
3 0.4515625 0.1484375 0.01171875 0.01953125
3 0.4921875 0.140625 0.0109375 0.0140625
2 0.71953125 0.871875 0.1921875 0.25625