4 0.87109375 0.75 0.0359375 0.0359375
6 0.8359375 0.71015625 0.0265625 0.0421875
3 0.50234375 0.67578125 0.065625 0.09375
3 0.55 0.69140625 0.0609375 0.0921875
3 0.57109375 0.56640625 0.053125 0.075
4 0.584375 0.5296875 0.0265625 0.028125
3 0.6046875 0.51171875 0.0546875 0.0578125
6 0.63203125 0.50546875 0.0171875 0.03125
8 0.63359375 0.5140625 0.0265625 0.0421875
3 0.6328125 0.471875 0.04375 0.0546875
3 0.684375 0.4859375 0.0359375 0.05
10 0.7796875 0.52578125 0.0453125 0.065625
7 0.72421875 0.43984375 0.0109375 0.0171875
4 0.72109375 0.44765625 0.0140625 0.025
7 0.68828125 0.44296875 0.0140625 0.0171875
7 0.69296875 0.43671875 0.0125 0.0203125
4 0.690625 0.44453125 0.0171875 0.0234375
10 0.671875 0.4046875 0.0578125 0.0640625
2 0.6875 0.37265625 0.0671875 0.0734375
10 0.69765625 0.35859375 0.0328125 0.0328125
3 0.71796875 0.35 0.025 0.03125
3 0.70859375 0.33359375 0.0375 0.0359375
3 0.7671875 0.375 0.0296875 0.0390625
7 0.7953125 0.38671875 0.0109375 0.0171875
1 0.79140625 0.396875 0.0125 0.0203125
10 0.7265625 0.303125 0.0296875 0.028125
3 0.71875 0.28984375 0.0328125 0.0296875
3 0.734375 0.28828125 0.0328125 0.028125
0 0.74140625 0.26484375 0.01875 0.021875
3 0.71875 0.2625 0.01875 0.0203125
3 0.721875 0.25703125 0.0203125 0.0203125
3 0.75390625 0.24921875 0.0171875 0.01875
10 0.8296875 0.3125 0.0359375 0.0328125
3 0.840625 0.29453125 0.021875 0.0234375
3 0.82265625 0.271875 0.015625 0.0203125
4 0.84765625 0.278125 0.009375 0.0125
1 0.84765625 0.2703125 0.0109375 0.0109375
3 0.84296875 0.240625 0.0171875 0.0171875
3 0.765625 0.2203125 0.0125 0.015625
3 0.76875 0.21328125 0.0109375 0.0125
3 0.778125 0.209375 0.01875 0.0171875
3 0.7796875 0.2015625 0.015625 0.015625
3 0.78359375 0.19453125 0.009375 0.0109375
3 0.7875 0.19140625 0.015625 0.015625
3 0.83125 0.221875 0.0125 0.015625
3 0.83125 0.21484375 0.0125 0.0140625
3 0.8296875 0.20859375 0.0125 0.0140625
3 0.83359375 0.203125 0.0125 0.0125
4 0.84765625 0.21953125 0.009375 0.0109375
4 0.85 0.2078125 0.0078125 0.0078125
9 0.846875 0.19609375 0.021875 0.0234375
4 0.77578125 0.1859375 0.009375 0.0109375
3 0.77890625 0.175 0.009375 0.0109375
3 0.7890625 0.18125 0.0109375 0.009375
3 0.78984375 0.17890625 0.009375 0.0109375
3 0.79453125 0.17578125 0.0109375 0.0140625
3 0.79140625 0.16875 0.0125 0.0125
3 0.79609375 0.16875 0.009375 0.0109375
9 0.8390625 0.17578125 0.0140625 0.0203125
3 0.82578125 0.15703125 0.009375 0.0109375
3 0.85390625 0.165625 0.0125 0.0125