10 0.08203125 0.10546875 0.015625 0.05390625
3 0.2828125 0.015625 0.02578125 0.0296875
3 0.27578125 0.09765625 0.01953125 0.01953125
3 0.2671875 0.1890625 0.025 0.025
3 0.275 0.21875 0.0234375 0.02109375
10 0.27421875 0.065625 0.02734375 0.02421875
6 0.259375 0.03359375 0.00390625 0.01171875
6 0.2375 0.09375 0.003125 0.01015625
3 0.265625 0.1234375 0.02265625 0.0265625
3 0.26484375 0.240625 0.02578125 0.01953125
3 0.26171875 0.27109375 0.025 0.02109375
3 0.225 0.31796875 0.02578125 0.02421875
3 0.2390625 0.36796875 0.02421875 0.03515625
3 0.36015625 0.03671875 0.01015625 0.04453125
3 0.34921875 0.39375 0.02109375 0.04140625
3 0.3234375 0.44921875 0.01328125 0.04375
3 0.3078125 0.52734375 0.01171875 0.05078125
3 0.346875 0.64296875 0.01328125 0.04921875
3 0.2390625 0.50703125 0.0125 0.04609375
3 0.2453125 0.4125 0.01015625 0.0453125
3 0.21484375 0.45859375 0.01484375 0.05078125
3 0.23359375 0.6375 0.01328125 0.05078125
4 0.20859375 0.56953125 0.00859375 0.00859375
4 0.2078125 0.61640625 0.00859375 0.00859375
4 0.1984375 0.67265625 0.00390625 0.01796875
4 0.21171875 0.146875 0.009375 0.01015625
4 0.2078125 0.20625 0.00546875 0.01640625
2 0.3171875 0.02734375 0.01640625 0.0546875
4 0.41640625 0.05390625 0.00859375 0.0140625
1 0.3109375 0.1984375 0.00703125 0.0109375
7 0.3109375 0.19453125 0.00390625 0.00859375
6 0.40390625 0.1875 0.003125 0.01015625
6 0.40234375 0.184375 0.003125 0.00703125
6 0.4078125 0.3890625 0.0046875 0.00703125
6 0.4046875 0.28359375 0.00390625 0.009375
3 0.490625 0.03359375 0.0109375 0.0484375
3 0.50625 0.03203125 0.01171875 0.03984375
3 0.52109375 0.040625 0.01171875 0.0359375
3 0.5359375 0.03203125 0.01171875 0.0359375
3 0.55 0.034375 0.01171875 0.040625
3 0.58515625 0.00859375 0.0203125 0.0171875
3 0.44609375 0.3640625 0.02421875 0.02109375
3 0.6859375 0.39296875 0.02578125 0.01953125
3 0.67109375 0.45625 0.02109375 0.03515625
10 0.53828125 0.4609375 0.02265625 0.02890625
3 0.415625 0.48359375 0.0109375 0.04609375
3 0.42578125 0.52421875 0.0203125 0.02578125
3 0.41484375 0.57421875 0.0125 0.0484375
3 0.41796875 0.64296875 0.02421875 0.04921875
4 0.45546875 0.66640625 0.003125 0.01875
4 0.44921875 0.678125 0.003125 0.01640625
4 0.4484375 0.659375 0.00625 0.01171875
3 0.59609375 0.6828125 0.01640625 0.04921875
3 0.62265625 0.6984375 0.01484375 0.01953125
3 0.6390625 0.6984375 0.01171875 0.0203125
3 0.69296875 0.6890625 0.015625 0.0390625
4 0.45625 0.5140625 0.00859375 0.00546875
6 0.44375 0.6328125 0.0046875 0.00859375
4 0.4546875 0.48203125 0.0046875 0.01484375
6 0.45 0.696875 0.00390625 0.00625