3 0.25859375 0.503125 0.06171875 0.06484375
3 0.209375 0.4109375 0.059375 0.065625
3 0.1234375 0.36328125 0.0609375 0.06640625
3 0.01953125 0.36875 0.0390625 0.05625
3 0.0421875 0.52578125 0.06171875 0.0765625
3 0.05234375 0.1609375 0.04609375 0.053125
3 0.13515625 0.15078125 0.0234375 0.06640625
3 0.17578125 0.1796875 0.03046875 0.06875
3 0.26875 0.2125 0.04296875 0.0453125
3 0.43984375 0.48671875 0.0296875 0.06171875
3 0.50703125 0.484375 0.05859375 0.06640625
3 0.609375 0.484375 0.05859375 0.06171875
3 0.63671875 0.56171875 0.06953125 0.075
3 0.4875 0.11875 0.025 0.05625
3 0.5171875 0.0140625 0.02421875 0.02578125
3 0.140625 0.43828125 0.05859375 0.06328125
7 0.175 0.296875 0.0078125 0.0265625
7 0.18046875 0.303125 0.00703125 0.01640625
4 0.17578125 0.3 0.01640625 0.02421875
7 0.3328125 0.30546875 0.009375 0.0203125
4 0.33203125 0.309375 0.01875 0.021875
6 0.36640625 0.24609375 0.00546875 0.02578125
6 0.3703125 0.24296875 0.0046875 0.02421875
6 0.3921875 0.21640625 0.00703125 0.02421875
7 0.39140625 0.22890625 0.0046875 0.01640625
7 0.3984375 0.25390625 0.00546875 0.0203125
7 0.39921875 0.24453125 0.0078125 0.02109375
7 0.4015625 0.23984375 0.00703125 0.021875
4 0.4 0.2484375 0.0078125 0.03203125
7 0.42109375 0.35390625 0.00703125 0.0265625
1 0.41875 0.359375 0.02109375 0.0234375
6 0.384375 0.68125 0.0140625 0.02421875
7 0.2765625 0.61953125 0.01171875 0.025
1 0.278125 0.62578125 0.02265625 0.02578125
7 0.23828125 0.5515625 0.01015625 0.0265625
7 0.23046875 0.54765625 0.009375 0.02109375
7 0.22734375 0.5203125 0.00859375 0.02578125
4 0.2390625 0.55390625 0.02109375 0.0296875
4 0.228125 0.52421875 0.02734375 0.0234375
4 0.36875 0.48359375 0.0140625 0.03515625
4 0.50390625 0.29375 0.00703125 0.0296875
7 0.37109375 0.47421875 0.01171875 0.02578125
7 0.5046875 0.28984375 0.00859375 0.028125
7 0.40625 0.10859375 0.00703125 0.02109375
7 0.4078125 0.103125 0.00703125 0.02109375
4 0.40546875 0.1140625 0.009375 0.03046875
3 0.51640625 0.69609375 0.0765625 0.025