3 0.1796875 0.3453125 0.05625 0.10625
10 0.196875 0.5359375 0.034375 0.10625
6 0.17734375 0.5734375 0.009375 0.0546875
6 0.16328125 0.58203125 0.009375 0.05
3 0.36328125 0.34296875 0.04375 0.103125
6 0.31875 0.45078125 0.009375 0.04375
6 0.321875 0.4390625 0.00625 0.03125
9 0.2828125 0.43046875 0.0546875 0.215625
9 0.28046875 0.74296875 0.0328125 0.090625
3 0.40390625 0.615625 0.0296875 0.0734375
3 0.39609375 0.70625 0.028125 0.059375
6 0.2 0.65234375 0.0078125 0.040625
6 0.19609375 0.628125 0.009375 0.040625
6 0.2 0.63359375 0.0046875 0.0265625
6 0.1921875 0.6140625 0.009375 0.03125
3 0.69765625 0.77734375 0.021875 0.05
1 0.48984375 0.56875 0.0125 0.046875
8 0.61953125 0.7328125 0.015625 0.0359375
7 0.621875 0.7375 0.00625 0.03125
10 0.59453125 0.86640625 0.034375 0.04375
3 0.7 0.91875 0.015625 0.0265625
3 0.6921875 0.90546875 0.03125 0.034375
3 0.66484375 0.90546875 0.03125 0.03125
3 0.64140625 0.90546875 0.025 0.0296875
3 0.6171875 0.90703125 0.028125 0.034375
4 0.6140625 0.8875 0.00625 0.021875
6 0.18046875 0.6578125 0.009375 0.040625
6 0.059375 0.98046875 0.00625 0.025
1 0.453125 0.65 0.021875 0.0203125
1 0.45234375 0.6609375 0.015625 0.0234375
6 0.45546875 0.65078125 0.00625 0.0375
6 0.459375 0.7 0.009375 0.0390625
6 0.4484375 0.68984375 0.00625 0.0390625
6 0.4375 0.725 0.009375 0.0390625
6 0.4453125 0.6984375 0.00625 0.0375
6 0.46875 0.66875 0.0109375 0.034375
3 0.38671875 0.78046875 0.025 0.05625
3 0.33125 0.83671875 0.0203125 0.040625
3 0.29296875 0.85703125 0.021875 0.05
3 0.25546875 0.9140625 0.025 0.0375
3 0.28515625 0.9265625 0.015625 0.0359375
3 0.33515625 0.9359375 0.015625 0.028125
3 0.32890625 0.96875 0.015625 0.025
3 0.36015625 0.9359375 0.0171875 0.03125
3 0.36328125 0.9640625 0.015625 0.025
4 0.31484375 0.99375 0.0046875 0.0125
7 0.31484375 0.99609375 0.0046875 0.00625
3 0.33046875 0.9890625 0.015625 0.021875
10 0.33046875 0.88828125 0.01875 0.04375
10 0.35546875 0.85703125 0.01875 0.0484375
0 0.31640625 0.93515625 0.0125 0.0296875
3 0.37421875 0.90703125 0.01875 0.034375
3 0.37734375 0.82890625 0.01875 0.040625
9 0.35859375 0.990625 0.0203125 0.01875