10 0.3484375 0.02578125 0.01015625 0.021875
10 0.3765625 0.03359375 0.0109375 0.02109375
10 0.37109375 0.015625 0.0171875 0.0203125
0 0.23984375 0.171875 0.0171875 0.03984375
10 0.4671875 0.20625 0.0421875 0.0453125
10 0.459375 0.18984375 0.04140625 0.03671875
3 0.18125 0.4265625 0.08984375 0.06640625
3 0.05078125 0.4109375 0.096875 0.06171875
3 0.13984375 0.34375 0.07734375 0.065625
7 0.0765625 0.45390625 0.01484375 0.04140625
7 0.06015625 0.4515625 0.01640625 0.03828125
7 0.06796875 0.446875 0.01328125 0.03828125
3 0.26015625 0.61875 0.084375 0.16328125
3 0.3984375 0.49140625 0.0875 0.09453125
3 0.32734375 0.43515625 0.08046875 0.06484375
6 0.35703125 0.6296875 0.01328125 0.0390625
6 0.35625 0.61640625 0.01640625 0.04609375
4 0.35625 0.6328125 0.015625 0.065625
3 0.41328125 0.20078125 0.021875 0.040625
3 0.30546875 0.15625 0.01953125 0.03984375
3 0.29375 0.2453125 0.028125 0.05390625
3 0.253125 0.234375 0.0296875 0.046875
3 0.36953125 0.04921875 0.01171875 0.02109375
6 0.29375 0.04765625 0.0046875 0.02109375
6 0.30234375 0.01953125 0.00390625 0.01796875
7 0.31171875 0.0109375 0.003125 0.01171875
7 0.3328125 0.003125 0.00546875 0.00546875
6 0.36171875 0.0546875 0.003125 0.0203125
6 0.37734375 0.05546875 0.00390625 0.0203125
6 0.38046875 0.09140625 0.0046875 0.02421875
6 0.39921875 0.06953125 0.00390625 0.01953125
4 0.3890625 0.10546875 0.0078125 0.01953125
3 0.41328125 0.09453125 0.034375 0.0265625
3 0.39765625 0.034375 0.02578125 0.0203125
3 0.396875 0.02265625 0.01875 0.015625
3 0.371875 0.00625 0.01015625 0.01171875
3 0.2984375 0.009375 0.00859375 0.01796875
3 0.28515625 0.01875 0.0234375 0.01796875
3 0.2828125 0.034375 0.0203125 0.01796875
3 0.2859375 0.04453125 0.0109375 0.0234375
3 0.26484375 0.046875 0.02734375 0.01875
3 0.2703125 0.06015625 0.02734375 0.0203125
3 0.2734375 0.06953125 0.0203125 0.02421875
3 0.27421875 0.08515625 0.01796875 0.028125
3 0.26875 0.1015625 0.01796875 0.02890625
3 0.26484375 0.121875 0.01796875 0.03125
3 0.246875 0.08828125 0.0265625 0.025
3 0.2265625 0.12109375 0.04296875 0.02578125
3 0.2234375 0.14765625 0.0359375 0.03828125
6 0.2546875 0.146875 0.00546875 0.0296875
6 0.2609375 0.146875 0.00546875 0.0296875
6 0.26171875 0.1421875 0.00546875 0.03046875
6 0.2546875 0.01171875 0.00234375 0.01640625
4 0.2671875 0.01953125 0.0046875 0.01328125
4 0.26484375 0.01640625 0.003125 0.01484375
4 0.25546875 0.0328125 0.0046875 0.01796875
0 0.18203125 0.1828125 0.03125 0.034375
3 0.17109375 0.2 0.0421875 0.03359375
10 0.18984375 0.15703125 0.06015625 0.0484375
6 0.14609375 0.28203125 0.01171875 0.04140625
4 0.0515625 0.2 0.01875 0.0203125
7 0.575 0.4140625 0.0109375 0.0390625
4 0.5703125 0.428125 0.03125 0.025
3 0.678125 0.4171875 0.06015625 0.05625
10 0.6703125 0.30703125 0.07578125 0.08828125
6 0.6671875 0.25078125 0.00546875 0.0234375
6 0.6515625 0.24140625 0.00625 0.034375
6 0.6796875 0.35234375 0.0109375 0.03984375
7 0.66796875 0.36953125 0.01171875 0.0359375
6 0.6796875 0.3609375 0.0078125 0.03359375
6 0.628125 0.35078125 0.00625 0.03671875
7 0.53671875 0.3421875 0.01015625 0.0265625
4 0.63828125 0.25625 0.01015625 0.0265625
4 0.62265625 0.25234375 0.0109375 0.03046875
7 0.54375 0.20703125 0.00703125 0.0234375
7 0.55078125 0.2015625 0.00703125 0.02109375
8 0.54453125 0.2109375 0.025 0.0265625
4 0.5234375 0.19453125 0.0125 0.02421875
4 0.509375 0.18671875 0.01484375 0.02109375
4 0.4984375 0.1765625 0.01328125 0.0203125
8 0.4625 0.1375 0.01171875 0.0265625
6 0.4515625 0.12421875 0.0046875 0.0296875
6 0.4453125 0.14296875 0.0046875 0.028125
6 0.440625 0.14375 0.0046875 0.02421875
3 0.446875 0.1765625 0.03515625 0.03125
3 0.4359375 0.153125 0.04609375 0.03125
6 0.4171875 0.01796875 0.00390625 0.01875