3 0.35390625 0.6015625 0.03125 0.08828125
3 0.4015625 0.53046875 0.02734375 0.0734375
3 0.3625 0.490625 0.02421875 0.065625
3 0.39375 0.42421875 0.025 0.05625
3 0.38828125 0.3609375 0.02265625 0.05078125
9 0.3578125 0.3859375 0.034375 0.11640625
3 0.3859375 0.30625 0.01796875 0.0359375
9 0.359375 0.3140625 0.02265625 0.05703125
3 0.36171875 0.27890625 0.01640625 0.02578125
10 0.38515625 0.25390625 0.01640625 0.0390625
3 0.36171875 0.23046875 0.01484375 0.0296875
3 0.37890625 0.20625 0.01328125 0.0265625
10 0.36015625 0.18828125 0.01328125 0.0296875
3 0.37578125 0.17578125 0.01328125 0.025
3 0.3546875 0.16484375 0.01171875 0.0203125
3 0.37578125 0.14453125 0.01171875 0.0203125
3 0.334375 0.1390625 0.01328125 0.02578125
3 0.35703125 0.12578125 0.0109375 0.0234375
3 0.37265625 0.10546875 0.01015625 0.01796875
3 0.3578125 0.10859375 0.01015625 0.01640625
3 0.38828125 0.0828125 0.01328125 0.015625
3 0.3296875 0.078125 0.01015625 0.01875
3 0.328125 0.065625 0.00859375 0.01484375
3 0.34140625 0.059375 0.00859375 0.01484375
3 0.33203125 0.04609375 0.00703125 0.01484375
9 0.35546875 0.05703125 0.0125 0.04609375
5 0.37109375 0.04765625 0.01171875 0.034375
7 0.42421875 0.653125 0.0109375 0.02890625
4 0.4234375 0.6640625 0.0109375 0.0484375
3 0.24453125 0.52890625 0.03046875 0.0734375
3 0.26015625 0.42421875 0.02734375 0.05546875
10 0.2359375 0.3546875 0.0359375 0.0484375
10 0.22421875 0.22578125 0.0421875 0.03203125
3 0.0953125 0.59609375 0.07890625 0.06484375
3 0.115625 0.55546875 0.07109375 0.0515625
3 0.1265625 0.51875 0.06640625 0.04921875
3 0.13828125 0.48359375 0.059375 0.04375
3 0.0109375 0.41875 0.021875 0.065625
9 0.0796875 0.22578125 0.0578125 0.03984375
3 0.140625 0.23359375 0.03671875 0.02890625
5 0.1265625 0.2703125 0.04140625 0.05546875
10 0.3453125 0.03828125 0.00703125 0.01640625
3 0.39296875 0.040625 0.01796875 0.0140625
3 0.42265625 0.0453125 0.015625 0.01328125
3 0.60078125 0.04453125 0.01640625 0.015625
3 0.68984375 0.065625 0.0171875 0.01328125
3 0.68984375 0.040625 0.01484375 0.01171875
3 0.7046875 0.0640625 0.0078125 0.0109375
3 0.07890625 0.0703125 0.02265625 0.01640625
3 0.09453125 0.06328125 0.02109375 0.01640625
3 0.11015625 0.06875 0.021875 0.015625
3 0.12109375 0.07421875 0.02265625 0.01796875
3 0.1234375 0.0625 0.021875 0.015625
10 0.14296875 0.06640625 0.01875 0.0203125
3 0.15 0.07421875 0.02421875 0.015625
3 0.15546875 0.06328125 0.01953125 0.0140625
3 0.17421875 0.07890625 0.02421875 0.01640625
3 0.18828125 0.07265625 0.02421875 0.0140625
3 0.1765625 0.0671875 0.021875 0.0140625
3 0.1859375 0.06328125 0.0234375 0.01640625
3 0.215625 0.0765625 0.01953125 0.015625
3 0.2203125 0.07109375 0.01953125 0.0140625
3 0.2125 0.06640625 0.02265625 0.01796875
3 0.2140625 0.06171875 0.02109375 0.01484375
3 0.246875 0.075 0.0234375 0.01875
10 0.2484375 0.06796875 0.01875 0.01796875
3 0.240625 0.065625 0.01796875 0.0140625
3 0.23828125 0.06015625 0.01796875 0.01328125
7 0.25625 0.22109375 0.0046875 0.015625
6 0.26015625 0.2234375 0.00390625 0.021875
7 0.26796875 0.2234375 0.0046875 0.0140625
7 0.26484375 0.21875 0.00390625 0.01484375
7 0.27265625 0.215625 0.0046875 0.01484375
6 0.275 0.2125 0.0046875 0.0234375
10 0.334375 0.0234375 0.009375 0.02578125
3 0.34609375 0.021875 0.00703125 0.0109375
3 0.34296875 0.015625 0.00625 0.01171875
3 0.3671875 0.0203125 0.00703125 0.0109375
3 0.35703125 0.01171875 0.00625 0.0109375
3 0.359375 0.0046875 0.00546875 0.009375
3 0.346875 0.00703125 0.00703125 0.0109375
3 0.3359375 0.00546875 0.00546875 0.01015625
6 0.365625 0.0109375 0.00234375 0.01328125
6 0.325 0.02421875 0.003125 0.01171875