10 0.0609375 0.81328125 0.121875 0.3015625
7 0.13046875 0.88515625 0.08671875 0.190625
4 0.1390625 0.9375 0.1109375 0.12109375
3 0.3015625 0.92734375 0.2125 0.1453125
7 0.62578125 0.93515625 0.0734375 0.1296875
6 0.928125 0.91953125 0.07109375 0.1609375
3 0.81484375 0.84921875 0.15078125 0.23984375
3 0.9828125 0.896875 0.034375 0.134375
3 0.96328125 0.790625 0.0734375 0.15625
3 0.96953125 0.64296875 0.0609375 0.071875
3 0.9421875 0.6296875 0.09609375 0.0515625
3 0.89765625 0.62265625 0.07421875 0.046875
3 0.87109375 0.6140625 0.08125 0.05625
3 0.8375 0.6046875 0.06328125 0.05390625
3 0.8125 0.59296875 0.06328125 0.04140625
10 0.78828125 0.5796875 0.07734375 0.0515625
3 0.87421875 0.571875 0.0359375 0.046875
3 0.8515625 0.56328125 0.0625 0.03671875
0 0.265625 0.65078125 0.0484375 0.159375
3 0.384375 0.78828125 0.11953125 0.18046875
3 0.4140625 0.703125 0.07890625 0.12109375
3 0.43984375 0.653125 0.06328125 0.096875
3 0.44453125 0.6078125 0.04921875 0.06015625
3 0.44765625 0.5890625 0.040625 0.05
3 0.45625 0.57578125 0.0328125 0.04609375
3 0.46015625 0.56328125 0.025 0.04609375
9 0.46015625 0.54765625 0.0234375 0.03828125
3 0.4671875 0.54375 0.01875 0.03515625
10 0.4734375 0.5109375 0.0109375 0.01484375
7 0.4390625 0.52890625 0.00390625 0.025
1 0.43828125 0.540625 0.00546875 0.0234375
1 0.421875 0.5390625 0.01484375 0.01875
7 0.42109375 0.54375 0.00859375 0.0234375
1 0.42109375 0.5578125 0.00625 0.0265625
3 0.51171875 0.634375 0.05390625 0.07890625
3 0.5171875 0.60859375 0.0453125 0.0640625
3 0.5078125 0.5859375 0.0375 0.04375
3 0.503125 0.571875 0.0296875 0.04375
10 0.496875 0.54140625 0.02265625 0.046875
7 0.6546875 0.790625 0.0328125 0.15703125
1 0.65078125 0.82578125 0.03828125 0.1265625
6 0.640625 0.675 0.0203125 0.11328125
6 0.621875 0.66796875 0.02109375 0.11484375
6 0.6171875 0.665625 0.01484375 0.0984375
3 0.55625 0.66171875 0.02265625 0.10625
7 0.59609375 0.68125 0.02265625 0.09296875
1 0.5921875 0.71328125 0.02109375 0.09140625
7 0.56953125 0.62421875 0.01796875 0.05390625
4 0.5703125 0.646875 0.01640625 0.05390625
7 0.57421875 0.5984375 0.01796875 0.04453125
4 0.5765625 0.61953125 0.01171875 0.03359375
7 0.5390625 0.5671875 0.01484375 0.03046875
4 0.53671875 0.58359375 0.01015625 0.02890625
6 0.51484375 0.53203125 0.00546875 0.02578125
7 0.5203125 0.5375 0.0078125 0.0234375
4 0.5203125 0.54765625 0.00546875 0.01953125
7 0.528125 0.55390625 0.00625 0.02578125
1 0.52734375 0.57109375 0.00703125 0.0234375
7 0.5453125 0.55859375 0.01015625 0.0359375
1 0.54296875 0.56953125 0.00546875 0.02421875
7 0.5390625 0.546875 0.00546875 0.0234375
6 0.534375 0.54765625 0.00703125 0.03046875
6 0.54609375 0.54921875 0.00546875 0.025
3 0.58125 0.53203125 0.02890625 0.02421875