3 0.49375 0.4421875 0.04375 0.084375
3 0.4640625 0.365625 0.04921875 0.06328125
3 0.415625 0.2984375 0.02421875 0.0609375
3 0.46171875 0.27265625 0.05 0.04921875
3 0.38984375 0.21328125 0.03046875 0.03671875
3 0.36640625 0.17265625 0.025 0.03828125
3 0.3421875 0.115625 0.01875 0.0234375
3 0.2890625 0.07890625 0.01484375 0.02421875
3 0.18203125 0.05 0.02421875 0.01875
3 0.30625 0.0390625 0.0125 0.01875
3 0.29765625 0.01875 0.01171875 0.015625
3 0.1890625 0.03125 0.02421875 0.01796875
3 0.2421875 0.14453125 0.0296875 0.0359375
3 0.2375 0.128125 0.01796875 0.034375
3 0.23515625 0.109375 0.015625 0.03515625
3 0.234375 0.08828125 0.0140625 0.03125
3 0.225 0.0625 0.02421875 0.025
3 0.2359375 0.05390625 0.01171875 0.025
3 0.32734375 0.02890625 0.025 0.01796875
0 0.41171875 0.15078125 0.021875 0.03046875
3 0.2046875 0.30390625 0.06328125 0.06484375
9 0.14921875 0.16484375 0.04765625 0.0390625
9 0.59453125 0.64453125 0.090625 0.128125
6 0.65703125 0.50234375 0.0140625 0.0546875
6 0.4640625 0.45234375 0.01015625 0.05859375
6 0.453125 0.46328125 0.00625 0.03359375
6 0.44296875 0.45703125 0.0125 0.053125
6 0.39765625 0.2578125 0.00859375 0.03984375
6 0.553125 0.3171875 0.01015625 0.03984375
6 0.33671875 0.1453125 0.00546875 0.028125
6 0.25078125 0.0609375 0.00546875 0.0234375
6 0.18125 0.0828125 0.00546875 0.0265625
6 0.1453125 0.27890625 0.00859375 0.040625
6 0.1640625 0.040625 0.0046875 0.01640625
6 0.1453125 0.11875 0.00703125 0.02578125
6 0.3453125 0.31484375 0.00859375 0.03125
6 0.36953125 0.31953125 0.00859375 0.034375
6 0.42578125 0.46953125 0.0125 0.04140625
6 0.29765625 0.41640625 0.01015625 0.03828125
6 0.3765625 0.26328125 0.00546875 0.03984375
6 0.37109375 0.2640625 0.00859375 0.03828125
6 0.28125 0.159375 0.00703125 0.02421875
6 0.2921875 0.24375 0.00859375 0.0359375
8 0.28125 0.1640625 0.01171875 0.03515625
8 0.290625 0.2515625 0.015625 0.0453125
8 0.25625 0.409375 0.021875 0.0890625
4 0.62734375 0.57578125 0.034375 0.05078125
4 0.5953125 0.50390625 0.03203125 0.03828125
4 0.4296875 0.22265625 0.01328125 0.03046875
6 0.44140625 0.175 0.00625 0.03359375
6 0.43671875 0.159375 0.00625 0.028125
6 0.50859375 0.2359375 0.01328125 0.0390625
6 0.52421875 0.225 0.00859375 0.040625
6 0.47109375 0.24296875 0.00625 0.03671875
6 0.4671875 0.23515625 0.0078125 0.03515625
6 0.17421875 0.1484375 0.00546875 0.028125
6 0.1703125 0.15078125 0.00625 0.021875
6 0.18203125 0.14453125 0.009375 0.03125
6 0.13359375 0.20390625 0.00625 0.03125
6 0.13515625 0.20234375 0.00703125 0.03203125
4 0.1578125 0.19609375 0.0109375 0.02578125
4 0.13828125 0.18671875 0.01875 0.02421875
4 0.1609375 0.1265625 0.00703125 0.01953125
4 0.1578125 0.10546875 0.0125 0.01875
4 0.165625 0.06796875 0.01171875 0.015625
4 0.16875 0.0640625 0.0109375 0.0140625
4 0.20625 0.09296875 0.01015625 0.01328125
1 0.203125 0.11328125 0.00546875 0.0203125
7 0.1328125 0.27734375 0.00703125 0.02109375
7 0.14140625 0.27734375 0.01015625 0.0234375
7 0.12890625 0.278125 0.00703125 0.01796875
7 0.11796875 0.54296875 0.015625 0.03515625
4 0.56640625 0.6703125 0.02734375 0.0609375
6 0.57890625 0.26796875 0.00546875 0.03046875
4 0.415625 0.18125 0.01640625 0.01796875
4 0.4078125 0.17265625 0.01015625 0.02109375
6 0.39921875 0.11328125 0.0046875 0.025
6 0.39375 0.12109375 0.0046875 0.0234375
6 0.40859375 0.0984375 0.00546875 0.021875
6 0.4140625 0.09765625 0.00703125 0.025
6 0.34453125 0.03828125 0.00390625 0.0234375
6 0.3390625 0.0390625 0.00390625 0.01875
6 0.33359375 0.00859375 0.003125 0.01484375
6 0.42421875 0.121875 0.00546875 0.01796875
8 0.4171875 0.13125 0.02578125 0.01796875
4 0.48515625 0.20703125 0.015625 0.015625
8 0.52734375 0.2609375 0.02578125 0.040625
4 0.48515625 0.3203125 0.02109375 0.02578125
3 0.2546875 0.0078125 0.0109375 0.015625
3 0.29140625 0.0078125 0.01171875 0.0140625
6 0.2921875 0.0609375 0.0046875 0.02421875
6 0.24453125 0.009375 0.00390625 0.01328125
4 0.2453125 0.01484375 0.00390625 0.01328125
1 0.23671875 0.0109375 0.003125 0.0109375
6 0.2359375 0.00625 0.003125 0.0125
3 0.309375 0.00625 0.01875 0.0125