6 0.24765625 0.28984375 0.01953125 0.06640625
6 0.29921875 0.2609375 0.021875 0.0609375
6 0.30859375 0.25234375 0.01640625 0.065625
6 0.07890625 0.6171875 0.02578125 0.08828125
6 0.31328125 0.5609375 0.01953125 0.06328125
7 0.4078125 0.45703125 0.01640625 0.04609375
7 0.4171875 0.4421875 0.01640625 0.0453125
7 0.434375 0.41796875 0.0171875 0.04921875
4 0.4796875 0.41640625 0.02421875 0.06171875
6 0.64765625 0.68203125 0.0296875 0.053125
3 0.07265625 0.03671875 0.04140625 0.07109375
3 0.0203125 0.071875 0.040625 0.06328125
3 0.1171875 0.028125 0.03828125 0.05625