4 0.12109375 0.38515625 0.01640625 0.02578125
4 0.3234375 0.43125 0.01484375 0.04609375
1 0.375 0.52421875 0.01484375 0.04453125
9 0.22421875 0.3703125 0.12890625 0.11875
10 0.29453125 0.36953125 0.0578125 0.06484375
3 0.40234375 0.36953125 0.06328125 0.053125
3 0.50234375 0.36171875 0.06015625 0.046875
3 0.34296875 0.30546875 0.0515625 0.03984375
1 0.2890625 0.26953125 0.01796875 0.025
1 0.24296875 0.26328125 0.01796875 0.0203125
1 0.20390625 0.25625 0.01484375 0.01875
1 0.32578125 0.24765625 0.01015625 0.0234375
1 0.36640625 0.27109375 0.01171875 0.02578125
6 0.43671875 0.28203125 0.009375 0.034375
1 0.44765625 0.2046875 0.00703125 0.021875
3 0.540625 0.121875 0.0171875 0.025
3 0.50859375 0.1484375 0.01796875 0.03125
3 0.571875 0.19453125 0.02265625 0.03125
3 0.60078125 0.24609375 0.02734375 0.04140625
3 0.5640625 0.10546875 0.01484375 0.02421875
3 0.5046875 0.10078125 0.0140625 0.02109375
3 0.51484375 0.07109375 0.0125 0.01640625
3 0.528125 0.09140625 0.01328125 0.01640625
3 0.54296875 0.0859375 0.01328125 0.01796875
3 0.49296875 0.04921875 0.01015625 0.01484375
10 0.58984375 0.47109375 0.04453125 0.10078125
1 0.1015625 0.2421875 0.01484375 0.0234375
7 0.5015625 0.2015625 0.00703125 0.01875
1 0.50234375 0.2109375 0.0078125 0.01640625
2 0.478125 0.165625 0.0265625 0.07578125
10 0.46015625 0.11875 0.01484375 0.040625
6 0.5953125 0.10546875 0.00546875 0.021875
3 0.525 0.053125 0.01171875 0.0140625
3 0.48125 0.01796875 0.00859375 0.0140625
9 0.50703125 0.040625 0.01328125 0.028125
9 0.48046875 0.0546875 0.01171875 0.021875
3 0.471875 0.04375 0.00859375 0.01328125
3 0.4703125 0.03359375 0.0078125 0.01328125
3 0.52890625 0.04921875 0.0078125 0.01328125
3 0.5171875 0.03515625 0.0078125 0.01328125
3 0.4640625 0.00859375 0.0140625 0.01640625
6 0.25859375 0.44453125 0.009375 0.04140625
6 0.27890625 0.43046875 0.009375 0.04140625
6 0.2875 0.459375 0.0109375 0.0453125
6 0.2984375 0.45703125 0.01015625 0.04453125
6 0.2921875 0.4515625 0.00859375 0.04140625
6 0.3328125 0.44140625 0.01015625 0.04453125
6 0.42109375 0.50390625 0.01171875 0.04921875
6 0.4140625 0.49609375 0.01015625 0.0484375
5 0.35234375 0.540625 0.11015625 0.1203125
3 0.5671875 0.05078125 0.02265625 0.0140625
4 0.61640625 0.67578125 0.025 0.0515625
7 0.6171875 0.66640625 0.0171875 0.0484375