5 0.1265625 0.37578125 0.103125 0.11015625
5 0.66171875 0.34296875 0.09375 0.12890625
5 0.6828125 0.26875 0.05078125 0.06015625
9 0.65078125 0.19140625 0.09609375 0.05390625
3 0.6484375 0.2890625 0.03984375 0.03203125
3 0.5953125 0.271875 0.03203125 0.0265625
3 0.6046875 0.259375 0.01953125 0.025
3 0.59140625 0.2140625 0.01328125 0.0203125
3 0.52578125 0.20078125 0.01484375 0.0203125
3 0.45078125 0.24609375 0.03125 0.02890625
9 0.4140625 0.27109375 0.05625 0.046875
5 0.35703125 0.23828125 0.03515625 0.03359375
5 0.39140625 0.221875 0.02734375 0.04453125
5 0.3703125 0.22109375 0.02421875 0.04453125
5 0.41015625 0.2109375 0.05 0.0484375
5 0.41953125 0.19765625 0.05390625 0.046875
3 0.28828125 0.25546875 0.03359375 0.025
3 0.26171875 0.26171875 0.03671875 0.03046875
3 0.21171875 0.23359375 0.03359375 0.03046875
5 0.49140625 0.20234375 0.02578125 0.04375
5 0.50234375 0.18828125 0.02109375 0.040625
5 0.5140625 0.1734375 0.01796875 0.03671875
5 0.52265625 0.16171875 0.01484375 0.03359375
5 0.53359375 0.14921875 0.01875 0.03125
5 0.5484375 0.13203125 0.0125 0.02421875
5 0.5546875 0.1265625 0.01015625 0.021875
9 0.57265625 0.16875 0.01484375 0.0265625
9 0.56875 0.12890625 0.01328125 0.0296875
2 0.6921875 0.1640625 0.03203125 0.02890625
5 0.6296875 0.2359375 0.04140625 0.06953125
5 0.6109375 0.125 0.01484375 0.03125
9 0.653125 0.09765625 0.0546875 0.01953125
8 0.61015625 0.15234375 0.0078125 0.0140625
9 0.6875 0.121875 0.04140625 0.0234375
9 0.67421875 0.11640625 0.0484375 0.02421875
5 0.33203125 0.21171875 0.05234375 0.06015625
5 0.31484375 0.20546875 0.04609375 0.059375
10 0.35234375 0.165625 0.02109375 0.0296875
10 0.33828125 0.17578125 0.0109375 0.02109375
7 0.48984375 0.26875 0.0078125 0.02421875
4 0.48984375 0.27421875 0.01484375 0.01953125
6 0.5453125 0.20546875 0.00390625 0.0203125
6 0.55 0.20703125 0.00390625 0.01953125
7 0.54296875 0.2203125 0.00390625 0.01875
4 0.54375 0.22578125 0.01015625 0.015625
9 0.546875 0.096875 0.0359375 0.01796875
9 0.521875 0.10546875 0.06015625 0.0203125
3 0.559375 0.10859375 0.01171875 0.009375
10 0.51796875 0.13046875 0.00703125 0.01484375
3 0.48671875 0.12421875 0.01484375 0.0109375
3 0.475 0.11640625 0.00703125 0.0109375
3 0.48203125 0.11796875 0.01171875 0.009375
3 0.49921875 0.11328125 0.01328125 0.01015625
3 0.49609375 0.11875 0.00703125 0.009375
3 0.396875 0.184375 0.0234375 0.01640625
10 0.40390625 0.1765625 0.02265625 0.01796875
10 0.41171875 0.16875 0.02265625 0.01796875
6 0.23515625 0.2140625 0.00546875 0.0203125
6 0.26015625 0.18203125 0.003125 0.015625
6 0.2625 0.1828125 0.00234375 0.0140625
10 0.20390625 0.19296875 0.02265625 0.0234375
9 0.225 0.18359375 0.0390625 0.0265625
3 0.146875 0.1828125 0.0234375 0.02109375
3 0.18359375 0.19140625 0.01953125 0.01640625
3 0.17109375 0.18828125 0.0203125 0.0203125
3 0.1625 0.184375 0.02109375 0.0203125
3 0.1328125 0.17890625 0.0203125 0.0203125
10 0.121875 0.17578125 0.0203125 0.0234375
10 0.14609375 0.15390625 0.02265625 0.01796875
3 0.06875 0.14296875 0.01796875 0.01484375
3 0.0296875 0.1515625 0.02265625 0.0140625
3 0.01171875 0.1515625 0.021875 0.01484375
10 0.0421875 0.15390625 0.01953125 0.015625
6 0.6 0.20390625 0.00390625 0.01796875
3 0.3984375 0.15078125 0.01640625 0.01484375
3 0.41640625 0.14375 0.01171875 0.015625
3 0.49921875 0.1296875 0.01171875 0.009375
9 0.61875 0.0921875 0.0078125 0.0140625
9 0.5859375 0.09375 0.00859375 0.0140625