7 0.1453125 0.3921875 0.0140625 0.02890625
6 0.18984375 0.35546875 0.009375 0.03515625
6 0.196875 0.34296875 0.00859375 0.03203125
6 0.20625 0.31328125 0.0109375 0.0359375
4 0.2015625 0.428125 0.01328125 0.04453125
6 0.2140625 0.35078125 0.0078125 0.0359375
6 0.2921875 0.32421875 0.00859375 0.03046875
6 0.3078125 0.3390625 0.01171875 0.03046875
6 0.37578125 0.3890625 0.01328125 0.03671875
6 0.390625 0.321875 0.01171875 0.0390625
6 0.415625 0.3578125 0.01171875 0.03203125
6 0.43984375 0.33359375 0.0140625 0.03515625
6 0.4625 0.346875 0.01171875 0.03125
6 0.4734375 0.35078125 0.0140625 0.03671875
6 0.4578125 0.2921875 0.0109375 0.03203125
6 0.4890625 0.21875 0.01328125 0.03125
7 0.49453125 0.2109375 0.009375 0.025
6 0.46171875 0.21484375 0.0109375 0.03125
6 0.4703125 0.23046875 0.0109375 0.025
6 0.41328125 0.18125 0.00859375 0.028125
6 0.4078125 0.18671875 0.00546875 0.0265625
6 0.4015625 0.1953125 0.0078125 0.0296875
6 0.40078125 0.1796875 0.009375 0.02578125
6 0.3140625 0.24765625 0.00625 0.03203125
6 0.31328125 0.22265625 0.00703125 0.02890625
6 0.32109375 0.1859375 0.0078125 0.03046875
6 0.3140625 0.15703125 0.00859375 0.0296875
6 0.284375 0.215625 0.00703125 0.03125
6 0.2796875 0.2078125 0.00546875 0.02890625
6 0.2734375 0.215625 0.00546875 0.03203125
6 0.246875 0.19921875 0.00625 0.0265625
6 0.240625 0.196875 0.00546875 0.03125
6 0.18046875 0.20859375 0.00859375 0.03046875
6 0.21328125 0.15625 0.00703125 0.0265625
6 0.259375 0.15546875 0.0046875 0.015625
6 0.26875 0.13203125 0.00625 0.02890625
6 0.2609375 0.1359375 0.00390625 0.0234375
6 0.253125 0.13046875 0.00703125 0.0265625
6 0.240625 0.10859375 0.003125 0.01484375
6 0.2296875 0.11640625 0.00546875 0.0234375
6 0.14453125 0.2125 0.01171875 0.03046875
6 0.08125 0.2015625 0.0109375 0.03046875
6 0.07734375 0.20078125 0.009375 0.02578125
6 0.1390625 0.16171875 0.00625 0.02421875
6 0.14296875 0.1640625 0.00703125 0.0296875
6 0.059375 0.2859375 0.01171875 0.02890625
6 0.05390625 0.28515625 0.01015625 0.0296875
6 0.04765625 0.1046875 0.01171875 0.02421875
6 0.0171875 0.128125 0.0125 0.03046875
7 0.08203125 0.12109375 0.009375 0.01953125
7 0.0921875 0.11328125 0.0109375 0.02421875
6 0.16328125 0.078125 0.00546875 0.02109375
6 0.15546875 0.0328125 0.00625 0.01796875
6 0.13203125 0.03203125 0.00546875 0.01875
6 0.1375 0.0515625 0.0046875 0.0203125
7 0.1546875 0.05703125 0.00390625 0.01171875
7 0.1515625 0.05625 0.00390625 0.0109375
6 0.29140625 0.0734375 0.00390625 0.02421875