9 0.446875 0.91875 0.0609375 0.05
9 0.64609375 0.934375 0.075 0.0578125
10 0.7421875 0.96484375 0.05625 0.0328125
3 0.359375 0.65 0.05625 0.0375
3 0.48046875 0.67890625 0.0484375 0.028125
3 0.48203125 0.659375 0.0484375 0.028125
3 0.578125 0.6890625 0.0484375 0.028125
10 0.7578125 0.77890625 0.0453125 0.0265625
3 0.59375 0.67421875 0.0484375 0.028125
3 0.48828125 0.63125 0.046875 0.028125
3 0.4453125 0.59296875 0.0375 0.034375
3 0.40234375 0.575 0.0421875 0.0375
7 0.42734375 0.61796875 0.01875 0.0109375
3 0.6328125 0.6640625 0.04375 0.040625
3 0.54296875 0.6265625 0.034375 0.0375
3 0.709375 0.7140625 0.05 0.034375
3 0.7140625 0.81640625 0.0328125 0.034375
3 0.78203125 0.71953125 0.0328125 0.034375
3 0.88984375 0.803125 0.0421875 0.0234375
10 0.8703125 0.771875 0.0453125 0.0265625
3 0.88515625 0.828125 0.0421875 0.025
3 0.49921875 0.73828125 0.034375 0.0375
3 0.66875 0.51796875 0.0328125 0.034375
3 0.63984375 0.51015625 0.0328125 0.0328125
3 0.5640625 0.48359375 0.0328125 0.034375
3 0.6765625 0.48125 0.05 0.03125
3 0.68125 0.46640625 0.05 0.03125
3 0.684375 0.43515625 0.0515625 0.03125
3 0.69375 0.4234375 0.0484375 0.028125
3 0.70234375 0.4078125 0.0515625 0.0296875
3 0.71015625 0.37265625 0.05 0.03125
3 0.5484375 0.44375 0.046875 0.0296875
3 0.559375 0.42890625 0.046875 0.0296875
3 0.57578125 0.40390625 0.0453125 0.028125
4 0.58046875 0.359375 0.0234375 0.0140625
9 0.5828125 0.38671875 0.0515625 0.03125
10 0.609375 0.46640625 0.0296875 0.03125
10 0.5671875 0.41484375 0.0421875 0.0265625
6 0.3015625 0.628125 0.0171875 0.0109375
6 0.534375 0.76875 0.0125 0.0078125
6 0.6015625 0.79609375 0.0109375 0.009375
6 0.6234375 0.80234375 0.0109375 0.0078125
6 0.61796875 0.79375 0.0078125 0.00625
6 0.6359375 0.803125 0.0109375 0.009375
6 0.63046875 0.79453125 0.0109375 0.0078125
6 0.625 0.79609375 0.0109375 0.0078125
1 0.34921875 0.66484375 0.0171875 0.0109375
6 0.240625 0.66640625 0.015625 0.0109375
7 0.3859375 0.6078125 0.015625 0.0078125
7 0.35859375 0.59296875 0.015625 0.0078125
7 0.48828125 0.64609375 0.0109375 0.0078125
7 0.79140625 0.8078125 0.0140625 0.009375
6 0.7015625 0.784375 0.0140625 0.0078125
6 0.6984375 0.77890625 0.0125 0.0078125
6 0.75390625 0.8375 0.0125 0.0078125
6 0.715625 0.7328125 0.015625 0.0078125
6 0.87734375 0.7875 0.0171875 0.0109375
6 0.75234375 0.84140625 0.0125 0.0078125
6 0.75078125 0.84765625 0.0125 0.0078125
6 0.70234375 0.78828125 0.0125 0.0078125
3 0.859375 0.7453125 0.0328125 0.0296875
7 0.809375 0.76640625 0.0109375 0.00625
4 0.78828125 0.80703125 0.0140625 0.009375
4 0.8046875 0.765625 0.0140625 0.009375
4 0.48515625 0.6453125 0.0125 0.009375
4 0.42734375 0.61796875 0.0140625 0.009375
4 0.38671875 0.6078125 0.0125 0.009375
4 0.36171875 0.59453125 0.0140625 0.009375
4 0.38828125 0.5890625 0.0234375 0.0140625
2 0.271875 0.56171875 0.0359375 0.028125
5 0.57890625 0.90859375 0.0390625 0.0390625