3 0.5578125 0.52734375 0.1140625 0.0703125
3 0.80234375 0.55390625 0.053125 0.053125
3 0.93984375 0.584375 0.0265625 0.01875
3 0.92109375 0.54453125 0.0296875 0.021875
3 0.9734375 0.58984375 0.025 0.0171875
3 0.61953125 0.978125 0.059375 0.04375
3 0.553125 0.76484375 0.10625 0.1046875
3 0.6390625 0.73671875 0.0703125 0.0546875
3 0.69921875 0.725 0.0765625 0.05625
3 0.684375 0.81875 0.0703125 0.075
3 0.646875 0.8375 0.075 0.075
3 0.57734375 0.82890625 0.0765625 0.0875
3 0.6140625 0.8375 0.06875 0.0796875
3 0.53671875 0.86875 0.0859375 0.090625
3 0.33203125 0.8328125 0.1203125 0.1265625
3 0.253125 0.8234375 0.1125 0.09375
3 0.84453125 0.9078125 0.034375 0.040625
10 0.72265625 0.81953125 0.046875 0.0484375
10 0.8078125 0.88359375 0.046875 0.046875
10 0.83515625 0.83828125 0.0375 0.0375
10 0.8375 0.79296875 0.0359375 0.0453125
10 0.74140625 0.76484375 0.0546875 0.0578125
3 0.7625 0.77109375 0.04375 0.05625
3 0.33046875 0.9328125 0.09375 0.090625
7 0.96484375 0.528125 0.0203125 0.0109375
6 0.9046875 0.4109375 0.0234375 0.009375
6 0.90625 0.4046875 0.025 0.0125
3 0.83515625 0.68359375 0.034375 0.0453125
3 0.87734375 0.72265625 0.034375 0.0265625
3 0.89375 0.67890625 0.0375 0.0234375
3 0.9109375 0.67421875 0.028125 0.01875
3 0.9375 0.6703125 0.0265625 0.015625
3 0.95078125 0.665625 0.0203125 0.015625
3 0.9671875 0.6625 0.015625 0.01875
6 0.36484375 0.6390625 0.0640625 0.028125
6 0.34296875 0.6203125 0.0625 0.028125
6 0.6546875 0.9640625 0.046875 0.021875
6 0.665625 0.95546875 0.0375 0.021875
6 0.7328125 0.8609375 0.03125 0.0140625
6 0.7328125 0.8546875 0.028125 0.0140625
6 0.7359375 0.84609375 0.0328125 0.015625
7 0.728125 0.88046875 0.025 0.0125
1 0.715625 0.87734375 0.021875 0.0171875
1 0.425 0.72109375 0.028125 0.01875
7 0.44765625 0.72734375 0.03125 0.0140625
7 0.45078125 0.71953125 0.0359375 0.015625
7 0.8984375 0.66015625 0.021875 0.009375
7 0.903125 0.6546875 0.0171875 0.009375