3 0.3640625 0.39609375 0.02890625 0.06328125
3 0.34375 0.32578125 0.02421875 0.04375
3 0.34140625 0.28203125 0.01953125 0.0390625
3 0.33671875 0.2328125 0.01953125 0.03203125
3 0.33203125 0.2015625 0.01640625 0.0296875
3 0.334375 0.1625 0.015625 0.02890625
3 0.36015625 0.15625 0.01484375 0.02109375
3 0.18671875 0.50390625 0.040625 0.10078125
3 0.22734375 0.296875 0.02578125 0.05546875
3 0.12421875 0.3140625 0.03828125 0.06171875
3 0.15390625 0.15 0.03203125 0.03125
3 0.11484375 0.12265625 0.025 0.02109375
3 0.15 0.09140625 0.0296875 0.01953125
3 0.26640625 0.09609375 0.02578125 0.015625
3 0.28828125 0.07890625 0.02265625 0.01640625
3 0.31875 0.07421875 0.0171875 0.015625
3 0.35390625 0.06328125 0.01796875 0.015625
3 0.33359375 0.046875 0.00859375 0.0140625
3 0.421875 0.0671875 0.01875 0.015625
3 0.43828125 0.0640625 0.015625 0.0140625
3 0.32109375 0.10390625 0.02421875 0.0203125
3 0.0359375 0.0640625 0.025 0.0140625
3 0.0359375 0.07578125 0.02265625 0.0140625
3 0.04453125 0.08203125 0.03125 0.01484375
10 0.09375 0.0625 0.02890625 0.01953125
3 0.1296875 0.065625 0.0234375 0.0140625
3 0.15859375 0.0640625 0.02109375 0.015625
10 0.15546875 0.05234375 0.0203125 0.02109375
3 0.19296875 0.0203125 0.01171875 0.0109375
3 0.26015625 0.02578125 0.00859375 0.01015625
9 0.19375 0.04453125 0.02265625 0.01875
3 0.1265625 0.13515625 0.02265625 0.021875
10 0.01484375 0.109375 0.02890625 0.0265625
6 0.0703125 0.09921875 0.0046875 0.01953125
6 0.07578125 0.103125 0.00390625 0.01875
4 0.0765625 0.10390625 0.01171875 0.0140625
4 0.18828125 0.09609375 0.0109375 0.01015625
6 0.1875 0.090625 0.00546875 0.01640625
6 0.2140625 0.0765625 0.00390625 0.01875
6 0.22734375 0.04453125 0.00234375 0.01328125
6 0.2203125 0.04296875 0.00234375 0.0140625
6 0.2234375 0.04375 0.00234375 0.0109375
6 0.17890625 0.1390625 0.0046875 0.01484375
6 0.30703125 0.14140625 0.00546875 0.0203125
6 0.30859375 0.14296875 0.00625 0.02109375
6 0.371875 0.0625 0.00390625 0.01796875
6 0.36484375 0.06015625 0.003125 0.01875
6 0.33203125 0.06171875 0.00390625 0.01328125
6 0.3140625 0.05625 0.00390625 0.01171875
6 0.3109375 0.0546875 0.00390625 0.01328125
3 0.309375 0.05234375 0.00859375 0.0140625
3 0.3671875 0.03125 0.00703125 0.0109375
3 0.41875 0.059375 0.01640625 0.01484375
3 0.4109375 0.05546875 0.01640625 0.0140625
3 0.403125 0.05 0.015625 0.01328125
3 0.396875 0.04765625 0.01328125 0.01171875
3 0.3828125 0.04296875 0.00703125 0.01171875
3 0.4 0.03828125 0.01640625 0.01171875
10 0.3921875 0.04375 0.0140625 0.01484375
3 0.39375 0.03125 0.00859375 0.01328125
10 0.38359375 0.03515625 0.00703125 0.01484375
6 0.40390625 0.02421875 0.003125 0.0109375
6 0.34375 0.03359375 0.00234375 0.01015625
6 0.353125 0.03515625 0.00234375 0.009375
4 0.34453125 0.03671875 0.003125 0.01015625
3 0.3 0.0125 0.00703125 0.01171875
6 0.26875 0.02578125 0.00234375 0.01015625
4 0.26875 0.028125 0.0046875 0.009375
3 0.2203125 0.028125 0.02109375 0.015625
10 0.03359375 0.34375 0.06640625 0.05
7 0.56953125 0.26640625 0.009375 0.021875
3 0.56796875 0.14296875 0.02734375 0.02421875
3 0.5578125 0.13359375 0.02421875 0.01640625
10 0.53984375 0.1265625 0.028125 0.025
2 0.5765625 0.0875 0.0484375 0.0359375
3 0.53359375 0.07265625 0.01953125 0.01796875
6 0.4609375 0.06875 0.00234375 0.0140625
6 0.4625 0.06875 0.00234375 0.00703125
4 0.4609375 0.0734375 0.01015625 0.0109375