6 0.57890625 0.55 0.0078125 0.04296875
3 0.59296875 0.753125 0.059375 0.0796875
3 0.48828125 0.5546875 0.0375 0.0515625
3 0.0953125 0.24921875 0.04375 0.025
3 0.24375 0.23671875 0.03671875 0.02109375
3 0.3375 0.2359375 0.03359375 0.015625
3 0.7546875 0.2453125 0.03359375 0.01640625
3 0.7921875 0.24921875 0.028125 0.015625
3 0.9421875 0.2671875 0.02734375 0.01953125
9 0.21484375 0.32109375 0.02265625 0.0296875
3 0.234375 0.3296875 0.01328125 0.02421875
3 0.26328125 0.3421875 0.0171875 0.03046875
3 0.38359375 0.34140625 0.01875 0.0203125
3 0.36953125 0.3359375 0.01875 0.0203125
3 0.35546875 0.32734375 0.01875 0.01953125
3 0.2875 0.33671875 0.01640625 0.0265625