7 0.0046875 0.140625 0.009375 0.06875
6 0.01875 0.2484375 0.0375 0.084375
6 0.05859375 0.34453125 0.0359375 0.0734375
6 0.1359375 0.26640625 0.0375 0.071875
6 0.1765625 0.65 0.046875 0.0703125
6 0.19140625 0.62421875 0.040625 0.06875
6 0.21328125 0.62265625 0.034375 0.06875
6 0.2359375 0.625 0.03125 0.06875
9 0.2328125 0.2890625 0.2265625 0.3421875
9 0.3375 0.49609375 0.2640625 0.3859375
9 0.440625 0.57734375 0.2734375 0.3109375
9 0.43125 0.04296875 0.103125 0.0859375
9 0.5703125 0.61875 0.1828125 0.1796875
6 0.2609375 0.7296875 0.03125 0.0296875