6 0.71640625 0.30703125 0.009375 0.0375
3 0.76484375 0.521875 0.0671875 0.0609375
10 0.7 0.60703125 0.0265625 0.053125
3 0.3921875 0.33515625 0.0859375 0.0828125
8 0.45625 0.48984375 0.0390625 0.0515625
3 0.47734375 0.59375 0.0578125 0.046875
1 0.42265625 0.553125 0.01875 0.021875
6 0.4375 0.56484375 0.00625 0.01875
6 0.44375 0.5625 0.009375 0.028125
4 0.440625 0.53203125 0.021875 0.0296875
4 0.42890625 0.51953125 0.009375 0.034375
4 0.41875 0.52265625 0.009375 0.034375
8 0.44765625 0.55 0.0296875 0.028125
1 0.490625 0.70078125 0.015625 0.0203125
8 0.48984375 0.69375 0.015625 0.028125
8 0.50390625 0.73515625 0.025 0.021875
3 0.5234375 0.75390625 0.0375 0.0296875
8 0.5234375 0.765625 0.0234375 0.021875
6 0.5484375 0.74765625 0.00625 0.025
6 0.5578125 0.76015625 0.00625 0.0234375
6 0.553125 0.725 0.00625 0.025
3 0.5515625 0.84140625 0.025 0.01875
3 0.57421875 0.8390625 0.0171875 0.01875
10 0.5640625 0.8140625 0.015625 0.028125
3 0.62265625 0.78203125 0.015625 0.028125
6 0.884375 0.5421875 0.0109375 0.046875
6 0.91015625 0.55859375 0.009375 0.040625
6 0.9265625 0.54921875 0.009375 0.04375
6 0.92265625 0.55625 0.009375 0.0375
7 0.9296875 0.44765625 0.015625 0.0390625
7 0.9484375 0.43046875 0.0203125 0.05
7 0.9546875 0.4578125 0.015625 0.0375
4 0.88828125 0.65625 0.01875 0.0234375
4 0.89140625 0.66484375 0.01875 0.021875
4 0.89609375 0.671875 0.01875 0.01875
8 0.67109375 0.74609375 0.009375 0.021875
8 0.73046875 0.6578125 0.0375 0.03125
3 0.7734375 0.775 0.0359375 0.025
3 0.7625 0.7546875 0.040625 0.0265625
3 0.740625 0.68984375 0.046875 0.0390625
3 0.73203125 0.7078125 0.040625 0.034375
4 0.740625 0.83046875 0.009375 0.009375
4 0.74296875 0.8328125 0.009375 0.0125
4 0.7328125 0.8375 0.009375 0.0125
3 0.7125 0.88125 0.01875 0.0125
3 0.70546875 0.79296875 0.03125 0.021875
3 0.7015625 0.80546875 0.028125 0.021875
3 0.7 0.81640625 0.025 0.01875
10 0.6875 0.88203125 0.028125 0.01875
6 0.659375 0.871875 0.003125 0.0125
6 0.64765625 0.8484375 0.003125 0.015625
3 0.6578125 0.84375 0.0125 0.0234375
4 0.64609375 0.7625 0.003125 0.015625
7 0.64609375 0.76796875 0.003125 0.01875
3 0.64296875 0.92265625 0.00625 0.009375
6 0.64765625 0.8875 0.003125 0.0125
6 0.64453125 0.88671875 0.003125 0.0125
3 0.63046875 0.89921875 0.00625 0.0109375
6 0.596875 0.8921875 0.003125 0.0125
6 0.59453125 0.8921875 0.003125 0.0109375
9 0.58046875 0.8734375 0.009375 0.021875
3 0.571875 0.88828125 0.015625 0.0125
8 0.60078125 0.90390625 0.0046875 0.0109375
7 0.60078125 0.90546875 0.003125 0.00625
1 0.59140625 0.871875 0.003125 0.009375
7 0.590625 0.87421875 0.003125 0.009375
9 0.628125 0.92578125 0.0078125 0.015625