1 0.509375 0.0140625 0.0453125 0.0234375
4 0.5234375 0.028125 0.0453125 0.0234375
6 0.615625 0.03125 0.046875 0.01875
7 0.61953125 0.05078125 0.0375 0.0171875
1 0.6015625 0.046875 0.0375 0.025
6 0.65546875 0.121875 0.0421875 0.0171875
6 0.6234375 0.13125 0.04375 0.0140625
6 0.628125 0.13046875 0.040625 0.0140625
6 0.72265625 0.10390625 0.0359375 0.0140625
6 0.7515625 0.09609375 0.0265625 0.0109375
6 0.75390625 0.10546875 0.028125 0.0125
6 0.71875 0.1390625 0.03125 0.0125
6 0.72265625 0.1453125 0.0328125 0.0140625
6 0.72109375 0.18203125 0.034375 0.0125
1 0.5640625 0.0640625 0.0359375 0.0359375
1 0.5765625 0.0703125 0.0359375 0.034375
1 0.77734375 0.09296875 0.0203125 0.015625
1 0.59453125 0.09453125 0.028125 0.0234375
1 0.5984375 0.1 0.0328125 0.0265625
1 0.603125 0.10703125 0.034375 0.0296875
1 0.6390625 0.1453125 0.03125 0.015625
1 0.65625 0.1609375 0.0265625 0.0234375
1 0.6671875 0.16875 0.0265625 0.0203125
1 0.6859375 0.19296875 0.025 0.0171875
6 0.75234375 0.1390625 0.0296875 0.0125
7 0.74765625 0.15703125 0.0234375 0.0109375
4 0.73671875 0.15625 0.0171875 0.0125
6 0.7875 0.14453125 0.025 0.0109375
6 0.803125 0.196875 0.021875 0.009375
6 0.80234375 0.2015625 0.021875 0.009375
6 0.8 0.20390625 0.01875 0.00625
6 0.76171875 0.2453125 0.028125 0.0109375
1 0.75 0.2609375 0.0140625 0.0109375
1 0.7546875 0.26875 0.0140625 0.0109375
6 0.74921875 0.22890625 0.025 0.0109375
6 0.75078125 0.225 0.0265625 0.0109375
7 0.759375 0.2046875 0.0171875 0.009375
4 0.75234375 0.20390625 0.0203125 0.009375
7 0.76953125 0.19765625 0.0171875 0.009375
1 0.7609375 0.19609375 0.0171875 0.0125
6 0.78359375 0.20390625 0.021875 0.009375
6 0.7765625 0.2109375 0.025 0.0109375
7 0.7671875 0.2203125 0.021875 0.009375
1 0.7578125 0.21796875 0.0203125 0.009375
7 0.775 0.2296875 0.0171875 0.009375
1 0.76796875 0.22734375 0.0171875 0.009375
7 0.81015625 0.26484375 0.0109375 0.0046875
1 0.80234375 0.2625 0.009375 0.0046875
6 0.79609375 0.27734375 0.0203125 0.00625
7 0.8 0.27109375 0.0140625 0.00625
1 0.79296875 0.26875 0.0125 0.0078125
7 0.8046875 0.2703125 0.0109375 0.00625
6 0.78125 0.28359375 0.01875 0.00625
6 0.7828125 0.28203125 0.015625 0.00625
6 0.78359375 0.29140625 0.0203125 0.00625
6 0.790625 0.28828125 0.01875 0.00625
6 0.79296875 0.2859375 0.01875 0.00625
6 0.79765625 0.2984375 0.0203125 0.009375
6 0.79921875 0.29453125 0.0203125 0.00625
6 0.80625 0.3046875 0.01875 0.00625
6 0.80546875 0.30859375 0.01875 0.00625
6 0.83046875 0.3171875 0.021875 0.009375
6 0.83203125 0.3140625 0.0203125 0.00625
7 0.83359375 0.284375 0.0109375 0.0078125
10 0.83515625 0.2953125 0.0203125 0.0125
3 0.3921875 0.171875 0.0890625 0.06875
3 0.49453125 0.16953125 0.103125 0.0703125
3 0.48671875 0.08125 0.115625 0.084375
3 0.53828125 0.29921875 0.090625 0.053125
3 0.54140625 0.253125 0.084375 0.0546875
3 0.59609375 0.1765625 0.0796875 0.05625
3 0.61171875 0.3453125 0.053125 0.034375
3 0.6015625 0.284375 0.0640625 0.0421875
3 0.62578125 0.25390625 0.0578125 0.040625
3 0.65078125 0.21484375 0.0546875 0.040625
3 0.64140625 0.30546875 0.0484375 0.0328125
3 0.665625 0.2875 0.0453125 0.0359375
3 0.67421875 0.2609375 0.0515625 0.0390625
3 0.69375 0.24609375 0.040625 0.034375
3 0.73359375 0.27890625 0.034375 0.0328125
3 0.7015625 0.28671875 0.034375 0.028125
3 0.69375 0.3078125 0.034375 0.025
10 0.67890625 0.321875 0.0546875 0.03125
3 0.67890625 0.35859375 0.04375 0.0296875
3 0.69140625 0.33828125 0.034375 0.025
3 0.7234375 0.315625 0.0375 0.028125
3 0.709375 0.34921875 0.03125 0.0234375
3 0.7171875 0.37265625 0.034375 0.021875
3 0.74375 0.37890625 0.025 0.01875
3 0.75859375 0.38515625 0.0203125 0.0140625
3 0.775 0.38984375 0.021875 0.015625
3 0.78671875 0.39765625 0.0203125 0.0125
3 0.8015625 0.39921875 0.0171875 0.0125
3 0.8109375 0.40390625 0.0171875 0.009375
3 0.8234375 0.40390625 0.0140625 0.0109375
3 0.73125 0.35 0.028125 0.0203125
3 0.74375 0.35703125 0.0265625 0.01875
3 0.75625 0.3609375 0.0171875 0.015625
3 0.76796875 0.36796875 0.0234375 0.0171875
10 0.78203125 0.37265625 0.0234375 0.0140625
3 0.7859375 0.3765625 0.0203125 0.0125
3 0.79140625 0.3796875 0.0171875 0.0125
3 0.8 0.38203125 0.0171875 0.0125
3 0.80546875 0.38671875 0.0171875 0.0125
10 0.8125 0.3890625 0.0171875 0.0125
3 0.81796875 0.38828125 0.0125 0.0078125
3 0.82109375 0.3921875 0.0140625 0.0078125
3 0.73828125 0.32734375 0.028125 0.0203125
3 0.7546875 0.33828125 0.0265625 0.0171875
3 0.765625 0.3453125 0.021875 0.015625
3 0.775 0.353125 0.0203125 0.015625
3 0.78515625 0.35703125 0.0203125 0.015625
3 0.79296875 0.36171875 0.0203125 0.0125
3 0.79921875 0.365625 0.0171875 0.0125
3 0.80546875 0.37265625 0.0203125 0.0125
3 0.8109375 0.37421875 0.0171875 0.0109375
3 0.81484375 0.37734375 0.0140625 0.0078125
3 0.81953125 0.37890625 0.0125 0.0078125
3 0.82421875 0.38125 0.0125 0.0109375
3 0.74453125 0.30546875 0.0265625 0.0234375
3 0.7640625 0.31328125 0.0234375 0.01875
3 0.771875 0.32734375 0.0203125 0.0171875
3 0.78203125 0.33828125 0.01875 0.0171875
3 0.7953125 0.33515625 0.0203125 0.015625
2 0.809375 0.35234375 0.0375 0.021875
3 0.8125 0.36171875 0.015625 0.0125
3 0.81875 0.365625 0.0140625 0.0078125
3 0.825 0.3671875 0.0125 0.0109375
3 0.86484375 0.37890625 0.0078125 0.0078125
3 0.81796875 0.42734375 0.0125 0.0109375
3 0.815625 0.43984375 0.0140625 0.0078125
3 0.80625 0.46171875 0.0109375 0.0078125
3 0.796875 0.4640625 0.0140625 0.009375
3 0.78671875 0.4625 0.0140625 0.0078125
2 0.79296875 0.45078125 0.040625 0.028125
3 0.7875 0.4296875 0.0171875 0.0125
3 0.76484375 0.415625 0.0203125 0.015625
3 0.7015625 0.409375 0.0328125 0.021875
3 0.71328125 0.47578125 0.025 0.01875
3 0.68046875 0.4515625 0.0296875 0.025
3 0.67578125 0.4265625 0.0328125 0.0234375
3 0.64140625 0.39453125 0.0375 0.028125
3 0.8796875 0.31875 0.0109375 0.0078125
3 0.54375 0.384375 0.0578125 0.040625
3 0.54296875 0.42890625 0.0609375 0.0421875
10 0.646875 0.49921875 0.04375 0.034375
3 0.54765625 0.525 0.0515625 0.0390625
3 0.4421875 0.55234375 0.08125 0.065625
3 0.325 0.58125 0.115625 0.090625
7 0.37421875 0.51171875 0.0359375 0.01875
4 0.3578125 0.5046875 0.0546875 0.025
7 0.46875 0.5015625 0.0390625 0.01875
4 0.45234375 0.49609375 0.0421875 0.0203125
7 0.515625 0.48359375 0.0328125 0.01875
4 0.50390625 0.47890625 0.040625 0.0203125
7 0.5875 0.47734375 0.0265625 0.0140625
4 0.57578125 0.4734375 0.0359375 0.015625
10 0.690625 0.53828125 0.0359375 0.0359375
3 0.66953125 0.5453125 0.03125 0.0421875
6 0.6921875 0.49921875 0.025 0.0109375
6 0.66796875 0.5140625 0.025 0.0109375
6 0.44296875 0.69375 0.0515625 0.021875
1 0.39453125 0.67109375 0.0453125 0.0234375
6 0.33359375 0.61796875 0.065625 0.025
6 0.315625 0.62734375 0.065625 0.025
6 0.3109375 0.659375 0.0546875 0.021875
7 0.2890625 0.6484375 0.046875 0.0265625
1 0.27421875 0.6421875 0.03125 0.0234375
1 0.33359375 0.6453125 0.0390625 0.03125
1 0.3484375 0.65390625 0.0359375 0.03125
1 0.36640625 0.63828125 0.028125 0.0234375
1 0.38515625 0.634375 0.0359375 0.034375
1 0.3953125 0.628125 0.0359375 0.0328125
1 0.4046875 0.62578125 0.0390625 0.03125