3 0.2609375 0.8203125 0.053125 0.11328125
10 0.32734375 0.8 0.05234375 0.13515625
3 0.39453125 0.79609375 0.0453125 0.11484375
3 0.5609375 0.83125 0.0515625 0.11953125
3 0.6359375 0.88203125 0.0609375 0.12578125
2 0.68671875 0.7484375 0.11875 0.275
3 0.59921875 0.70234375 0.04375 0.07890625
3 0.4875 0.66171875 0.0328125 0.06484375
3 0.53671875 0.65703125 0.0359375 0.06953125
3 0.61953125 0.596875 0.03671875 0.0609375
3 0.5703125 0.59296875 0.0328125 0.05859375
3 0.390625 0.60625 0.03046875 0.06484375
10 0.3453125 0.5234375 0.0390625 0.0890625
3 0.35546875 0.446875 0.02578125 0.0453125
3 0.39453125 0.45078125 0.02265625 0.03984375
3 0.43125 0.4390625 0.0203125 0.040625
3 0.409375 0.3875 0.01875 0.03203125
3 0.43984375 0.37734375 0.01796875 0.03046875
3 0.3953125 0.35078125 0.01640625 0.028125
3 0.3828125 0.3359375 0.01640625 0.0296875
3 0.4390625 0.325 0.0140625 0.02421875
3 0.41875 0.32109375 0.01484375 0.02421875
3 0.4296875 0.29765625 0.01328125 0.02109375
3 0.446875 0.2796875 0.0109375 0.0203125
3 0.7375 0.653125 0.07109375 0.06640625
3 0.7125 0.59453125 0.06328125 0.05859375
3 0.7015625 0.5578125 0.06796875 0.0453125
10 0.69375 0.52578125 0.0703125 0.05390625
3 0.678125 0.50625 0.05859375 0.040625
3 0.675 0.4859375 0.05234375 0.03203125
2 0.6 0.50390625 0.06015625 0.125
3 0.55078125 0.490625 0.025 0.04453125
3 0.51640625 0.48125 0.02421875 0.03984375
3 0.47890625 0.50546875 0.025 0.0453125
3 0.47890625 0.46328125 0.021875 0.03671875
3 0.47734375 0.43125 0.0203125 0.02890625
3 0.51171875 0.428125 0.02109375 0.034375
3 0.58359375 0.40625 0.02109375 0.03515625
3 0.50625 0.39453125 0.01640625 0.0296875
2 0.4765625 0.38046875 0.02578125 0.07890625
2 0.52265625 0.32890625 0.0265625 0.05703125
3 0.53203125 0.38125 0.01875 0.0296875
3 0.50234375 0.35625 0.015625 0.03046875
3 0.475 0.34296875 0.015625 0.0203125
3 0.47578125 0.33125 0.01328125 0.01875
3 0.4984375 0.33046875 0.0140625 0.02109375
3 0.49609375 0.30859375 0.01328125 0.0234375
3 0.5109375 0.29765625 0.01328125 0.01953125
3 0.52734375 0.29375 0.01328125 0.021875
2 0.47578125 0.3015625 0.01953125 0.05390625
3 0.484375 0.25859375 0.01015625 0.01640625
3 0.49140625 0.28203125 0.01171875 0.01796875
3 0.5078125 0.28046875 0.0109375 0.01796875
3 0.50234375 0.265625 0.0109375 0.015625
3 0.51875 0.26640625 0.0109375 0.01953125
3 0.26328125 0.34765625 0.0375 0.0234375
3 0.26640625 0.33828125 0.0375 0.0234375
3 0.26640625 0.32890625 0.034375 0.02421875
3 0.275 0.32265625 0.03515625 0.0234375
3 0.2890625 0.2984375 0.03359375 0.01875
3 0.29765625 0.29140625 0.03125 0.01640625
3 0.30234375 0.28515625 0.02890625 0.01640625
3 0.30625 0.27734375 0.02578125 0.015625
3 0.31484375 0.27421875 0.025 0.01484375
3 0.31953125 0.26171875 0.02578125 0.015625
3 0.32265625 0.2578125 0.028125 0.015625
3 0.3265625 0.2515625 0.0234375 0.0140625
3 0.31796875 0.24140625 0.02109375 0.01484375
3 0.3265625 0.246875 0.01953125 0.0140625
3 0.3515625 0.25625 0.01328125 0.01953125
3 0.3734375 0.2578125 0.01484375 0.01796875
3 0.378125 0.25078125 0.01640625 0.01796875
3 0.38203125 0.26796875 0.01171875 0.01796875
3 0.39375 0.259375 0.0109375 0.01796875
2 0.40078125 0.27265625 0.0203125 0.0453125
3 0.428125 0.26953125 0.0109375 0.01796875
3 0.4421875 0.2609375 0.01015625 0.01796875
3 0.5734375 0.37890625 0.0171875 0.0296875
3 0.56640625 0.353125 0.01796875 0.025
3 0.56015625 0.33203125 0.015625 0.025
3 0.55625 0.31875 0.01328125 0.02109375
3 0.55234375 0.30703125 0.0125 0.0203125
3 0.54765625 0.29609375 0.01328125 0.0203125
3 0.54375 0.2875 0.01484375 0.01953125
3 0.54609375 0.278125 0.01171875 0.01640625
3 0.546875 0.26953125 0.01796875 0.01640625
3 0.571875 0.26953125 0.02109375 0.01875
3 0.409375 0.2609375 0.0109375 0.01796875
3 0.42109375 0.25703125 0.01171875 0.01640625
3 0.421875 0.24609375 0.01015625 0.0140625
3 0.40703125 0.2390625 0.00859375 0.01484375
3 0.43359375 0.23828125 0.00859375 0.01484375
3 0.4171875 0.22890625 0.009375 0.0140625
3 0.42578125 0.22421875 0.0078125 0.01328125
3 0.43671875 0.21875 0.00859375 0.01171875
3 0.45 0.21875 0.0078125 0.01171875
2 0.41171875 0.20859375 0.01484375 0.0359375
3 0.48125 0.24609375 0.00859375 0.0140625
3 0.4953125 0.246875 0.01015625 0.01484375
3 0.50859375 0.24921875 0.01015625 0.01328125
3 0.5046875 0.240625 0.0078125 0.01484375
3 0.5015625 0.23359375 0.0109375 0.01796875
3 0.48984375 0.2390625 0.009375 0.01328125
3 0.4734375 0.234375 0.00859375 0.01171875
3 0.48046875 0.23046875 0.009375 0.01328125
3 0.48671875 0.2265625 0.00703125 0.01171875
3 0.471875 0.2234375 0.00859375 0.0109375
3 0.48828125 0.2171875 0.0078125 0.01171875
3 0.475 0.2171875 0.0078125 0.01171875
3 0.48125 0.2109375 0.0078125 0.0109375
3 0.4703125 0.209375 0.00703125 0.01015625
3 0.45625 0.203125 0.0078125 0.0109375
3 0.64765625 0.38515625 0.0234375 0.0296875
3 0.69296875 0.3375 0.02109375 0.025
3 0.575 0.2484375 0.01796875 0.01484375
3 0.42265625 0.21171875 0.00703125 0.01171875
3 0.421875 0.2046875 0.00703125 0.0109375
3 0.434375 0.21171875 0.00703125 0.01171875
3 0.4328125 0.20859375 0.00703125 0.01171875
3 0.4484375 0.2140625 0.00625 0.01015625
3 0.4296875 0.203125 0.00625 0.01015625
3 0.446875 0.2109375 0.00703125 0.0109375
3 0.44453125 0.20703125 0.00703125 0.01171875
3 0.4421875 0.203125 0.00703125 0.01171875
3 0.43828125 0.2015625 0.00625 0.01015625
3 0.43671875 0.196875 0.00625 0.009375
3 0.434375 0.1953125 0.00703125 0.0109375
3 0.4484375 0.19609375 0.00703125 0.01015625
3 0.459375 0.196875 0.00625 0.0109375
3 0.47421875 0.203125 0.00703125 0.009375
3 0.46875 0.1984375 0.00703125 0.01015625
10 0.49609375 0.20390625 0.00703125 0.01171875
3 0.4890625 0.19921875 0.00703125 0.009375
3 0.48359375 0.1953125 0.00703125 0.009375
6 0.81640625 0.696875 0.009375 0.05390625
6 0.89921875 0.6859375 0.01328125 0.06015625
7 0.9671875 0.68125 0.01171875 0.04453125
7 0.9234375 0.68203125 0.01484375 0.03984375
6 0.89296875 0.56640625 0.01015625 0.04296875
6 0.90234375 0.56953125 0.00703125 0.04453125
6 0.9109375 0.56640625 0.01015625 0.04296875
6 0.86171875 0.53828125 0.01015625 0.040625
6 0.83046875 0.50234375 0.00859375 0.03828125
6 0.8390625 0.50703125 0.01015625 0.034375
6 0.8453125 0.50390625 0.00703125 0.0390625
6 0.74921875 0.4109375 0.00703125 0.03125
6 0.76328125 0.43046875 0.0078125 0.03125
6 0.76796875 0.43046875 0.00546875 0.03125
6 0.74765625 0.45703125 0.0078125 0.03359375
6 0.73984375 0.46328125 0.00703125 0.034375
6 0.7234375 0.48125 0.01015625 0.03828125
6 0.71015625 0.46875 0.0078125 0.02890625
7 0.70703125 0.47890625 0.009375 0.0265625
1 0.70703125 0.49140625 0.009375 0.0234375
6 0.63984375 0.4734375 0.0078125 0.03203125
6 0.678125 0.35390625 0.00546875 0.02578125
6 0.65625 0.34453125 0.00546875 0.02421875
6 0.66171875 0.34453125 0.00546875 0.0234375
7 0.67890625 0.38671875 0.0078125 0.0234375
4 0.67890625 0.39140625 0.00703125 0.02109375
6 0.66484375 0.384375 0.00703125 0.0296875
7 0.6453125 0.396875 0.00703125 0.01953125
7 0.65859375 0.4125 0.00703125 0.01953125
1 0.6453125 0.40546875 0.00625 0.01953125
4 0.65859375 0.4234375 0.00625 0.01875
7 0.659375 0.40078125 0.00703125 0.01796875
6 0.61171875 0.35 0.00546875 0.0203125
1 0.61015625 0.4078125 0.00546875 0.02109375
6 0.23984375 0.55546875 0.01171875 0.046875
6 0.23984375 0.521875 0.01171875 0.03984375
6 0.2578125 0.45703125 0.0078125 0.034375
7 0.2375 0.46171875 0.00859375 0.03046875
1 0.23671875 0.46953125 0.00703125 0.028125
1 0.23984375 0.52890625 0.009375 0.03046875
1 0.215625 0.57109375 0.0203125 0.034375
6 0.21328125 0.55546875 0.01015625 0.03671875
3 0.3015625 0.21875 0.01640625 0.0140625
6 0.31875 0.39296875 0.00546875 0.02890625
6 0.28984375 0.346875 0.00546875 0.02421875
7 0.26953125 0.41015625 0.00703125 0.028125
4 0.26953125 0.4171875 0.00703125 0.02109375
7 0.3390625 0.36640625 0.0046875 0.015625
7 0.31875 0.41171875 0.00625 0.01640625
7 0.31875 0.4265625 0.0078125 0.0203125
7 0.303125 0.44609375 0.00625 0.02890625
1 0.30234375 0.45390625 0.00625 0.0234375
1 0.31953125 0.4390625 0.00625 0.021875
4 0.3390625 0.375 0.00390625 0.01640625
7 0.3078125 0.32578125 0.00390625 0.01640625
7 0.3125 0.334375 0.00390625 0.01640625
7 0.31953125 0.33359375 0.00390625 0.0140625
6 0.31953125 0.31328125 0.00390625 0.01953125
6 0.3328125 0.31640625 0.00390625 0.01953125
6 0.32890625 0.31640625 0.00390625 0.0203125
6 0.36953125 0.27421875 0.003125 0.015625
6 0.37265625 0.2734375 0.003125 0.01484375
1 0.3140625 0.3078125 0.0046875 0.015625
1 0.32265625 0.29453125 0.00390625 0.01171875
1 0.3203125 0.34140625 0.00390625 0.0140625
1 0.3125 0.34140625 0.00234375 0.015625
6 0.32890625 0.29453125 0.00390625 0.015625
6 0.328125 0.30703125 0.00546875 0.01875
1 0.27734375 0.3671875 0.0078125 0.015625
1 0.134375 0.728125 0.03359375 0.034375
1 0.11796875 0.7453125 0.0328125 0.04296875
1 0.11796875 0.76328125 0.0328125 0.03984375
6 0.09140625 0.80703125 0.02109375 0.0546875
1 0.0796875 0.8671875 0.04296875 0.0453125
1 0.10703125 0.80390625 0.03359375 0.03828125
1 0.05703125 0.87890625 0.04609375 0.0453125
1 0.04140625 0.89296875 0.03359375 0.04140625
1 0.02734375 0.95625 0.040625 0.05390625
1 0.0390625 0.92109375 0.04453125 0.03984375
6 0.16015625 0.5828125 0.01015625 0.04375