3 0.834375 0.1234375 0.0828125 0.1046875
3 0.50625 0.0125 0.065625 0.025
6 0.88046875 0.425 0.0421875 0.0625
6 0.9015625 0.3875 0.0359375 0.0515625
6 0.8453125 0.40078125 0.021875 0.0375
6 0.82734375 0.4296875 0.040625 0.065625
6 0.8484375 0.4359375 0.034375 0.0546875
6 0.82265625 0.3453125 0.028125 0.04375
6 0.81328125 0.34765625 0.034375 0.0578125
6 0.78984375 0.415625 0.0375 0.0671875
6 0.7609375 0.353125 0.034375 0.0578125
6 0.7375 0.2875 0.034375 0.0578125
6 0.71875 0.28359375 0.034375 0.0578125
6 0.7 0.24296875 0.0234375 0.0359375
6 0.6921875 0.1203125 0.0234375 0.040625
6 0.67109375 0.05390625 0.0265625 0.0421875
6 0.64453125 0.01953125 0.021875 0.0390625
6 0.915625 0.53984375 0.034375 0.0484375
6 0.8984375 0.5421875 0.0359375 0.0546875
7 0.56015625 0.565625 0.03125 0.05
1 0.659375 0.61953125 0.0546875 0.0625
7 0.70390625 0.62109375 0.0296875 0.0390625
6 0.80390625 0.55546875 0.034375 0.0546875
7 0.7609375 0.5984375 0.028125 0.040625
6 0.9046875 0.2234375 0.0359375 0.053125
6 0.84921875 0.19296875 0.0375 0.0515625
6 0.92578125 0.32734375 0.0390625 0.0546875
6 0.89921875 0.3046875 0.034375 0.0484375
6 0.86484375 0.30078125 0.040625 0.0609375
7 0.7984375 0.1390625 0.0296875 0.04375
6 0.8109375 0.15859375 0.028125 0.046875
6 0.81875 0.1625 0.025 0.0390625
4 0.7484375 0.1578125 0.0390625 0.0421875
4 0.7734375 0.146875 0.0359375 0.053125
7 0.51953125 0.22421875 0.021875 0.0390625
7 0.584375 0.1828125 0.0265625 0.0421875
7 0.69921875 0.478125 0.0328125 0.046875
6 0.65546875 0.41015625 0.028125 0.0484375
6 0.63671875 0.3703125 0.0265625 0.0421875
6 0.659375 0.5046875 0.0234375 0.0359375
6 0.6125 0.525 0.025 0.04375
6 0.675 0.57578125 0.0359375 0.0609375
7 0.625 0.6328125 0.0328125 0.046875
6 0.74921875 0.39765625 0.034375 0.0578125
6 0.7390625 0.37421875 0.0296875 0.046875
6 0.7328125 0.39296875 0.0328125 0.0515625
6 0.721875 0.3796875 0.034375 0.053125
6 0.66875 0.31796875 0.025 0.040625
6 0.65625 0.353125 0.0203125 0.0359375
7 0.66015625 0.3515625 0.025 0.0375
7 0.69375 0.178125 0.0234375 0.034375
6 0.60625 0.0125 0.021875 0.025
6 0.60703125 0.015625 0.0203125 0.03125
3 0.77734375 0.075 0.0765625 0.0890625
7 0.86328125 0.21015625 0.025 0.0390625
7 0.8609375 0.23046875 0.0265625 0.0328125
6 0.82109375 0.25703125 0.0171875 0.0265625
7 0.94765625 0.3 0.03125 0.046875
7 0.9375 0.290625 0.0203125 0.028125
7 0.88515625 0.275 0.0265625 0.034375
7 0.84140625 0.3015625 0.021875 0.0390625
7 0.84765625 0.296875 0.0171875 0.0234375
7 0.83984375 0.25859375 0.025 0.0328125
7 0.84296875 0.2671875 0.0171875 0.0265625
7 0.8046875 0.2546875 0.01875 0.0296875
7 0.79921875 0.259375 0.01875 0.028125
6 0.81875 0.3125 0.03125 0.0484375
6 0.93125 0.253125 0.028125 0.0421875
7 0.796875 0.275 0.028125 0.0390625