3 0.59375 0.9453125 0.0625 0.1
3 0.5234375 0.95546875 0.0625 0.0890625
3 0.58515625 0.7765625 0.0484375 0.084375
3 0.53359375 0.8203125 0.0515625 0.0953125
3 0.47265625 0.7625 0.0515625 0.0890625
3 0.57578125 0.6625 0.0375 0.0640625
10 0.5265625 0.72109375 0.0484375 0.08125
3 0.53046875 0.640625 0.0390625 0.06875
3 0.4828125 0.65859375 0.04375 0.071875
3 0.4859375 0.59609375 0.0328125 0.05
3 0.52890625 0.5890625 0.0328125 0.05
3 0.57421875 0.5921875 0.0296875 0.0515625
3 0.7546875 0.83671875 0.06875 0.1359375
2 0.85546875 0.83515625 0.1734375 0.2734375
3 0.946875 0.9125 0.0796875 0.0921875
3 0.8703125 0.7265625 0.0640625 0.0875
3 0.77890625 0.72578125 0.053125 0.090625
3 0.69140625 0.64453125 0.0421875 0.071875
3 0.67109375 0.57421875 0.0359375 0.0625
10 0.7375 0.61875 0.0546875 0.1046875
3 0.7375 0.4859375 0.0296875 0.04375
2 0.73359375 0.525 0.0859375 0.1375
3 0.67265625 0.36796875 0.01875 0.0265625
3 0.659375 0.38671875 0.01875 0.028125
3 0.63203125 0.4 0.01875 0.0296875
2 0.44140625 0.5953125 0.0828125 0.1515625
3 0.571875 0.53671875 0.0296875 0.046875
3 0.53359375 0.54296875 0.0296875 0.046875
3 0.503125 0.525 0.0265625 0.040625
3 0.51171875 0.49140625 0.0265625 0.0359375
3 0.5171875 0.46640625 0.021875 0.0328125
3 0.48984375 0.475 0.0265625 0.0359375
3 0.521875 0.4484375 0.01875 0.0296875
3 0.52734375 0.43046875 0.01875 0.0265625
3 0.53671875 0.41328125 0.021875 0.0265625
3 0.53984375 0.3984375 0.01875 0.0265625
3 0.5453125 0.38515625 0.0171875 0.0234375
3 0.54765625 0.37109375 0.0171875 0.0203125
3 0.55546875 0.35546875 0.0171875 0.0234375
3 0.57109375 0.49921875 0.025 0.0359375
3 0.57734375 0.47265625 0.0234375 0.0328125
3 0.5765625 0.446875 0.021875 0.0296875
3 0.57890625 0.42265625 0.01875 0.0265625
3 0.5828125 0.40625 0.01875 0.028125
3 0.58671875 0.39140625 0.01875 0.0265625
3 0.5859375 0.3765625 0.0171875 0.0234375
3 0.5890625 0.3640625 0.0140625 0.0234375
3 0.5921875 0.35390625 0.0140625 0.021875
3 0.5953125 0.3421875 0.0140625 0.0203125
2 0.53984375 0.47421875 0.046875 0.096875
3 0.5546875 0.43046875 0.021875 0.028125
3 0.559375 0.4109375 0.01875 0.0265625
3 0.56328125 0.396875 0.01875 0.025
3 0.5640625 0.38125 0.0140625 0.0234375
3 0.57109375 0.36796875 0.015625 0.021875
3 0.575 0.353125 0.0171875 0.021875
2 0.50546875 0.40703125 0.0375 0.0625
3 0.51953125 0.396875 0.0171875 0.025
3 0.525 0.3828125 0.0171875 0.0203125
3 0.53203125 0.3671875 0.0171875 0.0234375
3 0.53828125 0.3546875 0.0171875 0.0203125
3 0.54296875 0.32421875 0.0265625 0.01875
10 0.621875 0.29765625 0.0265625 0.021875
3 0.59609375 0.29765625 0.0203125 0.0171875
3 0.725 0.28359375 0.0265625 0.01875
10 0.66796875 0.29453125 0.0265625 0.01875
3 0.71015625 0.30078125 0.0171875 0.015625
3 0.68359375 0.28671875 0.021875 0.0171875
3 0.6390625 0.29296875 0.021875 0.0171875
3 0.6 0.2921875 0.0171875 0.0140625
3 0.59921875 0.2828125 0.0109375 0.0140625
3 0.584375 0.2890625 0.0109375 0.0140625
3 0.6296875 0.27890625 0.0109375 0.015625
3 0.64296875 0.27578125 0.0109375 0.0171875
3 0.65703125 0.27421875 0.0109375 0.0140625
3 0.66875 0.271875 0.0109375 0.015625
3 0.65703125 0.26875 0.0109375 0.0125
3 0.6578125 0.25546875 0.0109375 0.0140625
3 0.6609375 0.2484375 0.0078125 0.0109375
3 0.64609375 0.26875 0.0109375 0.0171875
3 0.6328125 0.2734375 0.0109375 0.0171875
3 0.64140625 0.24296875 0.009375 0.0109375
3 0.61328125 0.25 0.009375 0.0109375
3 0.621875 0.23203125 0.0078125 0.0109375
3 0.60703125 0.24375 0.0078125 0.009375
3 0.6 0.259375 0.009375 0.0125
10 0.828125 0.403125 0.0421875 0.053125
3 0.85390625 0.42109375 0.0296875 0.0375
3 0.9640625 0.4625 0.065625 0.0421875
6 0.334375 0.84453125 0.0140625 0.0609375
6 0.32578125 0.834375 0.01875 0.0578125
6 0.29921875 0.8515625 0.015625 0.0609375
6 0.2875 0.85 0.0171875 0.05625
3 0.2875 0.6875 0.0359375 0.059375
3 0.9671875 0.51875 0.009375 0.03125
6 0.9546875 0.51328125 0.009375 0.03125
6 0.11484375 0.971875 0.0109375 0.034375
6 0.10546875 0.9671875 0.01875 0.0546875
6 0.915625 0.6734375 0.0140625 0.04375
6 0.93125 0.72578125 0.0203125 0.0453125
6 0.9015625 0.66171875 0.0140625 0.04375
6 0.9453125 0.51953125 0.0140625 0.040625
6 0.94921875 0.50703125 0.0109375 0.0375
6 0.81015625 0.41328125 0.009375 0.0296875
7 0.77890625 0.38515625 0.0078125 0.021875
1 0.77890625 0.38984375 0.0078125 0.0203125
7 0.7671875 0.36875 0.0078125 0.021875
1 0.76796875 0.37265625 0.00625 0.0234375
6 0.74375 0.33046875 0.0078125 0.0203125
6 0.86328125 0.61640625 0.0140625 0.0390625
3 0.86328125 0.365625 0.025 0.0390625
3 0.7515625 0.40859375 0.025 0.0390625
6 0.7375 0.40234375 0.009375 0.025
7 0.7515625 0.3625 0.0078125 0.0203125
4 0.75234375 0.365625 0.0078125 0.01875
7 0.6609375 0.32578125 0.00625 0.015625
7 0.6515625 0.31875 0.0046875 0.0125
7 0.63828125 0.32109375 0.00625 0.0140625
7 0.6671875 0.30703125 0.00625 0.015625
6 0.64453125 0.3203125 0.0046875 0.01875
7 0.60078125 0.31953125 0.00625 0.0140625
7 0.5921875 0.31953125 0.00625 0.0140625
7 0.58828125 0.3171875 0.0046875 0.0140625
7 0.54609375 0.3265625 0.00625 0.0140625
7 0.53828125 0.32890625 0.0046875 0.0125
4 0.53828125 0.33359375 0.0109375 0.0125
4 0.54765625 0.328125 0.0109375 0.0109375
4 0.60078125 0.325 0.0109375 0.0109375
4 0.59140625 0.32421875 0.0109375 0.0125
1 0.58984375 0.321875 0.0109375 0.0109375
1 0.640625 0.32734375 0.0109375 0.0140625
1 0.653125 0.32421875 0.0109375 0.0109375
1 0.6671875 0.3109375 0.0109375 0.0109375
4 0.6609375 0.3296875 0.0125 0.0140625