9 0.76484375 0.1578125 0.4609375 0.315625
3 0.79453125 0.46640625 0.1953125 0.11875
7 0.95703125 0.75859375 0.0859375 0.0578125
10 0.60390625 0.39375 0.0921875 0.0640625
0 0.5765625 0.4484375 0.071875 0.025
7 0.53828125 0.51875 0.01875 0.00625
1 0.55 0.51796875 0.0203125 0.003125
3 0.53515625 0.5234375 0.0203125 0.028125
3 0.51953125 0.55390625 0.0125 0.009375
2 0.5265625 0.59609375 0.0546875 0.0828125
3 0.54765625 0.5734375 0.025 0.015625
7 0.54296875 0.603125 0.0234375 0.00625
1 0.55234375 0.603125 0.015625 0.003125
9 0.5453125 0.54375 0.03125 0.01875
3 0.5515625 0.54296875 0.0296875 0.01875
3 0.55859375 0.5421875 0.0265625 0.0203125
3 0.571875 0.5328125 0.0375 0.025
3 0.59375 0.528125 0.05 0.0328125
10 0.61640625 0.55390625 0.0921875 0.053125
7 0.57109375 0.6171875 0.034375 0.009375
1 0.584375 0.61796875 0.0234375 0.00625
7 0.6046875 0.6 0.05 0.0140625
1 0.6203125 0.59921875 0.0375 0.0078125
7 0.628125 0.625 0.06875 0.0171875
1 0.6453125 0.625 0.05625 0.0171875
7 0.6140625 0.6421875 0.059375 0.0140625
1 0.6265625 0.64140625 0.040625 0.0109375
10 0.565625 0.7796875 0.03125 0.04375
3 0.57578125 0.78984375 0.03125 0.04375
3 0.5828125 0.8125 0.028125 0.04375
3 0.5875 0.81875 0.0296875 0.0359375
3 0.58828125 0.8390625 0.0375 0.053125
3 0.5953125 0.85703125 0.0421875 0.053125
10 0.6046875 0.8953125 0.0546875 0.071875
3 0.61640625 0.91875 0.0453125 0.065625
3 0.634375 0.95546875 0.0609375 0.0859375
9 0.6046875 0.9578125 0.0671875 0.0578125
3 0.64140625 0.89375 0.05 0.071875
3 0.65625 0.925 0.0734375 0.1140625
6 0.63046875 0.85390625 0.059375 0.0109375
6 0.62578125 0.84609375 0.05625 0.0140625
3 0.55546875 0.8359375 0.028125 0.0375
3 0.559375 0.8421875 0.0265625 0.03125
3 0.5671875 0.8546875 0.028125 0.0375
3 0.5734375 0.86484375 0.0265625 0.034375
3 0.6515625 0.7953125 0.0671875 0.134375
3 0.62578125 0.79296875 0.0484375 0.0921875
3 0.63203125 0.690625 0.0703125 0.075
3 0.69140625 0.68046875 0.090625 0.0796875
7 0.71484375 0.6390625 0.1046875 0.0234375
1 0.7328125 0.63671875 0.06875 0.025
7 0.7515625 0.65234375 0.1125 0.0234375
1 0.7875 0.64921875 0.1 0.0234375
7 0.840625 0.68203125 0.18125 0.0375
1 0.89609375 0.67578125 0.15 0.040625
6 0.784375 0.7765625 0.159375 0.03125
6 0.7375 0.72265625 0.1484375 0.040625
6 0.734375 0.71640625 0.1265625 0.0234375
6 0.725 0.690625 0.128125 0.0234375
0 0.7078125 0.79375 0.1328125 0.05625