1 0.734375 0.03828125 0.0296875 0.021875
0 0.7546875 0.04609375 0.040625 0.0265625
6 0.4875 0.31875 0.034375 0.0125
6 0.57734375 0.35 0.0484375 0.015625
6 0.48984375 0.36640625 0.0609375 0.0203125
6 0.48125 0.390625 0.0375 0.0109375
6 0.9515625 0.396875 0.03125 0.009375
7 0.73671875 0.2734375 0.040625 0.0140625
7 0.7015625 0.30859375 0.0453125 0.015625
7 0.7015625 0.3265625 0.0359375 0.0171875
7 0.71015625 0.3328125 0.040625 0.0203125
7 0.71875 0.3390625 0.034375 0.0125
7 0.7234375 0.346875 0.0328125 0.0140625
7 0.7546875 0.35546875 0.025 0.009375
7 0.7375 0.3609375 0.0390625 0.0171875
7 0.65 0.45703125 0.0234375 0.015625
7 0.60234375 0.42734375 0.03125 0.0109375
6 0.61796875 0.43828125 0.034375 0.0109375
6 0.61015625 0.446875 0.0375 0.0109375
6 0.6546875 0.56328125 0.034375 0.0125
7 0.81640625 0.37265625 0.0109375 0.0078125
7 0.8296875 0.340625 0.021875 0.009375
7 0.8109375 0.0625 0.025 0.0140625