6 0.475 0.91875 0.0234375 0.00625
7 0.4828125 0.928125 0.015625 0.0078125
7 0.4984375 0.94453125 0.0125 0.0046875
7 0.50078125 0.9484375 0.009375 0.0078125
7 0.5046875 0.95234375 0.0109375 0.00625
7 0.43671875 0.85078125 0.0109375 0.00625
7 0.43125 0.85078125 0.0125 0.0046875
7 0.4203125 0.81875 0.0109375 0.0078125
7 0.4109375 0.809375 0.0109375 0.0078125
6 0.5875 0.83515625 0.0203125 0.009375
4 0.58671875 0.82890625 0.0171875 0.0109375
6 0.56953125 0.8109375 0.025 0.009375
6 0.5640625 0.8234375 0.015625 0.0046875
6 0.56015625 0.82734375 0.025 0.009375
7 0.54609375 0.8328125 0.0125 0.0078125
4 0.56171875 0.83203125 0.0140625 0.0109375
7 0.55078125 0.840625 0.01875 0.0046875
6 0.5484375 0.78984375 0.025 0.0078125
7 0.54609375 0.796875 0.015625 0.0078125
4 0.55390625 0.79375 0.0140625 0.0140625
7 0.54609375 0.8125 0.0140625 0.0046875
4 0.55703125 0.8109375 0.0140625 0.0109375
6 0.52265625 0.80078125 0.021875 0.0078125
7 0.46484375 0.83671875 0.009375 0.0046875
7 0.4625 0.83359375 0.0140625 0.0078125
7 0.4859375 0.8125 0.009375 0.0078125
1 0.4921875 0.8125 0.015625 0.0078125
0 0.60546875 0.92109375 0.034375 0.028125
4 0.63203125 0.90859375 0.0265625 0.01875
4 0.62734375 0.93203125 0.0203125 0.015625
1 0.634375 0.92421875 0.0203125 0.015625
7 0.6484375 0.91640625 0.0140625 0.009375
7 0.65546875 0.91953125 0.01875 0.0078125
7 0.6609375 0.91171875 0.015625 0.0078125
7 0.665625 0.91484375 0.01875 0.0078125
6 0.69140625 0.9203125 0.03125 0.009375
7 0.68515625 0.92421875 0.0125 0.0046875
6 0.5890625 0.7546875 0.0296875 0.009375
6 0.58984375 0.75078125 0.0203125 0.00625
6 0.6921875 0.92734375 0.0296875 0.009375
7 0.678125 0.9328125 0.0203125 0.0109375
7 0.6828125 0.953125 0.0265625 0.0140625
6 0.70703125 0.9390625 0.025 0.0125
7 0.71015625 0.9484375 0.021875 0.009375
7 0.71328125 0.95234375 0.0359375 0.0140625
4 0.7171875 0.95078125 0.028125 0.025
7 0.69921875 0.96953125 0.01875 0.0078125
6 0.71953125 0.96875 0.034375 0.0125
6 0.7421875 0.95546875 0.0296875 0.009375
7 0.73828125 0.959375 0.025 0.009375
6 0.759375 0.9625 0.025 0.009375
7 0.765625 0.96640625 0.0296875 0.009375
3 0.35625 0.83984375 0.0171875 0.015625
3 0.34765625 0.83125 0.0125 0.0203125
3 0.34296875 0.825 0.0171875 0.01875
6 0.415625 0.7546875 0.015625 0.0046875
7 0.41640625 0.76953125 0.009375 0.0078125
6 0.434375 0.7578125 0.01875 0.0046875
7 0.43515625 0.7515625 0.015625 0.0046875
6 0.43359375 0.7375 0.01875 0.0046875
6 0.4421875 0.74140625 0.01875 0.0078125
7 0.4375 0.76796875 0.009375 0.0046875
7 0.43671875 0.78046875 0.0140625 0.0046875
7 0.4625 0.809375 0.015625 0.0046875
4 0.46953125 0.809375 0.0140625 0.0046875
0 0.44609375 0.80625 0.0203125 0.0171875
0 0.45078125 0.82265625 0.021875 0.0203125
6 0.43828125 0.821875 0.015625 0.0046875
7 0.47265625 0.7859375 0.0140625 0.00625
1 0.48125 0.784375 0.0125 0.0078125
7 0.496875 0.740625 0.01875 0.0078125
4 0.50625 0.73984375 0.015625 0.0078125
7 0.4828125 0.72734375 0.015625 0.0046875
4 0.490625 0.7265625 0.0171875 0.0109375
6 0.4140625 0.740625 0.015625 0.0046875
6 0.41171875 0.74921875 0.01875 0.0046875
6 0.41953125 0.7296875 0.01875 0.0046875
6 0.4203125 0.72265625 0.0125 0.0046875
6 0.4140625 0.71875 0.009375 0.0046875
6 0.39296875 0.73359375 0.0109375 0.0046875
6 0.3796875 0.70703125 0.01875 0.00625
6 0.3640625 0.6984375 0.0125 0.0046875
6 0.39453125 0.71328125 0.009375 0.0046875
6 0.403125 0.71171875 0.009375 0.0078125
6 0.4046875 0.71484375 0.0125 0.0046875
6 0.415625 0.71328125 0.0125 0.0078125
6 0.41015625 0.7078125 0.0125 0.0046875
6 0.40625 0.70546875 0.0125 0.0078125
6 0.40234375 0.703125 0.009375 0.0078125
6 0.38515625 0.70078125 0.0125 0.0078125
6 0.41796875 0.7046875 0.0125 0.0046875
6 0.41484375 0.7015625 0.009375 0.0046875
6 0.41015625 0.70078125 0.009375 0.0046875
6 0.40625 0.6984375 0.0125 0.0078125
6 0.40234375 0.69453125 0.015625 0.0046875
7 0.434375 0.69453125 0.015625 0.0078125
4 0.440625 0.6921875 0.0109375 0.0109375
7 0.434375 0.67578125 0.0125 0.0046875
1 0.4390625 0.6734375 0.015625 0.0109375
6 0.45546875 0.6765625 0.015625 0.00625
7 0.4796875 0.69765625 0.0125 0.0078125
4 0.4859375 0.6953125 0.0140625 0.0109375
6 0.4890625 0.6828125 0.01875 0.0046875
6 0.48984375 0.67109375 0.0203125 0.00625
6 0.48984375 0.678125 0.025 0.0078125
6 0.4890625 0.6515625 0.025 0.0078125
6 0.4765625 0.6484375 0.0203125 0.00625
6 0.43359375 0.64609375 0.015625 0.0046875
6 0.43046875 0.640625 0.015625 0.00625
6 0.44609375 0.63515625 0.0109375 0.0046875
6 0.44453125 0.6328125 0.0125 0.0046875
6 0.43984375 0.62890625 0.015625 0.0046875
3 0.346875 0.8078125 0.0140625 0.0140625
3 0.33359375 0.8015625 0.0171875 0.0125
3 0.325 0.79765625 0.0171875 0.0140625
3 0.32890625 0.8109375 0.0109375 0.0171875
7 0.525 0.653125 0.0140625 0.0046875
7 0.52421875 0.65078125 0.01875 0.0046875
7 0.5234375 0.64921875 0.0125 0.0046875
4 0.53046875 0.6515625 0.0140625 0.0140625
8 0.42421875 0.58515625 0.025 0.021875
4 0.49140625 0.621875 0.0203125 0.0109375
6 0.37890625 0.6375 0.0140625 0.0046875
6 0.3765625 0.63359375 0.0140625 0.0046875
6 0.39609375 0.64140625 0.015625 0.0046875
6 0.36328125 0.66484375 0.0125 0.0046875
6 0.36328125 0.65859375 0.0109375 0.0046875
6 0.3578125 0.65546875 0.0125 0.0046875
6 0.36015625 0.6484375 0.0140625 0.0046875
6 0.3578125 0.646875 0.009375 0.0046875
7 0.34921875 0.63671875 0.00625 0.003125
4 0.35546875 0.63515625 0.0109375 0.0046875
6 0.35078125 0.63203125 0.0125 0.0046875
6 0.34453125 0.63046875 0.0125 0.0046875
0 0.34453125 0.625 0.01875 0.0078125
7 0.365625 0.6109375 0.00625 0.003125
6 0.371875 0.62109375 0.015625 0.00625
4 0.3734375 0.6234375 0.0125 0.0046875
6 0.36328125 0.625 0.015625 0.00625
7 0.3984375 0.571875 0.009375 0.0046875
4 0.40546875 0.5703125 0.0109375 0.0109375
10 0.20234375 0.47890625 0.009375 0.00625
3 0.21328125 0.49296875 0.009375 0.0078125
3 0.228125 0.49140625 0.00625 0.00625
3 0.23671875 0.49453125 0.0109375 0.0078125
3 0.25078125 0.49296875 0.009375 0.0078125
3 0.26328125 0.49453125 0.0125 0.0078125
3 0.22109375 0.48046875 0.009375 0.0078125
3 0.22734375 0.47734375 0.009375 0.0078125
0 0.2328125 0.484375 0.0125 0.0046875
0 0.24296875 0.484375 0.009375 0.0046875
0 0.246875 0.4828125 0.009375 0.0046875
3 0.26484375 0.47421875 0.0125 0.0078125
3 0.275 0.471875 0.009375 0.0078125
10 0.28125 0.4703125 0.015625 0.0078125
7 0.2765625 0.49140625 0.0125 0.0046875
7 0.27578125 0.4859375 0.00625 0.003125
8 0.28046875 0.484375 0.00625 0.003125
7 0.29921875 0.48984375 0.00625 0.003125
4 0.3046875 0.48984375 0.009375 0.0046875
6 0.3015625 0.496875 0.0125 0.0046875
3 0.31875 0.49921875 0.0203125 0.0109375
7 0.315625 0.490625 0.009375 0.0046875
4 0.32109375 0.48984375 0.00625 0.0015625
7 0.31796875 0.484375 0.0125 0.0046875
4 0.32421875 0.48359375 0.009375 0.0046875
7 0.340625 0.4875 0.009375 0.00625
4 0.346875 0.48671875 0.0109375 0.0046875
6 0.3515625 0.49375 0.015625 0.0046875
6 0.35 0.49609375 0.015625 0.0046875
6 0.34921875 0.5 0.015625 0.0046875
6 0.3484375 0.50390625 0.015625 0.0046875
8 0.3390625 0.51875 0.0171875 0.0203125
4 0.36171875 0.540625 0.0140625 0.0078125
4 0.36015625 0.53828125 0.015625 0.0109375
4 0.3546875 0.53515625 0.0140625 0.0109375
3 0.36796875 0.50390625 0.0203125 0.0109375
7 0.36953125 0.48984375 0.0125 0.0078125
4 0.3734375 0.490625 0.0140625 0.0078125
10 0.38359375 0.5234375 0.0265625 0.0125
0 0.384375 0.50859375 0.015625 0.0109375
3 0.3953125 0.50546875 0.0203125 0.0140625
3 0.39140625 0.4859375 0.0203125 0.0140625
10 0.4078125 0.5234375 0.0265625 0.025
3 0.434375 0.53203125 0.028125 0.01875
6 0.446875 0.54921875 0.01875 0.00625
6 0.4515625 0.55546875 0.0125 0.0046875
3 0.459375 0.53125 0.028125 0.01875
3 0.42890625 0.51015625 0.0234375 0.0171875
3 0.446875 0.50859375 0.028125 0.01875
3 0.465625 0.5140625 0.0203125 0.0171875
3 0.484375 0.53046875 0.0296875 0.0203125
7 0.4078125 0.49296875 0.0109375 0.0046875
1 0.4171875 0.49140625 0.015625 0.0046875
3 0.50859375 0.48125 0.0328125 0.021875
3 0.540625 0.51875 0.0359375 0.0234375
7 0.6109375 0.50703125 0.015625 0.0078125
4 0.62265625 0.50546875 0.01875 0.00625
7 0.61484375 0.49453125 0.0203125 0.009375
4 0.628125 0.49296875 0.0296875 0.0109375
4 0.63359375 0.51796875 0.0328125 0.0125
3 0.55703125 0.4796875 0.0359375 0.0234375
3 0.60234375 0.47265625 0.053125 0.03125
3 0.6578125 0.4765625 0.053125 0.028125
10 0.725 0.478125 0.0734375 0.03125
7 0.45625 0.45703125 0.0125 0.00625
4 0.4640625 0.45546875 0.0125 0.00625
7 0.48046875 0.45625 0.0125 0.0046875
4 0.490625 0.45546875 0.0140625 0.0078125
0 0.6640625 0.42890625 0.0484375 0.01875
7 0.703125 0.4578125 0.0203125 0.009375
7 0.709375 0.453125 0.01875 0.0078125
4 0.7203125 0.45625 0.0265625 0.0125
3 0.86875 0.48359375 0.084375 0.04375
6 0.77734375 0.49921875 0.034375 0.0109375
7 0.7515625 0.503125 0.021875 0.009375
4 0.76328125 0.503125 0.0234375 0.0125
7 0.7703125 0.52109375 0.03125 0.009375
4 0.78359375 0.5203125 0.03125 0.0125
4 0.78828125 0.534375 0.0453125 0.01875
7 0.82109375 0.5234375 0.021875 0.009375
4 0.834375 0.521875 0.0390625 0.0140625
6 0.87265625 0.52734375 0.040625 0.0109375
3 0.93671875 0.5546875 0.0984375 0.0546875
10 0.98203125 0.48359375 0.0359375 0.0359375