3 0.30390625 0.33046875 0.075 0.0578125
10 0.409375 0.590625 0.13125 0.0765625
3 0.48203125 0.55078125 0.075 0.059375
4 0.5421875 0.5640625 0.034375 0.028125
3 0.54453125 0.509375 0.065625 0.059375
3 0.59453125 0.4953125 0.0609375 0.059375
3 0.66640625 0.4671875 0.0421875 0.0546875
3 0.7171875 0.44453125 0.034375 0.034375
3 0.72109375 0.4109375 0.0265625 0.021875
4 0.709375 0.40234375 0.021875 0.009375
7 0.71328125 0.40234375 0.015625 0.0046875
6 0.61484375 0.59609375 0.046875 0.0125
7 0.61796875 0.5859375 0.01875 0.0078125
6 0.61328125 0.578125 0.040625 0.0109375
6 0.61640625 0.56953125 0.03125 0.009375
6 0.61953125 0.565625 0.0265625 0.0078125
6 0.6765625 0.51171875 0.0328125 0.0125
6 0.6390625 0.51875 0.034375 0.0125
6 0.6484375 0.5234375 0.03125 0.009375
6 0.64296875 0.528125 0.0359375 0.0109375
6 0.6578125 0.5359375 0.0375 0.0109375
6 0.65390625 0.5328125 0.040625 0.009375
6 0.65234375 0.546875 0.040625 0.0109375
7 0.64609375 0.55546875 0.028125 0.0125
7 0.6375 0.56171875 0.025 0.009375
7 0.6328125 0.56796875 0.025 0.009375
1 0.67421875 0.415625 0.0265625 0.009375
7 0.678125 0.41484375 0.0234375 0.009375
4 0.6140625 0.446875 0.0296875 0.0109375
7 0.62109375 0.44609375 0.0265625 0.0109375
3 0.609375 0.37578125 0.046875 0.0296875
8 0.646875 0.36953125 0.0296875 0.01875
3 0.61171875 0.3328125 0.04375 0.0328125
6 0.75390625 0.3859375 0.021875 0.00625
3 0.74375 0.39765625 0.021875 0.015625
6 0.81015625 0.44375 0.015625 0.0046875
3 0.86484375 0.38359375 0.0109375 0.0109375
3 0.865625 0.39140625 0.0078125 0.0078125
3 0.86640625 0.375 0.0109375 0.0109375
3 0.80390625 0.36484375 0.0171875 0.0109375
3 0.79296875 0.378125 0.021875 0.0234375
3 0.76953125 0.3828125 0.0203125 0.0171875
3 0.86953125 0.29609375 0.00625 0.00625
3 0.82890625 0.3140625 0.0109375 0.0078125
3 0.83515625 0.3125 0.0109375 0.0078125
3 0.80390625 0.303125 0.015625 0.0109375
3 0.8109375 0.30234375 0.0140625 0.0109375
3 0.8140625 0.29921875 0.0109375 0.0078125
3 0.8234375 0.3015625 0.0140625 0.0109375
3 0.83046875 0.30078125 0.0140625 0.0109375
3 0.834375 0.2984375 0.015625 0.009375
3 0.8390625 0.28046875 0.0109375 0.0109375
3 0.80703125 0.28046875 0.015625 0.0109375
3 0.7640625 0.2796875 0.0234375 0.015625
3 0.73984375 0.32265625 0.021875 0.0171875
6 0.70234375 0.26875 0.025 0.009375
10 0.6265625 0.2515625 0.059375 0.0296875
3 0.71015625 0.23046875 0.0328125 0.021875
3 0.6125 0.19921875 0.0515625 0.0453125
8 0.403125 0.07265625 0.065625 0.040625
4 0.4703125 0.025 0.0359375 0.0171875
6 0.4953125 0.05078125 0.0421875 0.0171875
3 0.55625 0.0203125 0.046875 0.040625
3 0.54375 0.07734375 0.0609375 0.05
6 0.62890625 0.03671875 0.0359375 0.015625
4 0.60390625 0.05078125 0.025 0.021875
6 0.63203125 0.04765625 0.0296875 0.009375
4 0.62734375 0.04765625 0.0234375 0.01875
1 0.6296875 0.0484375 0.0171875 0.0171875
4 0.6015625 0.07109375 0.0265625 0.0140625
4 0.61796875 0.071875 0.0234375 0.01875
3 0.621875 0.10546875 0.04375 0.034375
8 0.6296875 0.125 0.0328125 0.0234375
4 0.68671875 0.121875 0.015625 0.0171875
3 0.6515625 0.13828125 0.040625 0.0328125
8 0.6953125 0.14609375 0.021875 0.0125
3 0.6765625 0.15078125 0.034375 0.025
3 0.70390625 0.16640625 0.0265625 0.025
3 0.721875 0.17578125 0.0265625 0.0203125
3 0.721875 0.14609375 0.025 0.034375
3 0.73046875 0.1640625 0.021875 0.021875
3 0.7453125 0.15859375 0.0234375 0.0296875
3 0.74921875 0.18515625 0.0234375 0.0265625
3 0.76015625 0.1890625 0.01875 0.0296875
6 0.76953125 0.1734375 0.01875 0.0046875
6 0.7671875 0.16953125 0.0203125 0.0078125
3 0.8125 0.26015625 0.0171875 0.0109375
2 0.82734375 0.259375 0.0265625 0.01875
3 0.82578125 0.26875 0.0171875 0.0109375
4 0.83125 0.26875 0.00625 0.00625
7 0.83359375 0.26875 0.009375 0.0046875