1 0.53984375 0.034375 0.00625 0.03046875
3 0.49921875 0.01328125 0.0453125 0.02578125
3 0.5046875 0.04140625 0.05234375 0.03515625
3 0.52265625 0.06328125 0.04375 0.04609375
3 0.51796875 0.12109375 0.05703125 0.04375
10 0.546875 0.20703125 0.0578125 0.06796875
10 0.534375 0.30078125 0.065625 0.10390625
9 0.49765625 0.38671875 0.03359375 0.10859375
6 0.56875 0.37578125 0.01328125 0.0546875
6 0.66875 0.53359375 0.01640625 0.05625
3 0.59765625 0.53828125 0.09921875 0.10390625
8 0.5828125 0.47109375 0.04140625 0.04375
7 0.69765625 0.40625 0.01328125 0.0390625
1 0.5828125 0.06015625 0.00859375 0.0296875
3 0.315625 0.0109375 0.02578125 0.02109375
10 0.2625 0.0078125 0.025 0.015625
6 0.24140625 0.06875 0.00703125 0.03828125
7 0.2859375 0.090625 0.01015625 0.0390625
7 0.315625 0.0984375 0.0078125 0.03359375
1 0.315625 0.11328125 0.0078125 0.03671875
1 0.28671875 0.10234375 0.00625 0.03828125
3 0.28046875 0.025 0.02578125 0.04296875
3 0.26640625 0.06796875 0.02734375 0.0484375
3 0.2640625 0.67578125 0.0546875 0.065625
3 0.12109375 0.13515625 0.07890625 0.0515625
3 0.16953125 0.0765625 0.0484375 0.04609375
6 0.1265625 0.04609375 0.01015625 0.03828125
6 0.115625 0.06015625 0.0109375 0.04453125
6 0.10390625 0.0453125 0.009375 0.03125
6 0.09453125 0.040625 0.0109375 0.03828125
6 0.08203125 0.03046875 0.01171875 0.03984375
6 0.0734375 0.03203125 0.01015625 0.0390625
7 0.07109375 0.04375 0.0109375 0.040625
1 0.07421875 0.05078125 0.02578125 0.0265625
3 0.39296875 0.3140625 0.03828125 0.09375