3 0.42265625 0.88359375 0.028125 0.06796875
3 0.38828125 0.884375 0.02578125 0.071875
3 0.33515625 0.4859375 0.01171875 0.02578125
3 0.39140625 0.821875 0.025 0.059375
3 0.509375 0.96640625 0.0296875 0.06640625
3 0.6140625 0.94765625 0.04453125 0.0734375
3 0.6640625 0.84140625 0.0359375 0.059375
3 0.4921875 0.82109375 0.02265625 0.0515625
3 0.36171875 0.78671875 0.02109375 0.05390625
6 0.17578125 0.89453125 0.00703125 0.03671875
3 0.715625 0.89765625 0.03828125 0.0640625
3 0.6921875 0.83828125 0.03203125 0.0484375
3 0.6734375 0.79375 0.03203125 0.03984375
3 0.65859375 0.75625 0.02734375 0.0390625
3 0.6421875 0.71953125 0.02578125 0.03671875
3 0.5796875 0.71171875 0.0234375 0.0359375
3 0.60703125 0.70390625 0.02734375 0.03828125
3 0.5078125 0.66015625 0.0203125 0.0296875
10 0.878125 0.790625 0.0296875 0.05546875
3 0.86328125 0.753125 0.05078125 0.034375
3 0.89921875 0.98125 0.0453125 0.0359375
3 0.8609375 0.921875 0.0625 0.05
3 0.88046875 0.96015625 0.06875 0.05
3 0.84453125 0.89375 0.0578125 0.04609375
3 0.8296875 0.86328125 0.06015625 0.0484375
3 0.81328125 0.8375 0.05 0.0359375
3 0.7875 0.7921875 0.0546875 0.0359375
3 0.775 0.76953125 0.0515625 0.0359375
3 0.765625 0.75078125 0.05078125 0.03515625
3 0.7484375 0.72890625 0.04921875 0.03515625
3 0.74296875 0.7109375 0.040625 0.02578125
3 0.73359375 0.69609375 0.03984375 0.0265625
3 0.70859375 0.66484375 0.034375 0.021875
3 0.70390625 0.6515625 0.04296875 0.0296875
3 0.6859375 0.63046875 0.02890625 0.02421875
3 0.6796875 0.61640625 0.03515625 0.0265625
10 0.70390625 0.540625 0.02734375 0.034375
3 0.65703125 0.54453125 0.02421875 0.02109375
3 0.67734375 0.54453125 0.021875 0.02109375
3 0.63671875 0.54453125 0.02109375 0.02421875
3 0.6375 0.52265625 0.02734375 0.01796875
3 0.646875 0.51171875 0.02890625 0.01640625
3 0.63515625 0.5078125 0.02421875 0.01796875
3 0.62421875 0.50390625 0.028125 0.0203125
3 0.61640625 0.49140625 0.02109375 0.01640625
6 0.1359375 0.95625 0.01015625 0.03984375
6 0.1265625 0.95625 0.00859375 0.03828125
4 0.415625 0.96796875 0.02421875 0.0265625
7 0.4171875 0.959375 0.00859375 0.03046875
1 0.62578125 0.6390625 0.00625 0.01875
3 0.6 0.63046875 0.02109375 0.03046875
3 0.590625 0.6078125 0.02109375 0.0265625
3 0.57734375 0.58359375 0.01953125 0.0265625
3 0.5015625 0.56796875 0.01640625 0.0234375
3 0.4703125 0.53046875 0.01328125 0.0203125
2 0.49296875 0.5015625 0.028125 0.0515625
7 0.35625 0.50859375 0.00390625 0.01328125
1 0.35 0.50234375 0.00390625 0.01015625
7 0.35 0.49609375 0.00390625 0.01171875
1 0.35546875 0.51328125 0.00390625 0.01328125
3 0.44765625 0.4890625 0.01484375 0.02109375
3 0.4375 0.47734375 0.01171875 0.015625
3 0.453125 0.46796875 0.0140625 0.01875
3 0.4671875 0.46484375 0.01328125 0.01640625
3 0.43515625 0.446875 0.0125 0.01484375
3 0.49375 0.46328125 0.01484375 0.01796875
3 0.503125 0.47421875 0.0140625 0.01640625
3 0.51171875 0.48359375 0.01328125 0.015625
10 0.45390625 0.421875 0.01484375 0.015625
3 0.51953125 0.4953125 0.01484375 0.01640625
3 0.4625 0.4296875 0.0125 0.01484375
3 0.4453125 0.415625 0.0109375 0.01328125
3 0.4390625 0.40859375 0.0109375 0.01328125
3 0.43203125 0.40234375 0.01015625 0.01171875
3 0.42421875 0.396875 0.01171875 0.01328125
3 0.42890625 0.421875 0.01015625 0.01328125
3 0.41953125 0.43203125 0.009375 0.01171875
3 0.40625 0.43046875 0.0109375 0.01484375
3 0.40703125 0.4125 0.01015625 0.01171875
3 0.4015625 0.42109375 0.0109375 0.01328125
3 0.3921875 0.41328125 0.01171875 0.01171875
3 0.38203125 0.4015625 0.01015625 0.0140625
3 0.390625 0.39921875 0.01015625 0.01015625
3 0.390625 0.38671875 0.0109375 0.01328125
3 0.36953125 0.390625 0.01015625 0.0109375
3 0.375 0.384375 0.01015625 0.01171875
3 0.3734375 0.3734375 0.009375 0.009375
3 0.35703125 0.37890625 0.009375 0.0109375
2 0.35625 0.36328125 0.01953125 0.0234375
3 0.3765625 0.34765625 0.01328125 0.00859375
3 0.34375 0.34453125 0.01328125 0.00703125
3 0.33203125 0.359375 0.01015625 0.01015625
3 0.3375 0.35703125 0.00859375 0.009375
3 0.3453125 0.3546875 0.00859375 0.009375
3 0.321875 0.35234375 0.01015625 0.01015625
3 0.3171875 0.34375 0.009375 0.009375
3 0.559375 0.50859375 0.02421875 0.015625
3 0.553125 0.49921875 0.0234375 0.0140625
3 0.55078125 0.4890625 0.01640625 0.01640625
3 0.5765625 0.4828125 0.01171875 0.01796875
3 0.5625 0.47890625 0.01328125 0.01640625
3 0.53359375 0.47890625 0.01640625 0.01796875
3 0.55234375 0.46796875 0.01484375 0.01640625
3 0.515625 0.46953125 0.01171875 0.0140625
3 0.5 0.453125 0.0140625 0.01171875
3 0.50859375 0.46015625 0.01171875 0.01328125
10 0.5234375 0.44296875 0.01640625 0.015625
2 0.1265625 0.396875 0.01484375 0.03125
2 0.14296875 0.41796875 0.0125 0.03359375
2 0.140625 0.3984375 0.01171875 0.02421875
2 0.1109375 0.4171875 0.01328125 0.03203125
2 0.1109375 0.40078125 0.01171875 0.021875
2 0.115625 0.36953125 0.0109375 0.0265625
2 0.0734375 0.40234375 0.0125 0.02890625
2 0.01015625 0.434375 0.01953125 0.04140625
2 0.1015625 0.36953125 0.01171875 0.021875
2 0.07109375 0.46953125 0.06796875 0.04453125
1 0.29140625 0.79296875 0.00703125 0.02578125
1 0.25234375 0.85078125 0.01875 0.0203125
1 0.2359375 0.875 0.01953125 0.01875
1 0.2359375 0.865625 0.01484375 0.01875
1 0.1890625 0.91171875 0.01953125 0.02578125
1 0.17421875 0.92578125 0.01953125 0.03125
1 0.18203125 0.92421875 0.01328125 0.0296875
1 0.2171875 0.79609375 0.01796875 0.02421875
1 0.2234375 0.7796875 0.01796875 0.0203125
1 0.1390625 0.93671875 0.00859375 0.0390625
10 0.2296875 0.321875 0.0109375 0.01015625
10 0.26640625 0.275 0.0078125 0.00703125
3 0.4125 0.36640625 0.009375 0.0109375
3 0.4703125 0.40703125 0.01171875 0.015625
3 0.48125 0.415625 0.0109375 0.0140625