3 0.40234375 0.66484375 0.05 0.08671875
3 0.33671875 0.68046875 0.040625 0.05625
3 0.325 0.590625 0.03828125 0.1
3 0.371875 0.56015625 0.0390625 0.08671875
3 0.3625 0.48203125 0.03359375 0.06328125
3 0.3140625 0.49140625 0.03046875 0.06640625
3 0.3515625 0.4171875 0.0296875 0.053125
3 0.3046875 0.42421875 0.0265625 0.05703125
3 0.3390625 0.36640625 0.0265625 0.046875
3 0.296875 0.365625 0.025 0.053125
3 0.32734375 0.321875 0.02421875 0.03828125
3 0.2921875 0.31796875 0.02265625 0.0390625
10 0.3265625 0.28046875 0.0234375 0.04453125
3 0.28984375 0.27421875 0.01796875 0.0296875
3 0.31796875 0.2484375 0.01796875 0.03125
3 0.28671875 0.24140625 0.01640625 0.034375
9 0.315625 0.20859375 0.02109375 0.05078125
3 0.28125 0.21171875 0.01484375 0.025
3 0.28359375 0.190625 0.01484375 0.0234375
3 0.30625 0.19375 0.01328125 0.0234375
9 0.30078125 0.1609375 0.01953125 0.04453125
3 0.27734375 0.16875 0.01328125 0.02421875
10 0.27421875 0.14921875 0.0125 0.02421875
10 0.290625 0.1359375 0.0109375 0.0234375
3 0.27265625 0.1328125 0.01171875 0.02109375
3 0.2890625 0.11875 0.01171875 0.01796875
3 0.26484375 0.109375 0.0109375 0.01796875
9 0.284375 0.08671875 0.01953125 0.05078125
2 0.2640625 0.0671875 0.0140625 0.03984375
9 0.275 0.04609375 0.0109375 0.021875
2 0.26015625 0.03203125 0.01015625 0.028125
3 0.27109375 0.0296875 0.00703125 0.009375
3 0.26953125 0.01875 0.00625 0.01015625
3 0.25859375 0.015625 0.00625 0.00859375
3 0.25859375 0.01015625 0.00625 0.00703125
10 0.25859375 0.00546875 0.00703125 0.01015625
3 0.26875 0.0078125 0.00546875 0.00859375
10 0.26796875 0.00390625 0.00546875 0.00703125