3 0.478125 0.1828125 0.0046875 0.00625
10 0.471875 0.20859375 0.0046875 0.009375
7 0.47421875 0.22265625 0.003125 0.0046875
4 0.47421875 0.22421875 0.003125 0.0046875
3 0.48046875 0.2234375 0.009375 0.0109375
6 0.496875 0.196875 0.003125 0.00625
6 0.49453125 0.196875 0.0046875 0.00625
7 0.49140625 0.22109375 0.0046875 0.00625
4 0.49140625 0.221875 0.003125 0.0046875
7 0.49296875 0.22578125 0.003125 0.00625
4 0.4921875 0.228125 0.0046875 0.00625
0 0.496875 0.23359375 0.0046875 0.00625
3 0.4984375 0.23984375 0.00625 0.00625
3 0.490625 0.234375 0.0046875 0.009375
3 0.48828125 0.2375 0.0078125 0.0078125
6 0.47109375 0.2390625 0.003125 0.009375
6 0.475 0.240625 0.003125 0.00625
7 0.4796875 0.24140625 0.003125 0.0046875
4 0.48046875 0.2453125 0.0046875 0.00625
7 0.484375 0.24140625 0.0046875 0.00625
3 0.48671875 0.24609375 0.0078125 0.0109375
0 0.4953125 0.24921875 0.0046875 0.009375
7 0.4984375 0.24765625 0.0046875 0.00625
4 0.4984375 0.25078125 0.0046875 0.009375
6 0.48828125 0.2515625 0.0046875 0.00625
6 0.490625 0.2578125 0.0046875 0.009375
6 0.48046875 0.25390625 0.0046875 0.009375
6 0.47578125 0.246875 0.003125 0.009375
7 0.47109375 0.2453125 0.0015625 0.0046875
4 0.471875 0.25 0.0046875 0.00625
3 0.465625 0.2515625 0.0078125 0.0109375
3 0.46484375 0.26015625 0.0046875 0.00625
7 0.47265625 0.2578125 0.0046875 0.00625
4 0.47421875 0.26015625 0.0046875 0.00625
7 0.46796875 0.26640625 0.0046875 0.00625
4 0.46796875 0.2703125 0.0046875 0.00625
7 0.47421875 0.26328125 0.003125 0.0046875
4 0.475 0.26875 0.0046875 0.00625
7 0.4828125 0.26953125 0.0046875 0.009375
4 0.4828125 0.27421875 0.0046875 0.009375
7 0.4875 0.27109375 0.0046875 0.00625
4 0.4890625 0.27578125 0.0046875 0.00625
3 0.5046875 0.259375 0.0078125 0.0109375
3 0.5046875 0.26640625 0.009375 0.0109375
3 0.5078125 0.2734375 0.009375 0.0109375
6 0.5 0.278125 0.003125 0.0125
3 0.49453125 0.28203125 0.0078125 0.0125
7 0.4875 0.28359375 0.0046875 0.00625
4 0.48828125 0.28515625 0.0046875 0.0125
3 0.47890625 0.284375 0.0078125 0.0140625
6 0.4703125 0.28125 0.0046875 0.009375
3 0.4625 0.28359375 0.0078125 0.0140625
6 0.46640625 0.2796875 0.0046875 0.0125
7 0.4609375 0.28671875 0.0046875 0.00625
4 0.46171875 0.29140625 0.0046875 0.009375
0 0.4578125 0.29921875 0.009375 0.0171875
7 0.4640625 0.2984375 0.0046875 0.00625
1 0.46484375 0.30234375 0.0078125 0.0109375
7 0.49140625 0.29296875 0.0046875 0.00625
4 0.4921875 0.296875 0.0046875 0.009375
7 0.49140625 0.29921875 0.0046875 0.00625
4 0.49140625 0.303125 0.0046875 0.009375
6 0.48984375 0.30703125 0.0046875 0.009375
7 0.484375 0.2984375 0.0046875 0.00625
4 0.48515625 0.30390625 0.0046875 0.00625
7 0.47265625 0.3 0.0046875 0.0109375
4 0.4734375 0.30703125 0.0046875 0.0109375
3 0.46015625 0.31015625 0.0078125 0.0125
10 0.46171875 0.3234375 0.0109375 0.0171875
7 0.49375 0.3203125 0.0046875 0.009375
4 0.49453125 0.32578125 0.0046875 0.009375
7 0.49375 0.33359375 0.0046875 0.009375
4 0.49453125 0.33984375 0.0046875 0.009375
7 0.47265625 0.334375 0.0046875 0.009375
4 0.475 0.340625 0.0046875 0.009375
7 0.4671875 0.3375 0.0046875 0.009375
4 0.46796875 0.34375 0.0046875 0.00625
7 0.46796875 0.35 0.0046875 0.009375
4 0.46953125 0.35625 0.0046875 0.009375
6 0.4609375 0.353125 0.00625 0.015625
7 0.49609375 0.34765625 0.0046875 0.009375
1 0.496875 0.35234375 0.0046875 0.009375
7 0.5 0.35703125 0.0046875 0.0140625
9 0.4890625 0.36640625 0.03125 0.0265625
7 0.4640625 0.35859375 0.0046875 0.00625
4 0.465625 0.36328125 0.0046875 0.009375
6 0.4953125 0.40625 0.009375 0.01875
3 0.52421875 0.42109375 0.0125 0.0203125
3 0.45078125 0.37265625 0.0125 0.0203125
6 0.4546875 0.39140625 0.00625 0.015625
3 0.44765625 0.38828125 0.0109375 0.0234375
7 0.5015625 0.43125 0.0046875 0.009375
4 0.50234375 0.43359375 0.00625 0.021875
3 0.4453125 0.4109375 0.015625 0.025
0 0.44609375 0.42421875 0.0125 0.025
7 0.50390625 0.453125 0.0046875 0.0125
7 0.4734375 0.45 0.0078125 0.0140625
4 0.47421875 0.45703125 0.0078125 0.015625
7 0.47109375 0.46640625 0.0046875 0.0125
4 0.471875 0.47578125 0.009375 0.0171875
7 0.48828125 0.50546875 0.00625 0.0140625
4 0.48984375 0.5171875 0.009375 0.0171875
3 0.44453125 0.44140625 0.0125 0.0234375
3 0.43984375 0.4546875 0.01875 0.021875
6 0.4515625 0.45546875 0.00625 0.015625
6 0.4484375 0.459375 0.009375 0.0171875
6 0.4421875 0.4625 0.009375 0.0203125
6 0.4578125 0.4765625 0.00625 0.025
6 0.45 0.47734375 0.009375 0.021875
6 0.4453125 0.48046875 0.009375 0.0234375
7 0.44375 0.51015625 0.009375 0.021875
4 0.44453125 0.51484375 0.00625 0.01875
3 0.43046875 0.53046875 0.021875 0.0328125
7 0.46171875 0.5578125 0.009375 0.0203125
4 0.4625 0.56640625 0.009375 0.0171875
3 0.50703125 0.57421875 0.0234375 0.0375
3 0.4265625 0.5609375 0.0234375 0.03125
10 0.41875 0.58515625 0.0203125 0.0359375
3 0.42265625 0.62421875 0.0296875 0.046875
10 0.41171875 0.6671875 0.034375 0.0625
4 0.40625 0.69765625 0.015625 0.0265625
6 0.44296875 0.56953125 0.009375 0.025
7 0.44453125 0.6265625 0.0125 0.0203125
4 0.44453125 0.6359375 0.009375 0.0203125
7 0.5140625 0.6359375 0.009375 0.021875
4 0.51640625 0.646875 0.009375 0.0234375
3 0.54765625 0.67890625 0.0296875 0.053125
3 0.5609375 0.75390625 0.04375 0.065625
3 0.584375 0.81875 0.034375 0.0625
6 0.565625 0.82265625 0.015625 0.046875
6 0.525 0.6671875 0.0109375 0.034375
1 0.53046875 0.67578125 0.0078125 0.03125
7 0.503125 0.66015625 0.009375 0.021875
4 0.50390625 0.6703125 0.0109375 0.028125
7 0.50859375 0.71953125 0.0125 0.0265625
7 0.50859375 0.7171875 0.0140625 0.0328125
4 0.50859375 0.71953125 0.015625 0.0390625
7 0.5265625 0.81796875 0.0140625 0.0296875
1 0.52890625 0.8296875 0.0125 0.0359375
7 0.49609375 0.76328125 0.0109375 0.028125
4 0.49765625 0.77265625 0.0125 0.0359375
7 0.5046875 0.80625 0.009375 0.01875
7 0.50546875 0.796875 0.0125 0.0265625
4 0.50703125 0.80859375 0.0109375 0.03125
7 0.44609375 0.76875 0.0109375 0.025
4 0.4484375 0.78359375 0.0140625 0.03125
7 0.64609375 0.90234375 0.0171875 0.0328125
3 0.61015625 0.9734375 0.0328125 0.034375
3 0.4828125 0.9421875 0.046875 0.0890625
3 0.40234375 0.94609375 0.053125 0.0984375
3 0.39453125 0.80390625 0.0375 0.065625
3 0.3671875 0.98984375 0.040625 0.0203125
4 0.37109375 0.9609375 0.03125 0.046875
7 0.515625 0.859375 0.0125 0.028125
7 0.51796875 0.8546875 0.009375 0.0171875
4 0.51796875 0.87265625 0.0125 0.0359375
7 0.44140625 0.8265625 0.0125 0.0265625
4 0.44375 0.84375 0.0140625 0.0328125
7 0.44140625 0.8953125 0.009375 0.0171875
7 0.44140625 0.890625 0.0140625 0.0328125
7 0.44140625 0.884375 0.0140625 0.0296875
4 0.44375 0.9078125 0.01875 0.0421875
7 0.178125 0.98515625 0.0140625 0.028125
6 0.18515625 0.9859375 0.009375 0.01875
7 0.196875 0.959375 0.0140625 0.0359375
7 0.2140625 0.95390625 0.0171875 0.028125
7 0.18125 0.95625 0.015625 0.0359375
7 0.165625 0.959375 0.0203125 0.0328125
4 0.171875 0.92578125 0.0328125 0.0390625
4 0.2359375 0.890625 0.0265625 0.0328125
6 0.21015625 0.86171875 0.009375 0.025
7 0.19609375 0.85859375 0.015625 0.0328125
1 0.19296875 0.83515625 0.025 0.0265625
4 0.384375 0.87109375 0.0171875 0.0375
6 0.33046875 0.9125 0.0078125 0.025
7 0.32421875 0.93203125 0.0125 0.021875
4 0.35 0.88359375 0.025 0.0265625
4 0.346875 0.86171875 0.021875 0.021875
4 0.34453125 0.8484375 0.025 0.028125
4 0.3515625 0.84296875 0.025 0.025
4 0.3515625 0.83359375 0.025 0.021875
4 0.22578125 0.59140625 0.0140625 0.0171875
6 0.25390625 0.5640625 0.0109375 0.028125
6 0.26640625 0.5859375 0.0109375 0.028125
4 0.2890625 0.57734375 0.0140625 0.0171875
4 0.28671875 0.56640625 0.01875 0.0203125
10 0.2734375 0.51875 0.0296875 0.0390625
3 0.2953125 0.50078125 0.015625 0.021875
4 0.31171875 0.48203125 0.0140625 0.0171875
7 0.30234375 0.4734375 0.0078125 0.0140625
7 0.3375 0.4859375 0.0046875 0.0125
7 0.3390625 0.4796875 0.0046875 0.00625
7 0.33671875 0.4765625 0.0046875 0.0125
7 0.3328125 0.47890625 0.0046875 0.0125
7 0.33125 0.4734375 0.00625 0.0125
7 0.33515625 0.46484375 0.00625 0.015625
4 0.3296875 0.45390625 0.0078125 0.015625
7 0.34140625 0.45859375 0.0046875 0.0125
7 0.34921875 0.45546875 0.00625 0.0125
6 0.353125 0.4578125 0.0046875 0.0125
7 0.35390625 0.44375 0.0078125 0.0140625
7 0.36015625 0.44296875 0.0078125 0.0140625
7 0.35546875 0.42578125 0.0046875 0.0125
7 0.3625 0.43203125 0.0046875 0.009375
7 0.36015625 0.4171875 0.00625 0.009375
6 0.34375 0.42890625 0.00625 0.0203125