10 0.53671875 0.60703125 0.07890625 0.06640625
4 0.5546875 0.56875 0.01171875 0.0359375
6 0.57734375 0.525 0.00859375 0.040625
6 0.446875 0.515625 0.009375 0.03671875
10 0.50859375 0.50703125 0.05859375 0.0546875
3 0.4875 0.45703125 0.0546875 0.04296875
3 0.475 0.43671875 0.03984375 0.03046875
3 0.44453125 0.41484375 0.05390625 0.040625
4 0.48359375 0.39296875 0.01640625 0.02109375
10 0.41328125 0.36171875 0.02421875 0.05390625
6 0.43203125 0.359375 0.00546875 0.0296875
10 0.415625 0.32890625 0.03046875 0.03046875
3 0.42890625 0.31484375 0.03359375 0.028125
8 0.4140625 0.27890625 0.01953125 0.01796875
6 0.3890625 0.275 0.00390625 0.02421875
3 0.41171875 0.246875 0.02890625 0.021875
6 0.39375 0.234375 0.00546875 0.02109375
6 0.3875 0.22578125 0.00390625 0.0203125
6 0.38203125 0.2125 0.003125 0.01953125
3 0.403125 0.18203125 0.025 0.02109375
6 0.3953125 0.17890625 0.00390625 0.01484375
10 0.37890625 0.15078125 0.01015625 0.01875
7 0.3734375 0.1640625 0.00234375 0.0109375
1 0.37265625 0.16875 0.00390625 0.01015625
7 0.3640625 0.17578125 0.00390625 0.01171875
4 0.3640625 0.1828125 0.00390625 0.01015625
3 0.375 0.134375 0.01171875 0.01328125
3 0.39140625 0.13359375 0.01640625 0.01171875
3 0.35546875 0.15859375 0.01171875 0.0203125
8 0.37265625 0.1125 0.00859375 0.01796875
7 0.36328125 0.1140625 0.003125 0.009375
1 0.36328125 0.11796875 0.00234375 0.009375
7 0.36796875 0.0984375 0.003125 0.00859375
4 0.3671875 0.10234375 0.00390625 0.00859375
7 0.3625 0.09375 0.00234375 0.009375
4 0.36171875 0.096875 0.003125 0.00625
6 0.36953125 0.09453125 0.00234375 0.009375
6 0.37265625 0.09375 0.00234375 0.01015625
3 0.359375 0.07890625 0.00546875 0.01015625
3 0.35 0.10703125 0.00703125 0.0140625
0 0.353125 0.09375 0.00390625 0.009375
3 0.35 0.0859375 0.00546875 0.01015625
3 0.34921875 0.0734375 0.00546875 0.00859375
3 0.3359375 0.11328125 0.00859375 0.01328125
3 0.3375 0.1015625 0.00546875 0.01015625
6 0.3296875 0.09453125 0.00234375 0.00859375
4 0.32890625 0.0984375 0.00234375 0.00859375
6 0.32109375 0.10390625 0.00234375 0.01015625
6 0.31875 0.09453125 0.00234375 0.0109375
3 0.32421875 0.075 0.00546875 0.009375
3 0.325 0.06796875 0.00546875 0.009375
7 0.321875 0.1609375 0.00390625 0.0109375
4 0.32265625 0.1671875 0.00234375 0.01015625
7 0.31484375 0.175 0.00390625 0.01328125
1 0.31484375 0.18046875 0.003125 0.0109375
8 0.3078125 0.1875 0.00703125 0.015625
3 0.3140625 0.13203125 0.00859375 0.01640625
10 0.2953125 0.24140625 0.0140625 0.028125
10 0.21328125 0.68671875 0.03671875 0.04375
3 0.2515625 0.49140625 0.03203125 0.06171875
3 0.26484375 0.4265625 0.02578125 0.05625
7 0.28671875 0.33046875 0.00625 0.015625
7 0.28671875 0.3234375 0.00625 0.015625
4 0.2859375 0.33359375 0.0046875 0.01640625
7 0.29609375 0.32890625 0.00625 0.021875
4 0.29609375 0.33828125 0.00390625 0.01328125
6 0.30234375 0.3265625 0.00390625 0.025
6 0.29765625 0.3171875 0.00546875 0.0234375
6 0.2015625 0.26171875 0.00546875 0.02109375
4 0.15859375 0.30390625 0.01328125 0.0203125
4 0.03984375 0.5515625 0.02734375 0.03203125
4 0.01015625 0.54765625 0.0203125 0.0265625
8 0.08671875 0.4703125 0.028125 0.04296875
4 0.09609375 0.4421875 0.02265625 0.02109375
4 0.08203125 0.4484375 0.0234375 0.021875
4 0.065625 0.453125 0.02421875 0.021875
4 0.06015625 0.46171875 0.01953125 0.02109375
7 0.1890625 0.29296875 0.00546875 0.0203125
7 0.19375 0.2890625 0.00703125 0.01875
7 0.1828125 0.2859375 0.00703125 0.015625
6 0.140625 0.31328125 0.0046875 0.03203125
3 0.2671875 0.2109375 0.02734375 0.02109375
3 0.27109375 0.2015625 0.02421875 0.01796875
3 0.2484375 0.18125 0.025 0.01640625
3 0.2390625 0.16953125 0.02265625 0.01484375
3 0.2828125 0.1609375 0.02109375 0.015625
3 0.28671875 0.1484375 0.02109375 0.015625
4 0.253125 0.1390625 0.01015625 0.01015625
4 0.26015625 0.13515625 0.00703125 0.009375
3 0.2875 0.10703125 0.015625 0.01015625
3 0.271875 0.10625 0.0140625 0.009375
4 0.18515625 0.22421875 0.01015625 0.01484375