4 0.52109375 0.615625 0.0390625 0.04921875
4 0.54453125 0.59921875 0.046875 0.05078125
4 0.53046875 0.57109375 0.04921875 0.0484375
4 0.51796875 0.55703125 0.028125 0.0515625
7 0.52265625 0.6109375 0.02109375 0.071875
7 0.54296875 0.590625 0.01796875 0.05390625
7 0.5390625 0.56953125 0.01640625 0.05078125
7 0.5453125 0.56328125 0.01484375 0.046875
7 0.51875 0.546875 0.01640625 0.05625
6 0.5609375 0.55625 0.01328125 0.05703125
6 0.47265625 0.40859375 0.01171875 0.046875
6 0.4625 0.39765625 0.0078125 0.03203125
6 0.4859375 0.275 0.00859375 0.04453125
6 0.50859375 0.22578125 0.00859375 0.034375
7 0.5078125 0.2171875 0.0046875 0.015625
6 0.6609375 0.31328125 0.01640625 0.04453125
6 0.64921875 0.309375 0.01328125 0.0390625
6 0.67421875 0.22421875 0.01015625 0.0390625
6 0.66484375 0.21953125 0.0109375 0.034375
6 0.696875 0.19453125 0.0109375 0.03203125
6 0.65859375 0.184375 0.01015625 0.03203125
6 0.6515625 0.18203125 0.01015625 0.03203125
4 0.69453125 0.0921875 0.0109375 0.01953125
1 0.62734375 0.121875 0.01640625 0.01953125
7 0.63125 0.1078125 0.00546875 0.025
7 0.62734375 0.10703125 0.00546875 0.021875
7 0.621875 0.11328125 0.00703125 0.01875
7 0.6140625 0.11875 0.00703125 0.0203125
7 0.6078125 0.128125 0.00859375 0.0234375
7 0.60625 0.1375 0.00859375 0.02890625
7 0.60078125 0.140625 0.00703125 0.02421875
7 0.596875 0.15078125 0.01015625 0.0234375
7 0.596875 0.153125 0.00859375 0.02109375
7 0.59453125 0.1734375 0.00859375 0.015625
7 0.59609375 0.1796875 0.01171875 0.02578125
7 0.59609375 0.20625 0.01015625 0.03359375
8 0.58125 0.2265625 0.03984375 0.0296875
1 0.62890625 0.0484375 0.009375 0.01484375
6 0.57578125 0.0515625 0.00625 0.02109375
6 0.57890625 0.07421875 0.00859375 0.0234375
6 0.57265625 0.06953125 0.00625 0.02421875
6 0.5703125 0.06640625 0.00703125 0.025
6 0.571875 0.0671875 0.00546875 0.02109375
4 0.475 0.00390625 0.00625 0.0078125
7 0.484375 0.00703125 0.009375 0.0140625
7 0.484375 0.00625 0.00703125 0.01171875
7 0.48984375 0.009375 0.00859375 0.0140625
7 0.49296875 0.01171875 0.00703125 0.0140625
4 0.4921875 0.01875 0.009375 0.01171875
1 0.465625 0.0640625 0.00546875 0.015625
7 0.43984375 0.084375 0.00859375 0.02109375
8 0.44375 0.08828125 0.0234375 0.0234375
0 0.41640625 0.07265625 0.01953125 0.034375
6 0.42421875 0.05703125 0.00390625 0.0234375
7 0.40078125 0.0640625 0.0046875 0.01796875
8 0.40390625 0.06875 0.02421875 0.01875
6 0.4203125 0.0328125 0.00390625 0.01953125
6 0.44140625 0.0375 0.00546875 0.02890625
6 0.44453125 0.02734375 0.00546875 0.01953125
6 0.4453125 0.0234375 0.0046875 0.01953125
6 0.4578125 0.02890625 0.00390625 0.01953125
6 0.46328125 0.02421875 0.00390625 0.01796875
6 0.29140625 0.0078125 0.00859375 0.015625
6 0.2953125 0.025 0.0046875 0.021875
6 0.246875 0.01171875 0.00703125 0.01953125
6 0.43046875 0.14609375 0.00625 0.03125
6 0.4375 0.20390625 0.00859375 0.03359375
6 0.434375 0.1921875 0.00703125 0.0359375
6 0.390625 0.1015625 0.00546875 0.02890625
7 0.37890625 0.1 0.00546875 0.01875
1 0.37890625 0.1046875 0.01015625 0.01875
6 0.3703125 0.0984375 0.0046875 0.0265625
7 0.06328125 0.69765625 0.02109375 0.02109375
4 0.02265625 0.63828125 0.03046875 0.06171875
0 0.0125 0.53828125 0.025 0.12109375
8 0.04453125 0.553125 0.03515625 0.07109375
4 0.06875 0.56484375 0.02265625 0.059375
4 0.06796875 0.52265625 0.01796875 0.0546875
3 0.03046875 0.46484375 0.0609375 0.0796875
0 0.03984375 0.39921875 0.04140625 0.08515625
4 0.015625 0.3796875 0.0234375 0.03359375
1 0.03125 0.303125 0.04765625 0.05390625
7 0.084375 0.3328125 0.01484375 0.0359375
7 0.0859375 0.328125 0.01484375 0.03125
7 0.0625 0.40546875 0.01015625 0.0265625
7 0.06640625 0.396875 0.0125 0.021875
3 0.04921875 0.33203125 0.08125 0.0796875
7 0.00234375 0.0890625 0.00390625 0.01640625
7 0.0015625 0.08203125 0.003125 0.0234375
3 0.015625 0.04921875 0.03125 0.0265625
10 0.009375 0.1296875 0.01875 0.05
1 0.00546875 0.03125 0.01015625 0.015625
3 0.015625 0.02265625 0.03125 0.025
3 0.025 0.00859375 0.03515625 0.01640625
3 0.0546875 0.00625 0.021875 0.0125
3 0.06953125 0.009375 0.0171875 0.01875
7 0.0671875 0.01875 0.00546875 0.01796875
7 0.06875 0.01796875 0.0046875 0.01171875
4 0.0671875 0.021875 0.00703125 0.01640625
7 0.0671875 0.0890625 0.00703125 0.021875
4 0.06796875 0.09296875 0.00625 0.021875
3 0.14375 0.01015625 0.03125 0.01875
3 0.140625 0.01875 0.0234375 0.01953125
3 0.14609375 0.02578125 0.02578125 0.0234375
3 0.1375 0.05 0.03125 0.02421875
3 0.090625 0.0640625 0.0265625 0.02421875
7 0.090625 0.07421875 0.00625 0.01875
1 0.09140625 0.07890625 0.0046875 0.01953125
1 0.09375 0.11640625 0.00859375 0.01875
6 0.0828125 0.12734375 0.00546875 0.0265625
6 0.0859375 0.12578125 0.00703125 0.0296875
4 0.14609375 0.078125 0.01484375 0.015625
3 0.12421875 0.065625 0.01953125 0.0296875
6 0.13125 0.0765625 0.0046875 0.02109375
3 0.1125 0.08671875 0.03515625 0.02578125
7 0.1078125 0.115625 0.00546875 0.0265625
10 0.12109375 0.1109375 0.04609375 0.034375
3 0.125 0.13671875 0.05390625 0.040625
3 0.10546875 0.16171875 0.04921875 0.0359375
10 0.11640625 0.1734375 0.05625 0.04921875
4 0.08125 0.20859375 0.015625 0.02421875
7 0.128125 0.1796875 0.00859375 0.03515625
7 0.13671875 0.18671875 0.00546875 0.01953125
7 0.134375 0.17734375 0.00390625 0.02890625
7 0.125 0.20546875 0.01015625 0.02109375
0 0.11484375 0.19765625 0.02578125 0.0546875
0 0.0890625 0.2359375 0.0203125 0.040625
10 0.02265625 0.23671875 0.0453125 0.05859375
3 0.071875 0.2765625 0.0671875 0.0546875
7 0.10078125 0.6390625 0.01640625 0.025
7 0.109375 0.61875 0.01484375 0.0453125
7 0.13515625 0.603125 0.01640625 0.03828125
7 0.14453125 0.5765625 0.01328125 0.0609375
7 0.12265625 0.578125 0.01328125 0.0609375
7 0.1359375 0.57890625 0.02109375 0.0359375
7 0.1421875 0.51328125 0.01171875 0.046875
7 0.1578125 0.51171875 0.01640625 0.03515625
7 0.16015625 0.4984375 0.01328125 0.03515625
7 0.16640625 0.44609375 0.01953125 0.0359375
7 0.16328125 0.4375 0.0109375 0.0265625
6 0.27421875 0.578125 0.01484375 0.06328125
6 0.25 0.553125 0.01484375 0.0609375
6 0.215625 0.50703125 0.00859375 0.03125
6 0.2078125 0.503125 0.01171875 0.05546875
6 0.28046875 0.30859375 0.00859375 0.04453125
6 0.29375 0.30625 0.01015625 0.046875
6 0.359375 0.31328125 0.00625 0.03984375
6 0.321875 0.19453125 0.0078125 0.03515625
7 0.35625 0.0828125 0.00546875 0.015625
7 0.3578125 0.07421875 0.00390625 0.01484375
7 0.3546875 0.07890625 0.00390625 0.0109375
7 0.35234375 0.0890625 0.00625 0.01640625
7 0.35078125 0.08203125 0.00390625 0.01484375
7 0.34765625 0.07890625 0.00546875 0.01171875
7 0.34296875 0.08671875 0.00546875 0.028125
7 0.34140625 0.084375 0.00703125 0.0140625
7 0.33984375 0.07578125 0.00546875 0.02421875
7 0.3375 0.0765625 0.0046875 0.01640625
6 0.3265625 0.10859375 0.00859375 0.0296875
7 0.32421875 0.08203125 0.00546875 0.01796875
7 0.31796875 0.07890625 0.0046875 0.01953125
7 0.3078125 0.0859375 0.00546875 0.01640625
7 0.3015625 0.0890625 0.0046875 0.009375
7 0.30625 0.07890625 0.0046875 0.01640625
7 0.2890625 0.084375 0.00703125 0.02421875
7 0.27578125 0.0890625 0.00625 0.01796875
7 0.25703125 0.08828125 0.00546875 0.021875
7 0.25234375 0.08671875 0.00625 0.0296875
7 0.24765625 0.090625 0.00546875 0.025
4 0.22109375 0.0640625 0.00625 0.0234375
4 0.21640625 0.08359375 0.00625 0.02421875
7 0.21328125 0.0859375 0.00546875 0.02890625
7 0.2125 0.1125 0.00546875 0.03046875
7 0.10859375 0.3671875 0.01484375 0.04140625
7 0.13515625 0.3984375 0.0125 0.0265625
7 0.13515625 0.3859375 0.01171875 0.02109375
7 0.11640625 0.32109375 0.01171875 0.0203125
8 0.11875 0.29921875 0.03984375 0.034375
7 0.10859375 0.2828125 0.01015625 0.02890625
7 0.1140625 0.28046875 0.0109375 0.034375
7 0.11171875 0.275 0.0078125 0.0296875
7 0.1125 0.2484375 0.01015625 0.021875
7 0.1140625 0.23984375 0.01015625 0.021875
7 0.11640625 0.23203125 0.00859375 0.01875
6 0.15546875 0.1359375 0.00859375 0.0296875
7 0.15390625 0.153125 0.00859375 0.01953125
7 0.14765625 0.18203125 0.01015625 0.0203125
7 0.15 0.178125 0.00703125 0.01796875
7 0.17890625 0.2109375 0.00703125 0.01875
7 0.178125 0.20703125 0.01171875 0.02421875
7 0.15546875 0.2109375 0.00703125 0.03125
7 0.16328125 0.20703125 0.00546875 0.02421875
7 0.15859375 0.20703125 0.0078125 0.03203125
7 0.215625 0.18046875 0.00703125 0.0359375
7 0.221875 0.1515625 0.00703125 0.0296875
7 0.2171875 0.15546875 0.00546875 0.025
6 0.18125 0.171875 0.00546875 0.0296875
6 0.18671875 0.14375 0.00546875 0.02890625
6 0.18671875 0.1515625 0.00703125 0.021875
7 0.17265625 0.121875 0.00546875 0.01796875
7 0.17265625 0.13515625 0.00625 0.0296875
7 0.18046875 0.13359375 0.00703125 0.01875
7 0.18046875 0.134375 0.00859375 0.03203125
7 0.2625 0.15703125 0.0046875 0.01015625
6 0.25078125 0.14921875 0.0078125 0.03046875