3 0.33125 0.47734375 0.109375 0.1515625
3 0.28359375 0.6296875 0.071875 0.071875
9 0.39609375 0.2265625 0.1140625 0.1625
3 0.440625 0.078125 0.128125 0.15625
3 0.43203125 0.6640625 0.165625 0.1015625
10 0.48671875 0.60625 0.140625 0.0875
3 0.46484375 0.51953125 0.1640625 0.096875
3 0.51640625 0.4625 0.1265625 0.071875
3 0.53125 0.3875 0.159375 0.0875
3 0.553125 0.3375 0.1453125 0.078125
3 0.53046875 0.259375 0.1203125 0.0734375
3 0.57578125 0.20859375 0.1515625 0.0921875
3 0.58984375 0.09453125 0.115625 0.0765625
6 0.6453125 0.23203125 0.05 0.0234375
6 0.7109375 0.215625 0.0515625 0.0265625
7 0.71953125 0.21953125 0.0265625 0.015625
8 0.69765625 0.0484375 0.0546875 0.0390625
7 0.69375 0.0546875 0.0421875 0.021875
6 0.64765625 0.51171875 0.0296875 0.0125
6 0.6703125 0.521875 0.05 0.0265625
6 0.64453125 0.54296875 0.0375 0.0171875
6 0.60390625 0.60859375 0.05625 0.03125
10 0.7125 0.675 0.075 0.0640625
3 0.72109375 0.621875 0.075 0.0609375
3 0.72734375 0.5828125 0.0828125 0.0625
3 0.7546875 0.528125 0.0734375 0.0765625
7 0.7875 0.5 0.0296875 0.0125
4 0.77265625 0.4953125 0.0265625 0.015625
0 0.74296875 0.47578125 0.0703125 0.03125
3 0.78359375 0.46953125 0.0734375 0.06875
8 0.771875 0.43828125 0.1015625 0.0484375
6 0.80390625 0.49375 0.03125 0.0140625
6 0.80625 0.48671875 0.028125 0.0125
6 0.81796875 0.48046875 0.03125 0.0140625
6 0.81875 0.46796875 0.0328125 0.0171875
4 0.828125 0.47265625 0.028125 0.021875
4 0.82578125 0.45546875 0.028125 0.021875
6 0.784375 0.425 0.0421875 0.01875
6 0.73671875 0.4 0.03125 0.0140625
6 0.78828125 0.41171875 0.040625 0.01875
6 0.79140625 0.396875 0.0328125 0.015625
7 0.8140625 0.3734375 0.0203125 0.0109375
6 0.80703125 0.41015625 0.03125 0.0140625
6 0.8109375 0.41484375 0.01875 0.0078125
4 0.534375 0.67109375 0.0484375 0.04375
3 0.696875 0.71796875 0.071875 0.0640625
3 0.68828125 0.74375 0.0609375 0.0375
0 0.84765625 0.34140625 0.0625 0.0640625
1 0.86328125 0.36796875 0.0328125 0.021875
4 0.8578125 0.353125 0.021875 0.0171875
3 0.871875 0.35234375 0.0265625 0.015625
1 0.88828125 0.33359375 0.0265625 0.0203125
6 0.86953125 0.31328125 0.0453125 0.0203125
3 0.89921875 0.30859375 0.059375 0.065625
3 0.98984375 0.3015625 0.0203125 0.0375
6 0.94140625 0.2390625 0.0359375 0.0171875
3 0.8765625 0.16796875 0.06875 0.05625
3 0.88984375 0.12734375 0.0734375 0.0671875
3 0.99296875 0.2265625 0.0140625 0.046875