6 0.67265625 0.58671875 0.0265625 0.0515625
6 0.68359375 0.578125 0.034375 0.0625
6 0.66015625 0.54140625 0.034375 0.0703125
6 0.6515625 0.5546875 0.0265625 0.0453125
6 0.61015625 0.509375 0.0328125 0.0625
1 0.5421875 0.47890625 0.0296875 0.0578125
3 0.7515625 0.39296875 0.134375 0.16875
6 0.80703125 0.3515625 0.0296875 0.0609375
6 0.7828125 0.28984375 0.028125 0.05625
8 0.8546875 0.1953125 0.04375 0.0546875
8 0.875 0.15625 0.0515625 0.0546875
8 0.85234375 0.11953125 0.0453125 0.0453125
6 0.853125 0.1015625 0.025 0.0421875
7 0.80390625 0.1078125 0.01875 0.025
10 0.853125 0.0703125 0.0828125 0.090625
10 0.85703125 0.04375 0.0609375 0.0828125
4 0.81875 0.00625 0.028125 0.0125
4 0.8 0.0109375 0.025 0.021875
4 0.778125 0.01796875 0.0296875 0.0328125
7 0.746875 0.0328125 0.009375 0.0140625
7 0.7484375 0.03125 0.015625 0.0234375
7 0.740625 0.02109375 0.0140625 0.0234375
8 0.74765625 0.03984375 0.04375 0.0453125
6 0.70859375 0.15390625 0.0265625 0.05
6 0.69765625 0.0546875 0.021875 0.0421875
6 0.69296875 0.0609375 0.01875 0.0375
4 0.65234375 0.07578125 0.0203125 0.0328125
4 0.6359375 0.07578125 0.0171875 0.0328125
7 0.46953125 0.353125 0.0171875 0.0265625
7 0.4609375 0.34453125 0.0234375 0.0390625
1 0.46640625 0.35625 0.03125 0.046875
6 0.728125 0.28671875 0.0265625 0.0515625
7 0.72109375 0.2609375 0.0203125 0.0328125
8 0.66875 0.2578125 0.053125 0.0640625
3 0.321875 0.3828125 0.1046875 0.0921875
3 0.28046875 0.32578125 0.0953125 0.08125
3 0.228125 0.28125 0.05 0.0625
3 0.2296875 0.25234375 0.0703125 0.06875
3 0.51796875 0.26015625 0.090625 0.109375
7 0.62265625 0.21953125 0.021875 0.0328125
6 0.615625 0.23046875 0.025 0.05
8 0.6109375 0.18203125 0.040625 0.0515625
10 0.5875 0.13515625 0.1109375 0.1125
6 0.540625 0.190625 0.025 0.0453125
1 0.54296875 0.19375 0.028125 0.0359375
3 0.40625 0.2078125 0.065625 0.0765625
3 0.36796875 0.15234375 0.0515625 0.0625
7 0.471875 0.2 0.0234375 0.0421875
7 0.4640625 0.18046875 0.0203125 0.0359375
7 0.43984375 0.16640625 0.0234375 0.040625
4 0.47578125 0.2046875 0.0265625 0.034375
1 0.46640625 0.19140625 0.025 0.034375
4 0.4421875 0.17265625 0.0203125 0.03125
6 0.47890625 0.175 0.0171875 0.0359375
3 0.534375 0.15390625 0.0671875 0.0703125
4 0.52734375 0.11484375 0.028125 0.0359375
7 0.51328125 0.10546875 0.01875 0.0328125
1 0.5140625 0.10078125 0.0203125 0.0359375
8 0.49609375 0.0875 0.0375 0.040625
6 0.48203125 0.0578125 0.0171875 0.034375
4 0.49921875 0.11015625 0.025 0.034375
1 0.49140625 0.10859375 0.0234375 0.034375
4 0.4625 0.09140625 0.021875 0.028125
4 0.46640625 0.09453125 0.021875 0.028125
1 0.4734375 0.09921875 0.0234375 0.0296875
4 0.47734375 0.1234375 0.0265625 0.0296875
4 0.48359375 0.103125 0.025 0.034375
4 0.47421875 0.11796875 0.0296875 0.0359375
3 0.18671875 0.12265625 0.0390625 0.04375
3 0.18359375 0.08671875 0.0328125 0.0265625
10 0.21328125 0.09921875 0.040625 0.053125
3 0.2515625 0.12421875 0.046875 0.0515625
3 0.30390625 0.14609375 0.0484375 0.05625
7 0.2859375 0.103125 0.0171875 0.028125
7 0.31953125 0.12109375 0.0171875 0.0296875
4 0.3234375 0.12890625 0.0203125 0.0296875
4 0.2890625 0.1109375 0.0171875 0.0265625
6 0.43984375 0.1109375 0.0171875 0.034375
6 0.44609375 0.1078125 0.015625 0.0296875
6 0.4390625 0.1 0.01875 0.0375
6 0.421875 0.1015625 0.015625 0.03125
3 0.4015625 0.08203125 0.0546875 0.0515625
10 0.38125 0.0703125 0.053125 0.059375
3 0.3640625 0.059375 0.0546875 0.0515625
3 0.33046875 0.04921875 0.053125 0.0484375
3 0.31328125 0.05078125 0.0484375 0.040625
3 0.3015625 0.04921875 0.0390625 0.0296875