3 0.128125 0.5 0.075 0.14453125
3 0.096875 0.2171875 0.04609375 0.075
3 0.19765625 0.21640625 0.04609375 0.07109375
3 0.25625 0.190625 0.03828125 0.06640625
3 0.29296875 0.26171875 0.040625 0.078125
3 0.08046875 0.0640625 0.0421875 0.053125
10 0.30546875 0.14609375 0.0375 0.075
3 0.41953125 0.11171875 0.02890625 0.059375
3 0.4375 0.29375 0.0421875 0.1109375
6 0.42734375 0.4765625 0.01484375 0.06015625
8 0.453125 0.49453125 0.0359375 0.1265625
3 0.54296875 0.528125 0.11796875 0.09921875
3 0.57421875 0.653125 0.12421875 0.10390625
1 0.56015625 0.59453125 0.04921875 0.0453125
3 0.6625 0.4640625 0.02421875 0.06640625