3 0.44296875 0.325 0.1359375 0.0453125
10 0.5609375 0.38828125 0.0953125 0.040625
10 0.70859375 0.4078125 0.0671875 0.0328125
3 0.809375 0.3015625 0.0546875 0.025
3 0.82890625 0.22421875 0.0515625 0.0234375
3 0.7625 0.12421875 0.065625 0.0359375
3 0.57578125 0.021875 0.0640625 0.04375
6 0.59921875 0.07265625 0.05 0.0140625
6 0.5484375 0.12109375 0.04375 0.0140625
6 0.56171875 0.140625 0.040625 0.0125
6 0.58828125 0.1453125 0.04375 0.0109375
3 0.74375 0.02109375 0.078125 0.0421875
3 0.834375 0.0984375 0.0375 0.0546875
3 0.92578125 0.28984375 0.04375 0.0203125
3 0.95703125 0.32109375 0.028125 0.0171875
3 0.97265625 0.33984375 0.025 0.0171875
3 0.97265625 0.2859375 0.028125 0.0171875
3 0.46171875 0.684375 0.1359375 0.0546875
6 0.78046875 0.62734375 0.034375 0.0109375
3 0.878125 0.61796875 0.046875 0.04375
6 0.871875 0.64453125 0.03125 0.009375
4 0.7390625 0.48984375 0.028125 0.0125
6 0.75390625 0.490625 0.03125 0.0109375
6 0.965625 0.42890625 0.025 0.0078125
6 0.97109375 0.5390625 0.021875 0.00625
10 0.8625 0.1078125 0.0421875 0.0453125
3 0.85078125 0.05546875 0.040625 0.0578125
3 0.8703125 0.06875 0.0359375 0.0484375
3 0.88671875 0.07890625 0.0390625 0.0484375
3 0.90546875 0.0890625 0.0265625 0.0421875
3 0.94296875 0.103125 0.0265625 0.0421875
3 0.9203125 0.0984375 0.028125 0.05
6 0.88359375 0.0453125 0.03125 0.0109375
6 0.8703125 0.02421875 0.034375 0.0109375
1 0.95859375 0.0484375 0.015625 0.015625
4 0.903125 0.0171875 0.015625 0.015625
1 0.90859375 0.0203125 0.0125 0.0140625
4 0.96875 0.13359375 0.015625 0.0171875
3 0.95390625 0.1609375 0.025 0.0359375
3 0.9296875 0.1703125 0.034375 0.0203125
3 0.90390625 0.1671875 0.028125 0.0171875
10 0.8828125 0.15859375 0.040625 0.0265625
3 0.84453125 0.15859375 0.0375 0.0328125