3 0.30234375 0.31484375 0.01953125 0.05546875
1 0.28515625 0.2640625 0.00546875 0.01875
7 0.2859375 0.259375 0.0046875 0.02109375
9 0.25859375 0.43203125 0.015625 0.05625
9 0.1234375 0.26640625 0.0515625 0.15859375
7 0.38828125 0.1359375 0.00625 0.01328125
7 0.38515625 0.12890625 0.00703125 0.01015625
4 0.28203125 0.11484375 0.00390625 0.01484375
7 0.2828125 0.1109375 0.00234375 0.01484375
3 0.05078125 0.02109375 0.015625 0.01484375
3 0.05546875 0.0171875 0.01484375 0.01171875
3 0.0671875 0.0265625 0.0171875 0.01484375
6 0.0765625 0.02578125 0.003125 0.01328125
4 0.078125 0.01953125 0.00390625 0.0140625
3 0.03203125 0.05625 0.01875 0.015625
3 0.0453125 0.0546875 0.01640625 0.01484375
3 0.059375 0.053125 0.01484375 0.01640625
3 0.0703125 0.053125 0.01640625 0.01640625
3 0.08203125 0.053125 0.01640625 0.01796875
3 0.09609375 0.04921875 0.01640625 0.0140625
3 0.1046875 0.021875 0.009375 0.01796875
3 0.115625 0.0203125 0.0078125 0.01640625
3 0.14140625 0.10078125 0.0171875 0.0203125
3 0.14140625 0.078125 0.01796875 0.01796875
3 0.1421875 0.05703125 0.021875 0.01875
3 0.14375 0.0453125 0.02109375 0.01484375
3 0.14609375 0.0359375 0.01796875 0.0109375
3 0.15390625 0.01875 0.01953125 0.015625
3 0.15625 0.01171875 0.02109375 0.01484375
6 0.16171875 0.00859375 0.00390625 0.0109375
9 0.2578125 0.07421875 0.01796875 0.078125
4 0.2796875 0.03125 0.003125 0.0109375
7 0.2796875 0.02890625 0.003125 0.009375
7 0.346875 0.02421875 0.0046875 0.01171875
0 0.3265625 0.0421875 0.00703125 0.01953125
3 0.31171875 0.040625 0.0109375 0.01875
3 0.31328125 0.0546875 0.01484375 0.01875
3 0.3125 0.06328125 0.01484375 0.01796875