3 0.5109375 0.475 0.08125 0.0828125
3 0.68359375 0.64453125 0.0375 0.0609375
3 0.6421875 0.79921875 0.0296875 0.046875
4 0.621875 0.86171875 0.009375 0.0171875
3 0.64296875 0.86640625 0.021875 0.03125
3 0.86015625 0.50546875 0.053125 0.090625
6 0.95625 0.7515625 0.0125 0.025
6 0.965625 0.809375 0.0125 0.025
6 0.96953125 0.8265625 0.0109375 0.0203125
6 0.9578125 0.81171875 0.009375 0.025
6 0.95234375 0.81328125 0.0109375 0.0234375
3 0.82734375 0.92109375 0.015625 0.01875
6 0.76484375 0.9328125 0.0078125 0.01875
6 0.76171875 0.9328125 0.009375 0.021875
6 0.71640625 0.82421875 0.0109375 0.021875
6 0.71796875 0.81875 0.009375 0.025
6 0.72265625 0.82265625 0.0109375 0.021875
6 0.73203125 0.828125 0.0109375 0.025
6 0.7234375 0.81171875 0.0109375 0.021875
6 0.7265625 0.81015625 0.0109375 0.021875
7 0.7375 0.8015625 0.0109375 0.021875
1 0.73828125 0.79921875 0.009375 0.021875