3 0.63203125 0.63203125 0.0203125 0.028125
3 0.6140625 0.63125 0.0171875 0.021875
3 0.54375 0.1109375 0.090625 0.1328125
3 0.340625 0.11796875 0.0953125 0.146875
3 0.40859375 0.253125 0.0765625 0.10625
3 0.46953125 0.3921875 0.053125 0.0734375
4 0.3453125 0.2875 0.04375 0.0671875
7 0.3453125 0.284375 0.0265625 0.0375
7 0.35859375 0.3734375 0.0203125 0.0359375
4 0.35625 0.36015625 0.01875 0.03125
1 0.40859375 0.37890625 0.034375 0.053125
7 0.4109375 0.3796875 0.01875 0.0296875
7 0.49921875 0.45234375 0.015625 0.0296875
7 0.50078125 0.45078125 0.01875 0.0296875
4 0.49765625 0.4421875 0.0203125 0.028125
7 0.471875 0.4890625 0.0171875 0.028125
7 0.475 0.49453125 0.0140625 0.025
4 0.471875 0.48515625 0.015625 0.0203125
7 0.5359375 0.49375 0.015625 0.028125
4 0.53125 0.47734375 0.0140625 0.025
7 0.52734375 0.48046875 0.0140625 0.025
4 0.5234375 0.46953125 0.0125 0.0203125
7 0.51171875 0.49453125 0.0140625 0.025
4 0.51015625 0.48515625 0.015625 0.021875
7 0.5046875 0.5015625 0.015625 0.0234375
4 0.50234375 0.4921875 0.015625 0.0234375
4 0.5 0.51015625 0.025 0.0328125
6 0.503125 0.51875 0.015625 0.0234375
7 0.546875 0.559375 0.0109375 0.0171875
4 0.54453125 0.5484375 0.0171875 0.0265625
3 0.56015625 0.22265625 0.0734375 0.1015625