9 0.0921875 0.4078125 0.028125 0.0328125
9 0.08984375 0.4640625 0.028125 0.0265625
9 0.0859375 0.49921875 0.0265625 0.0296875
9 0.08828125 0.51171875 0.021875 0.01875
6 0.096875 0.53515625 0.0109375 0.00625
9 0.10390625 0.5640625 0.025 0.0296875
6 0.10078125 0.59453125 0.0125 0.00625
6 0.1234375 0.640625 0.0125 0.00625
6 0.128125 0.66015625 0.0125 0.00625
6 0.1265625 0.65859375 0.015625 0.00625
9 0.12109375 0.65 0.0234375 0.01875
9 0.11953125 0.634375 0.025 0.01875
9 0.1203125 0.61640625 0.0265625 0.0328125
9 0.12734375 0.60703125 0.025 0.0171875
9 0.13828125 0.60078125 0.028125 0.0234375
9 0.12578125 0.5921875 0.03125 0.025
9 0.13359375 0.57109375 0.028125 0.0234375
7 0.16328125 0.56171875 0.0203125 0.0109375
4 0.1671875 0.56171875 0.015625 0.009375
9 0.15546875 0.42265625 0.053125 0.0703125
9 0.18671875 0.5015625 0.046875 0.046875
3 0.1859375 0.46171875 0.0296875 0.0296875
9 0.2265625 0.4984375 0.0546875 0.0640625
6 0.221875 0.52890625 0.025 0.0109375
6 0.21875 0.52109375 0.0234375 0.0109375
6 0.21875 0.5171875 0.01875 0.009375
8 0.22265625 0.54765625 0.028125 0.0296875
9 0.24453125 0.54765625 0.065625 0.04375
9 0.190625 0.54296875 0.046875 0.0421875
9 0.19609375 0.5625 0.0453125 0.0375
9 0.17265625 0.58671875 0.04375 0.0296875
6 0.14453125 0.59921875 0.015625 0.00625
6 0.1875 0.578125 0.009375 0.0046875
6 0.18515625 0.58515625 0.01875 0.0078125
6 0.19140625 0.584375 0.01875 0.0078125
6 0.190625 0.58828125 0.021875 0.0078125
6 0.25078125 0.56875 0.0296875 0.0125
6 0.25 0.565625 0.025 0.0109375
6 0.25078125 0.5734375 0.025 0.0109375
6 0.246875 0.575 0.025 0.009375
4 0.26171875 0.578125 0.021875 0.0109375
9 0.23515625 0.590625 0.0546875 0.059375
9 0.25859375 0.61328125 0.065625 0.046875
9 0.2625 0.6421875 0.0640625 0.0421875
6 0.23671875 0.65703125 0.0203125 0.0109375
9 0.20625 0.64921875 0.05 0.0390625
9 0.2125 0.67578125 0.0453125 0.0359375
9 0.21875 0.69765625 0.03125 0.025
9 0.2203125 0.72109375 0.0421875 0.0265625
9 0.23984375 0.69140625 0.05625 0.059375
6 0.28984375 0.66328125 0.028125 0.009375
6 0.3234375 0.7171875 0.03125 0.0125
6 0.31953125 0.703125 0.03125 0.0125
6 0.3203125 0.6984375 0.03125 0.0125
9 0.29296875 0.70078125 0.090625 0.09375
9 0.3578125 0.69453125 0.0890625 0.1
9 0.26015625 0.41015625 0.0703125 0.0859375
9 0.21796875 0.3640625 0.0640625 0.0375
9 0.3875 0.53984375 0.121875 0.0640625
6 0.37734375 0.57421875 0.0453125 0.01875
6 0.375 0.5859375 0.0390625 0.0171875
9 0.434375 0.71875 0.10625 0.059375
9 0.33515625 0.77109375 0.071875 0.0484375
9 0.3390625 0.83046875 0.0828125 0.0546875
9 0.2328125 0.80625 0.04375 0.028125
9 0.2234375 0.7453125 0.04375 0.028125
9 0.20234375 0.7671875 0.0484375 0.0359375
6 0.24140625 0.78046875 0.025 0.0109375
6 0.23828125 0.775 0.025 0.0109375
9 0.15234375 0.7546875 0.0328125 0.025
6 0.14296875 0.7484375 0.0140625 0.00625
6 0.1546875 0.77421875 0.015625 0.00625
7 0.1578125 0.77734375 0.009375 0.0046875
9 0.15703125 0.8 0.0296875 0.0203125
9 0.13671875 0.84453125 0.021875 0.0140625
9 0.16875 0.82578125 0.034375 0.0375
7 0.15703125 0.84375 0.0125 0.00625
4 0.16015625 0.84296875 0.0109375 0.0109375
6 0.20625 0.83671875 0.01875 0.009375
9 0.296875 0.86796875 0.0578125 0.046875
9 0.271875 0.88203125 0.05625 0.065625
6 0.21171875 0.871875 0.01875 0.009375
9 0.2359375 0.859375 0.0484375 0.0328125
9 0.1484375 0.928125 0.0203125 0.015625
9 0.16328125 0.925 0.025 0.0234375
6 0.16640625 0.9203125 0.0109375 0.00625
6 0.1640625 0.91484375 0.0140625 0.00625
9 0.178125 0.93671875 0.021875 0.01875
9 0.1828125 0.953125 0.03125 0.025
9 0.17109375 0.9640625 0.028125 0.0359375
6 0.17890625 0.96640625 0.015625 0.00625
6 0.18359375 0.965625 0.0140625 0.00625
6 0.17421875 0.9828125 0.0125 0.0078125
6 0.17890625 0.9859375 0.015625 0.00625
6 0.18984375 0.99140625 0.015625 0.00625
9 0.2515625 0.99140625 0.040625 0.0171875
9 0.27265625 0.9875 0.0515625 0.025
9 0.26953125 0.9765625 0.0421875 0.0421875
9 0.27265625 0.94140625 0.05 0.0609375
6 0.2515625 0.9375 0.0203125 0.0109375
9 0.315625 0.99296875 0.059375 0.0140625
9 0.32109375 0.96953125 0.0703125 0.0609375
9 0.3359375 0.928125 0.071875 0.0890625