3 0.4828125 0.52109375 0.06640625 0.06875
3 0.36015625 0.3125 0.0234375 0.05625
3 0.43984375 0.17421875 0.01953125 0.04296875
4 0.47578125 0.11875 0.00546875 0.01640625
3 0.45703125 0.109375 0.01640625 0.02890625
3 0.153125 0.4015625 0.0328125 0.08359375
6 0.12421875 0.1390625 0.00703125 0.02421875
6 0.13046875 0.08046875 0.00546875 0.0234375
6 0.13125 0.06328125 0.00546875 0.01796875
6 0.13828125 0.08046875 0.00390625 0.025
6 0.14375 0.08046875 0.00546875 0.02109375
3 0.29296875 0.00859375 0.01328125 0.01640625
6 0.35625 0.01328125 0.00390625 0.01953125
6 0.359375 0.0140625 0.00234375 0.02109375
6 0.375 0.13046875 0.00390625 0.02109375
6 0.371875 0.1359375 0.00234375 0.025
6 0.36875 0.13046875 0.0046875 0.02109375
6 0.3609375 0.12265625 0.0046875 0.025
6 0.36484375 0.14140625 0.00390625 0.02109375
6 0.36171875 0.1421875 0.0046875 0.02109375
7 0.3484375 0.146875 0.00546875 0.0203125
1 0.34765625 0.14921875 0.00390625 0.02109375