0 0.2984375 0.178125 0.0578125 0.1109375
4 0.18046875 0.2421875 0.0296875 0.053125
4 0.22734375 0.38046875 0.01875 0.0421875
4 0.246875 0.23203125 0.0328125 0.0625
4 0.28359375 0.50625 0.0234375 0.034375
4 0.21953125 0.54453125 0.015625 0.0296875
4 0.4765625 0.52890625 0.015625 0.028125
4 0.46171875 0.54140625 0.015625 0.03125
4 0.4 0.5984375 0.0125 0.0265625
4 0.41484375 0.61484375 0.015625 0.0265625
4 0.37734375 0.62109375 0.0125 0.025
4 0.40078125 0.625 0.015625 0.0265625
4 0.42578125 0.6328125 0.0140625 0.0234375
4 0.45078125 0.65859375 0.0140625 0.025
4 0.4296875 0.6703125 0.0140625 0.0234375
4 0.44375 0.67421875 0.0109375 0.0203125
4 0.5359375 0.6671875 0.009375 0.0171875
4 0.50390625 0.6859375 0.009375 0.0171875
4 0.46015625 0.7171875 0.0109375 0.0203125
3 0.49375 0.55390625 0.0546875 0.05
7 0.184375 0.25859375 0.0234375 0.0453125
7 0.25078125 0.25 0.0203125 0.0328125
7 0.2453125 0.2375 0.01875 0.0296875
7 0.23125 0.3953125 0.01875 0.0296875
7 0.28359375 0.51640625 0.015625 0.028125
7 0.22109375 0.55078125 0.0171875 0.0328125
7 0.4625 0.54609375 0.0171875 0.0359375
7 0.478125 0.53515625 0.015625 0.0296875
7 0.40234375 0.6046875 0.0140625 0.028125
7 0.41640625 0.6203125 0.015625 0.0296875
7 0.4015625 0.63125 0.0140625 0.0234375
7 0.42890625 0.640625 0.0125 0.025
7 0.45234375 0.665625 0.0140625 0.021875
7 0.43046875 0.67265625 0.015625 0.0265625
7 0.44609375 0.6828125 0.0109375 0.0203125
7 0.5375 0.671875 0.0125 0.025
7 0.50546875 0.68984375 0.0109375 0.0203125
7 0.46171875 0.72109375 0.0109375 0.021875
4 0.0390625 0.2453125 0.0453125 0.0875
3 0.06484375 0.1453125 0.0953125 0.1109375
0 0.109375 0.115625 0.0671875 0.0734375
3 0.1296875 0.3015625 0.0875 0.121875
6 0.171875 0.34375 0.025 0.05625
6 0.1609375 0.3734375 0.0234375 0.0546875
6 0.1359375 0.3734375 0.0203125 0.05
6 0.1390625 0.3796875 0.025 0.0515625
6 0.109375 0.36875 0.0234375 0.0515625
6 0.11640625 0.39140625 0.025 0.0546875
0 0.0625 0.35859375 0.075 0.109375
4 0.20390625 0.59296875 0.025 0.034375
4 0.22109375 0.62578125 0.028125 0.0359375
4 0.22734375 0.628125 0.028125 0.03125
6 0.25 0.63828125 0.0171875 0.0359375
6 0.3 0.64765625 0.0140625 0.034375
4 0.26015625 0.628125 0.015625 0.0328125
1 0.27578125 0.634375 0.0125 0.025
7 0.26171875 0.6328125 0.015625 0.03125
7 0.27734375 0.63984375 0.0125 0.025
4 0.33203125 0.6359375 0.0234375 0.025
8 0.27734375 0.53359375 0.0578125 0.059375
7 0.2671875 0.534375 0.0203125 0.0328125
0 0.3140625 0.64609375 0.028125 0.04375
0 0.30859375 0.57734375 0.0390625 0.053125
4 0.31953125 0.56015625 0.021875 0.03125
7 0.31484375 0.565625 0.015625 0.0265625
7 0.31953125 0.56953125 0.0140625 0.028125
6 0.29453125 0.68125 0.0171875 0.0328125
6 0.26875 0.67265625 0.0140625 0.03125
6 0.27578125 0.68046875 0.0140625 0.03125
3 0.3875 0.65390625 0.034375 0.04375
0 0.3328125 0.6671875 0.0265625 0.040625
6 0.42890625 0.72265625 0.0125 0.025
0 0.4171875 0.7234375 0.0203125 0.0359375
3 0.471875 0.703125 0.025 0.034375
0 0.40625 0.67734375 0.0203125 0.0328125
6 0.4 0.68515625 0.0125 0.0265625
0 0.4328125 0.6078125 0.025 0.04375
8 0.3921875 0.678125 0.0140625 0.021875
3 0.44453125 0.75 0.0296875 0.0296875
7 0.28984375 0.70078125 0.0140625 0.0203125
10 0.27265625 0.74453125 0.0265625 0.0390625
5 0.30390625 0.746875 0.0515625 0.0734375
7 0.29140625 0.77265625 0.009375 0.0140625
6 0.275 0.77109375 0.0140625 0.025
6 0.30390625 0.796875 0.0109375 0.021875
6 0.72109375 0.44140625 0.0203125 0.0390625
6 0.65625 0.640625 0.0125 0.028125
4 0.5375 0.7078125 0.0078125 0.015625
7 0.53828125 0.70703125 0.00625 0.015625
7 0.5390625 0.71171875 0.009375 0.0171875
6 0.56328125 0.7125 0.0109375 0.0203125
3 0.49609375 0.75703125 0.0171875 0.025
3 0.534375 0.7546875 0.0171875 0.0234375
3 0.47421875 0.778125 0.0234375 0.025
0 0.56953125 0.73984375 0.01875 0.028125
0 0.57265625 0.75703125 0.0140625 0.0234375
4 0.55703125 0.7390625 0.00625 0.015625
7 0.5578125 0.73984375 0.0109375 0.021875
4 0.53671875 0.72734375 0.00625 0.015625
7 0.53828125 0.73125 0.0078125 0.015625
3 0.5046875 0.77890625 0.0171875 0.0234375
10 0.52734375 0.7828125 0.01875 0.0265625
1 0.46484375 0.75390625 0.0078125 0.015625
7 0.46640625 0.759375 0.009375 0.021875
4 0.4875 0.76875 0.00625 0.0140625
7 0.48828125 0.77421875 0.0078125 0.015625
3 0.4609375 0.7859375 0.0171875 0.025
0 0.4875 0.79609375 0.0125 0.0203125
0 0.5109375 0.80859375 0.0109375 0.0234375
7 0.51171875 0.8078125 0.0078125 0.0125
10 0.5046875 0.81953125 0.0171875 0.021875
0 0.5296875 0.80546875 0.0109375 0.0203125
10 0.53046875 0.81171875 0.0171875 0.021875
10 0.52890625 0.8203125 0.015625 0.01875
10 0.525 0.8359375 0.021875 0.028125
3 0.6296875 0.075 0.1296875 0.109375
3 0.6390625 0.14140625 0.1265625 0.1
3 0.63046875 0.196875 0.1375 0.103125
3 0.63828125 0.2390625 0.1015625 0.0875
3 0.63125 0.28984375 0.0828125 0.075
3 0.640625 0.30859375 0.0921875 0.075
3 0.64375 0.34296875 0.084375 0.0640625
10 0.64296875 0.38984375 0.0921875 0.0875
3 0.640625 0.4375 0.0765625 0.059375
3 0.63828125 0.4640625 0.065625 0.0484375
10 0.64453125 0.4921875 0.0703125 0.0609375
3 0.646875 0.5078125 0.0640625 0.0484375
3 0.64765625 0.5265625 0.06875 0.0515625
10 0.64375 0.55390625 0.0640625 0.0609375
7 0.665625 0.565625 0.0109375 0.0203125
3 0.86484375 0.04609375 0.0890625 0.0921875
3 0.84453125 0.10078125 0.1140625 0.1015625
9 0.8265625 0.1609375 0.1203125 0.0953125
3 0.821875 0.21484375 0.1015625 0.08125
3 0.81015625 0.2625 0.0984375 0.075
3 0.79375 0.3015625 0.090625 0.06875
3 0.80234375 0.3359375 0.0765625 0.0671875
3 0.78046875 0.36484375 0.078125 0.0625
10 0.78203125 0.3953125 0.065625 0.0578125
10 0.7765625 0.41875 0.0703125 0.0625
3 0.7640625 0.43828125 0.0703125 0.053125
3 0.7609375 0.45859375 0.0625 0.04375
3 0.76875 0.4703125 0.065625 0.0484375
3 0.76015625 0.48828125 0.065625 0.05
10 0.759375 0.515625 0.0546875 0.046875
3 0.74453125 0.53125 0.04375 0.0390625
3 0.72734375 0.56015625 0.040625 0.0453125
3 0.7109375 0.5921875 0.0453125 0.05625
8 0.70078125 0.63203125 0.04375 0.0375
3 0.63671875 0.584375 0.0546875 0.0453125
3 0.63046875 0.5953125 0.0484375 0.0359375
10 0.63671875 0.60703125 0.0484375 0.04375
5 0.64140625 0.575 0.0578125 0.0515625
6 0.5453125 0.81640625 0.00625 0.015625
6 0.54921875 0.8140625 0.0078125 0.015625
6 0.4796875 0.83671875 0.00625 0.015625
8 0.48671875 0.82890625 0.009375 0.0171875
7 0.48671875 0.8296875 0.00625 0.0125
3 0.5 0.8421875 0.0125 0.0171875