3 0.10625 0.60234375 0.08984375 0.0859375
3 0.178125 0.6390625 0.07421875 0.11640625
3 0.2328125 0.52890625 0.04296875 0.08515625
8 0.209375 0.44140625 0.0140625 0.03359375
7 0.12578125 0.45546875 0.01015625 0.0265625
6 0.153125 0.45546875 0.01015625 0.0390625
6 0.16640625 0.453125 0.009375 0.0390625
6 0.1203125 0.40546875 0.00859375 0.03359375
6 0.25625 0.3984375 0.01171875 0.03203125
6 0.2734375 0.39609375 0.01015625 0.03671875
7 0.26796875 0.3515625 0.00703125 0.0265625
4 0.26875 0.35546875 0.00703125 0.02421875
6 0.21328125 0.328125 0.00625 0.02890625
7 0.175 0.25703125 0.00625 0.021875
1 0.175 0.26171875 0.0140625 0.01640625
1 0.121875 0.18984375 0.00703125 0.01328125
4 0.12734375 0.190625 0.00859375 0.01015625
10 0.11953125 0.14921875 0.015625 0.01875
10 0.1078125 0.14921875 0.01484375 0.01875
3 0.14453125 0.2140625 0.02421875 0.021875
3 0.171875 0.2171875 0.0234375 0.02109375
3 0.16796875 0.228125 0.0328125 0.02109375
3 0.20703125 0.2296875 0.034375 0.0203125
7 0.20625 0.23359375 0.00546875 0.01953125
1 0.20703125 0.23828125 0.01328125 0.01328125
4 0.29296875 0.21171875 0.01015625 0.0140625
7 0.47109375 0.5515625 0.01015625 0.0359375
1 0.47109375 0.56171875 0.01171875 0.04375
7 0.5390625 0.49453125 0.0140625 0.03125
3 0.66875 0.24921875 0.03671875 0.02578125
3 0.7 0.253125 0.01640625 0.0203125
7 0.6421875 0.25625 0.00546875 0.015625
4 0.63984375 0.259375 0.01328125 0.01015625
10 0.59296875 0.24375 0.0265625 0.0265625
3 0.5265625 0.27109375 0.03828125 0.02421875
7 0.51484375 0.31875 0.00859375 0.02109375
4 0.5140625 0.3265625 0.015625 0.01953125
7 0.45234375 0.2671875 0.00625 0.01796875
4 0.453125 0.27109375 0.01328125 0.01640625
3 0.4109375 0.25625 0.0328125 0.02890625
6 0.2828125 0.25625 0.0046875 0.0203125
7 0.334375 0.26953125 0.00546875 0.0203125
4 0.334375 0.27265625 0.01328125 0.015625
7 0.29765625 0.26328125 0.00625 0.01875
4 0.29765625 0.2671875 0.01328125 0.015625
3 0.2546875 0.3234375 0.04609375 0.03515625
7 0.26796875 0.2609375 0.00546875 0.0234375
7 0.3359375 0.228125 0.00390625 0.0140625
6 0.26953125 0.25 0.003125 0.021875
6 0.27265625 0.25 0.00546875 0.02421875
4 0.26640625 0.26328125 0.0125 0.01875
8 0.3359375 0.23125 0.00703125 0.01953125
3 0.371875 0.20234375 0.01171875 0.01953125
10 0.3671875 0.17578125 0.00859375 0.01875
3 0.34921875 0.2015625 0.01328125 0.02421875
3 0.34765625 0.19140625 0.01015625 0.01796875
3 0.34375 0.17890625 0.01015625 0.01640625
3 0.34296875 0.16953125 0.00859375 0.01484375
3 0.34375 0.1609375 0.00859375 0.01484375
10 0.33125 0.1484375 0.01015625 0.01875
3 0.34296875 0.14375 0.00859375 0.01484375
7 0.3234375 0.15390625 0.00234375 0.0140625
1 0.3234375 0.15546875 0.003125 0.01171875
6 0.32578125 0.11484375 0.00234375 0.009375
6 0.334375 0.11875 0.00234375 0.0109375
6 0.3296875 0.09296875 0.0015625 0.01015625
6 0.35625 0.08828125 0.0015625 0.00859375
7 0.3515625 0.09453125 0.0015625 0.00703125
1 0.3515625 0.09609375 0.00234375 0.00703125
3 0.375 0.11328125 0.01328125 0.01015625
10 0.37265625 0.10859375 0.0140625 0.01328125
3 0.3625 0.09296875 0.0046875 0.00625
10 0.35859375 0.08359375 0.0046875 0.00859375
3 0.35625 0.078125 0.00390625 0.00625
3 0.35 0.07109375 0.0046875 0.00625
3 0.3359375 0.07109375 0.00390625 0.00625
10 0.34453125 0.06171875 0.003125 0.00625
10 0.325 0.08046875 0.00390625 0.00859375
3 0.33359375 0.06171875 0.00234375 0.0046875
3 0.3328125 0.059375 0.00234375 0.0046875
10 0.33046875 0.0546875 0.00234375 0.00546875
10 0.334375 0.05078125 0.00234375 0.0046875
9 0.3375 0.05546875 0.00390625 0.00859375
6 0.34140625 0.06328125 0.00078125 0.00546875