3 0.6046875 0.66171875 0.04375 0.0671875
3 0.659375 0.6203125 0.0453125 0.0578125
3 0.65234375 0.54921875 0.046875 0.0390625
3 0.4109375 0.596875 0.0609375 0.05
3 0.4828125 0.5765625 0.04375 0.046875
3 0.52578125 0.56484375 0.0421875 0.040625
3 0.5609375 0.55234375 0.0421875 0.0453125
3 0.75390625 0.58984375 0.04375 0.0484375
9 0.8515625 0.56796875 0.04375 0.053125
6 0.82421875 0.58671875 0.009375 0.034375
6 0.8140625 0.5921875 0.0109375 0.040625
6 0.8125 0.56953125 0.0078125 0.040625
6 0.82109375 0.5703125 0.0109375 0.0375
6 0.828125 0.56640625 0.009375 0.034375
6 0.72890625 0.61328125 0.0109375 0.0375
7 0.74609375 0.6296875 0.0109375 0.028125
7 0.7625 0.63203125 0.0109375 0.028125
7 0.7546875 0.6265625 0.0109375 0.028125
8 0.725 0.6421875 0.040625 0.053125
9 0.7171875 0.5421875 0.06875 0.075