3 0.15 0.22890625 0.0140625 0.01640625
3 0.171875 0.215625 0.01796875 0.01796875
9 0.24765625 0.21171875 0.0453125 0.0546875
9 0.26953125 0.17890625 0.03671875 0.04140625
3 0.2328125 0.153125 0.01171875 0.0140625
10 0.2515625 0.153125 0.01171875 0.01640625
3 0.246875 0.14609375 0.0109375 0.0109375
10 0.29765625 0.11875 0.00859375 0.0109375
3 0.275 0.13046875 0.00703125 0.009375
3 0.29765625 0.1234375 0.00859375 0.00859375
3 0.2921875 0.18203125 0.0125 0.01328125
3 0.3015625 0.18671875 0.01171875 0.0140625
3 0.30390625 0.159375 0.01015625 0.0109375
3 0.31875 0.15859375 0.01015625 0.01015625
3 0.30703125 0.16875 0.01015625 0.0109375
3 0.3265625 0.1640625 0.0109375 0.01171875
9 0.3140625 0.17421875 0.0140625 0.01640625
9 0.4296875 0.07578125 0.00703125 0.01015625
9 0.44765625 0.06875 0.0125 0.01171875
3 0.3984375 0.090625 0.00703125 0.00859375
3 0.3703125 0.1078125 0.00703125 0.00859375
3 0.3625 0.10703125 0.00625 0.00625
3 0.3671875 0.103125 0.00546875 0.00859375
10 0.41875 0.15859375 0.01015625 0.01796875
3 0.42421875 0.11328125 0.00703125 0.00859375
7 0.2515625 0.265625 0.003125 0.0109375
4 0.2515625 0.27109375 0.00546875 0.0140625
7 0.17109375 0.22421875 0.003125 0.01171875
7 0.17578125 0.2265625 0.00390625 0.009375
4 0.175 0.22890625 0.00546875 0.01171875
4 0.1703125 0.228125 0.0046875 0.0109375