3 0.57890625 0.58828125 0.059375 0.10625
8 0.6 0.45390625 0.03671875 0.06875
3 0.5015625 0.34140625 0.02734375 0.05078125
8 0.5671875 0.35546875 0.0265625 0.06015625
3 0.37109375 0.32265625 0.02578125 0.05625
3 0.26015625 0.30078125 0.0515625 0.0546875
4 0.06640625 0.4609375 0.02578125 0.03515625
4 0.06953125 0.31171875 0.02421875 0.02890625
7 0.0640625 0.45390625 0.015625 0.034375
7 0.06875 0.30703125 0.0109375 0.0359375
6 0.03203125 0.36640625 0.0125 0.040625
6 0.0484375 0.3609375 0.0109375 0.04140625
8 0.18515625 0.271875 0.03359375 0.025
3 0.0703125 0.2890625 0.0578125 0.03984375
3 0.09375 0.24375 0.0390625 0.03828125
6 0.11640625 0.26796875 0.009375 0.03125
6 0.13984375 0.26171875 0.01015625 0.03125
6 0.19375 0.2609375 0.00546875 0.0296875
6 0.13671875 0.2453125 0.00625 0.03125
6 0.128125 0.26171875 0.00859375 0.028125
6 0.125 0.25546875 0.0046875 0.03046875
6 0.0609375 0.2625 0.01015625 0.03046875
3 0.01484375 0.28125 0.0296875 0.03984375
3 0.05625 0.2375 0.02890625 0.0453125
6 0.0546875 0.19921875 0.00859375 0.0296875
10 0.02890625 0.23203125 0.03515625 0.04375
4 0.13828125 0.2328125 0.01484375 0.0265625
3 0.16953125 0.23203125 0.034375 0.03671875
10 0.2078125 0.20859375 0.034375 0.0640625
10 0.22890625 0.22109375 0.028125 0.04375
8 0.24375 0.20625 0.01796875 0.02109375
6 0.265625 0.20390625 0.00546875 0.02890625
3 0.31796875 0.21328125 0.02265625 0.03828125
7 0.309375 0.209375 0.00703125 0.01640625
3 0.35078125 0.21953125 0.02109375 0.03828125
3 0.3828125 0.23125 0.0203125 0.0390625
3 0.390625 0.18203125 0.01796875 0.03125
3 0.36640625 0.16171875 0.01640625 0.028125
10 0.42265625 0.19921875 0.015625 0.04140625
4 0.434375 0.18515625 0.00625 0.021875
7 0.43515625 0.18359375 0.00625 0.02578125
10 0.3984375 0.146875 0.0140625 0.034375
10 0.4046875 0.128125 0.01171875 0.03203125
3 0.3734375 0.12890625 0.01640625 0.02578125
6 0.31328125 0.1484375 0.00546875 0.0234375
6 0.30859375 0.1484375 0.00390625 0.0234375
8 0.33359375 0.14453125 0.01171875 0.0234375
4 0.34453125 0.134375 0.00390625 0.015625
7 0.34453125 0.13125 0.00390625 0.01640625
4 0.30703125 0.13125 0.00859375 0.015625
4 0.2859375 0.1390625 0.01015625 0.0140625
4 0.28671875 0.1359375 0.009375 0.0109375
3 0.40390625 0.10703125 0.0125 0.0234375
6 0.3953125 0.0953125 0.00390625 0.01875
4 0.39921875 0.09453125 0.003125 0.0140625
7 0.39921875 0.090625 0.00390625 0.01484375
3 0.353125 0.10703125 0.01640625 0.0234375
6 0.36875 0.1046875 0.00390625 0.0203125
2 0.3828125 0.0875 0.02265625 0.05078125
3 0.36796875 0.09375 0.01015625 0.0203125
10 0.4109375 0.090625 0.01328125 0.0265625
3 0.4125 0.07890625 0.0109375 0.01484375
3 0.4140625 0.06796875 0.0109375 0.01953125
3 0.41640625 0.05625 0.01015625 0.01875
3 0.4 0.06328125 0.0125 0.01796875
3 0.365625 0.08046875 0.01015625 0.01796875
3 0.36328125 0.0703125 0.02109375 0.0203125
3 0.34375 0.06796875 0.0234375 0.01875
3 0.378125 0.05390625 0.01015625 0.01640625
3 0.38984375 0.05546875 0.01015625 0.01640625
3 0.39375 0.0484375 0.0078125 0.01484375
6 0.40546875 0.04609375 0.00390625 0.015625
6 0.3515625 0.0515625 0.00390625 0.0140625
3 0.36328125 0.05078125 0.01953125 0.0140625
3 0.3671875 0.03671875 0.0203125 0.0140625
3 0.3703125 0.03203125 0.01953125 0.01328125
3 0.378125 0.0265625 0.01796875 0.01328125
3 0.3921875 0.02890625 0.00859375 0.01328125
6 0.40078125 0.02734375 0.00234375 0.0140625
6 0.3984375 0.028125 0.0015625 0.01171875
3 0.3921875 0.01953125 0.01796875 0.01328125
10 0.42421875 0.0234375 0.00859375 0.01875
3 0.43203125 0.03046875 0.00859375 0.01484375
6 0.60546875 0.23515625 0.00703125 0.03125
6 0.59375 0.209375 0.0046875 0.0296875
6 0.59140625 0.1984375 0.00625 0.0296875
6 0.57890625 0.1875 0.00625 0.0265625
2 0.5609375 0.1984375 0.0390625 0.084375
10 0.52734375 0.2109375 0.02109375 0.03984375
4 0.4921875 0.19296875 0.00546875 0.01953125
7 0.4921875 0.1890625 0.00625 0.0203125
10 0.5765625 0.14140625 0.0265625 0.0234375
10 0.5296875 0.096875 0.0109375 0.025
10 0.5453125 0.078125 0.01171875 0.021875
6 0.5484375 0.0921875 0.00390625 0.01796875
3 0.521875 0.0796875 0.01484375 0.021875
1 0.5625 0.1015625 0.00546875 0.01484375
6 0.5828125 0.10703125 0.003125 0.01796875
8 0.48515625 0.06875 0.00703125 0.01875
3 0.47734375 0.05078125 0.009375 0.015625
3 0.5109375 0.05703125 0.01015625 0.01484375
4 0.53515625 0.059375 0.00859375 0.01015625
9 0.52578125 0.0515625 0.01796875 0.01796875
8 0.50078125 0.05 0.00703125 0.01328125
3 0.52578125 0.04453125 0.0171875 0.009375
3 0.52421875 0.03828125 0.01953125 0.0109375
10 0.51484375 0.034375 0.015625 0.01484375
10 0.51953125 0.021875 0.0171875 0.01171875
10 0.37421875 0.01796875 0.01328125 0.0140625
10 0.3859375 0.00703125 0.01328125 0.01171875
3 0.39765625 0.015625 0.00546875 0.0109375
8 0.49609375 0.021875 0.00390625 0.009375
3 0.49375 0.01328125 0.00859375 0.0109375
10 0.5109375 0.01328125 0.01484375 0.01484375
3 0.50859375 0.0109375 0.015625 0.0109375
10 0.50859375 0.0078125 0.01796875 0.01171875
4 0.48125 0.0125 0.00234375 0.00859375
7 0.48125 0.01171875 0.00234375 0.01015625
6 0.403125 0.00703125 0.00234375 0.009375
6 0.40625 0.00625 0.003125 0.01171875
6 0.41015625 0.00546875 0.00234375 0.0109375
4 0.415625 0.00546875 0.00234375 0.009375
7 0.415625 0.00390625 0.003125 0.0078125