4 0.45390625 0.76328125 0.0265625 0.0078125
4 0.41171875 0.7125 0.0234375 0.0078125
4 0.35703125 0.7140625 0.01875 0.00625
4 0.3140625 0.73046875 0.015625 0.0046875
4 0.29296875 0.721875 0.015625 0.003125
4 0.2453125 0.72578125 0.009375 0.003125
4 0.23671875 0.72734375 0.009375 0.003125
4 0.2203125 0.725 0.009375 0.003125
4 0.221875 0.75625 0.009375 0.003125
4 0.21171875 0.72734375 0.00625 0.003125
4 0.209375 0.73515625 0.00625 0.003125
4 0.2 0.73359375 0.00625 0.003125
4 0.18984375 0.7390625 0.00625 0.003125
4 0.21484375 0.74609375 0.00625 0.003125
7 0.44375 0.7640625 0.028125 0.0078125
7 0.4078125 0.7125 0.0234375 0.0078125
7 0.35703125 0.7140625 0.01875 0.00625
7 0.35078125 0.7140625 0.015625 0.00625
7 0.31015625 0.73046875 0.015625 0.003125
7 0.2890625 0.72109375 0.0140625 0.003125
7 0.24296875 0.725 0.0109375 0.003125
7 0.23515625 0.728125 0.009375 0.003125
7 0.21796875 0.725 0.009375 0.003125
7 0.2109375 0.728125 0.00625 0.003125
7 0.20859375 0.73515625 0.00625 0.0015625
7 0.20625 0.73515625 0.00625 0.003125
7 0.2125 0.74609375 0.00625 0.003125
7 0.21953125 0.75625 0.009375 0.003125
7 0.18828125 0.73984375 0.00625 0.003125
7 0.1984375 0.73359375 0.00625 0.0015625
3 0.3484375 0.6921875 0.028125 0.0203125
6 0.31015625 0.72109375 0.0203125 0.003125
9 0.30078125 0.70859375 0.040625 0.0140625
8 0.25546875 0.71484375 0.0125 0.009375
4 0.271875 0.78046875 0.009375 0.009375
4 0.26796875 0.78125 0.00625 0.009375
3 0.24765625 0.740625 0.015625 0.009375
3 0.24453125 0.75546875 0.015625 0.009375
3 0.2390625 0.73828125 0.0140625 0.009375
3 0.23046875 0.73984375 0.0109375 0.0078125
10 0.21875 0.73984375 0.0140625 0.00625
3 0.2125 0.7390625 0.009375 0.00625
3 0.20390625 0.75390625 0.0109375 0.009375