10 0.7765625 0.21953125 0.0140625 0.034375
6 0.81328125 0.45546875 0.0078125 0.0546875
6 0.7453125 0.475 0.015625 0.06875
6 0.82890625 0.3625 0.0109375 0.0515625
6 0.7890625 0.41484375 0.0140625 0.03125
4 0.7890625 0.4296875 0.0171875 0.065625
4 0.72421875 0.478125 0.025 0.0578125
6 0.8046875 0.33125 0.009375 0.0390625
6 0.93359375 0.38359375 0.0109375 0.053125
10 0.734375 0.16328125 0.01875 0.01875
10 0.72421875 0.159375 0.01875 0.01875
10 0.80390625 0.18203125 0.0125 0.021875
9 0.771875 0.16328125 0.009375 0.01875
9 0.72734375 0.14609375 0.025 0.0234375
8 0.7078125 0.3203125 0.0375 0.046875
8 0.62890625 0.278125 0.0171875 0.04375
8 0.66328125 0.275 0.0296875 0.0375
8 0.828125 0.2359375 0.0296875 0.0265625
10 0.825 0.2109375 0.0328125 0.0265625
3 0.853125 0.1984375 0.0296875 0.025
8 0.84296875 0.32421875 0.04375 0.028125
4 0.69375 0.3859375 0.0265625 0.028125
6 0.69609375 0.3765625 0.0109375 0.034375
6 0.703125 0.37578125 0.0078125 0.025
4 0.6078125 0.26171875 0.0265625 0.028125
4 0.703125 0.18046875 0.015625 0.0125
8 0.76015625 0.1734375 0.00625 0.015625
1 0.796875 0.25390625 0.00625 0.021875
6 0.796875 0.246875 0.00625 0.025
6 0.81953125 0.196875 0.003125 0.015625
4 0.82578125 0.36953125 0.0203125 0.028125
7 0.8296875 0.31640625 0.009375 0.0203125
1 0.834375 0.27734375 0.0203125 0.015625
1 0.82890625 0.26171875 0.0203125 0.015625
1 0.83203125 0.296875 0.0203125 0.015625
4 0.93515625 0.490625 0.0328125 0.05
4 0.840625 0.4046875 0.0234375 0.034375
6 0.840625 0.39140625 0.0109375 0.0515625
4 0.94140625 0.30234375 0.015625 0.021875
4 0.89921875 0.32421875 0.0203125 0.0203125
6 0.78828125 0.190625 0.003125 0.0125
6 0.7875 0.165625 0.003125 0.009375
6 0.77109375 0.175 0.003125 0.009375
6 0.75390625 0.175 0.003125 0.0125
8 0.7578125 0.16015625 0.00625 0.0125
8 0.75078125 0.1640625 0.003125 0.009375
4 0.7078125 0.18671875 0.015625 0.0125
4 0.7109375 0.19296875 0.0125 0.0109375
6 0.72890625 0.31875 0.0078125 0.0265625
6 0.65703125 0.4234375 0.0140625 0.0375
9 0.5625 0.37890625 0.0734375 0.1203125
4 0.64453125 0.253125 0.0109375 0.0140625
6 0.65625 0.25234375 0.00625 0.0203125
7 0.721875 0.21015625 0.00625 0.021875