4 0.79375 0.64609375 0.0140625 0.0328125
0 0.71328125 0.6953125 0.009375 0.025
4 0.75703125 0.775 0.0109375 0.0125
4 0.79296875 0.6828125 0.0125 0.0265625
4 0.73359375 0.65078125 0.0078125 0.0140625
4 0.71484375 0.7421875 0.0078125 0.0125
3 0.7625 0.76015625 0.015625 0.025
3 0.7875 0.70625 0.0203125 0.0328125
3 0.709375 0.8078125 0.0078125 0.0109375
3 0.73125 0.8140625 0.0078125 0.0140625
2 0.7453125 0.7984375 0.0125 0.0265625
7 0.69765625 0.8015625 0.0046875 0.0125
7 0.7140625 0.74921875 0.0078125 0.009375
7 0.73359375 0.65859375 0.009375 0.01875
7 0.70078125 0.83125 0.0046875 0.00625
7 0.7265625 0.83046875 0.0046875 0.009375
3 0.69140625 0.74921875 0.0078125 0.015625
7 0.79296875 0.646875 0.0078125 0.015625