3 0.51953125 0.34921875 0.0828125 0.125
4 0.4625 0.40703125 0.0296875 0.0296875
3 0.515625 0.5109375 0.075 0.121875
6 0.44453125 0.690625 0.0171875 0.0375
4 0.4390625 0.728125 0.025 0.0296875
4 0.44921875 0.75390625 0.021875 0.028125
3 0.51171875 0.63671875 0.0453125 0.0703125
3 0.50625 0.72265625 0.0484375 0.075
3 0.45234375 0.80390625 0.059375 0.0515625
4 0.42109375 0.846875 0.0171875 0.0234375
4 0.4265625 0.88125 0.015625 0.01875
4 0.46640625 0.8625 0.01875 0.025
3 0.5 0.87421875 0.0296875 0.04375
3 0.5 0.90859375 0.0296875 0.04375
6 0.475 0.88984375 0.0109375 0.0296875
6 0.46953125 0.88203125 0.0109375 0.028125
1 0.46171875 0.88515625 0.0171875 0.021875
3 0.65859375 0.6984375 0.0453125 0.0859375
6 0.58046875 0.5609375 0.01875 0.0421875
6 0.57890625 0.578125 0.0203125 0.0484375
6 0.4609375 0.90078125 0.0125 0.03125
3 0.49765625 0.93984375 0.028125 0.0375
6 0.43828125 0.91484375 0.0140625 0.0265625
6 0.446875 0.96328125 0.0109375 0.025
3 0.49453125 0.97265625 0.025 0.034375
3 0.49453125 0.99296875 0.0234375 0.0140625
3 0.63671875 0.98984375 0.0265625 0.0203125
3 0.64765625 0.9734375 0.028125 0.046875
1 0.68125 0.99375 0.015625 0.0125
6 0.71640625 0.98515625 0.0125 0.0296875
4 0.69296875 0.95703125 0.015625 0.0203125
8 0.68046875 0.890625 0.0203125 0.0359375
10 0.7015625 0.8484375 0.0421875 0.0703125
3 0.72578125 0.7796875 0.04375 0.075
3 0.72578125 0.9015625 0.059375 0.05625
3 0.75 0.86484375 0.05625 0.05625
3 0.790625 0.75859375 0.0671875 0.0671875
6 0.753125 0.62421875 0.021875 0.0421875
4 0.7203125 0.646875 0.021875 0.0453125
7 0.71796875 0.66015625 0.015625 0.0328125
3 0.83125 0.52421875 0.078125 0.1359375
6 0.85703125 0.43515625 0.0234375 0.0484375
3 0.884375 0.4265625 0.071875 0.1109375
3 0.93515625 0.5296875 0.1046875 0.1390625