3 0.5953125 0.56015625 0.22578125 0.29453125
6 0.315625 0.421875 0.08046875 0.23515625
6 0.25390625 0.41640625 0.07109375 0.296875
4 0.06015625 0.321875 0.11796875 0.17578125
7 0.0671875 0.115625 0.03046875 0.08125
7 0.028125 0.10546875 0.03125 0.090625
7 0.0140625 0.08671875 0.02109375 0.05078125
3 0.021875 0.06171875 0.04296875 0.06875
7 0.0109375 0.16640625 0.021875 0.0984375
7 0.00859375 0.21796875 0.0171875 0.1140625
1 0.2796875 0.20625 0.05703125 0.13515625
6 0.23515625 0.18046875 0.02890625 0.16953125
6 0.2734375 0.11171875 0.01953125 0.13359375
6 0.2390625 0.10703125 0.021875 0.13828125
7 0.21875 0.034375 0.01015625 0.0296875
7 0.23359375 0.0109375 0.01171875 0.02109375
6 0.18671875 0.01328125 0.0125 0.02578125
6 0.2 0.01640625 0.009375 0.0328125
6 0.20625 0.01171875 0.00390625 0.0234375
4 0.12265625 0.03828125 0.03671875 0.04453125
1 0.1234375 0.03359375 0.01484375 0.02890625
3 0.08515625 0.01796875 0.0453125 0.03515625