7 0.1234375 0.42734375 0.02421875 0.05078125
6 0.053125 0.46171875 0.01484375 0.05546875
6 0.0640625 0.4453125 0.02109375 0.04453125
6 0.04609375 0.44375 0.01484375 0.075
6 0.11015625 0.3546875 0.01015625 0.04609375
6 0.115625 0.31953125 0.01015625 0.03984375
6 0.1296875 0.321875 0.0046875 0.03359375
7 0.13125 0.37421875 0.01640625 0.02890625
7 0.13515625 0.36015625 0.01171875 0.0296875
7 0.14296875 0.346875 0.0171875 0.0296875
6 0.15625 0.3234375 0.00703125 0.03671875
6 0.14921875 0.315625 0.00859375 0.03984375
6 0.14921875 0.315625 0.00859375 0.03984375
6 0.15625 0.3234375 0.00703125 0.03828125
6 0.16015625 0.309375 0.0109375 0.053125
6 0.1234375 0.28671875 0.01015625 0.03828125
6 0.18359375 0.29375 0.009375 0.053125
4 0.1796875 0.3484375 0.01953125 0.075
4 0.203125 0.2828125 0.01953125 0.04140625
4 0.21640625 0.25703125 0.0265625 0.04296875
6 0.2703125 0.2015625 0.00625 0.03984375
6 0.1484375 0.271875 0.0078125 0.04375
6 0.134375 0.26953125 0.00859375 0.046875
6 0.125 0.28359375 0.01171875 0.03515625
6 0.2125 0.215625 0.00703125 0.04375
6 0.21875 0.209375 0.00703125 0.04140625
6 0.2359375 0.23359375 0.00703125 0.04453125
6 0.23359375 0.225 0.00546875 0.040625
6 0.23828125 0.2015625 0.00859375 0.034375
6 0.24453125 0.19609375 0.00703125 0.03671875
6 0.265625 0.1796875 0.00859375 0.03515625
7 0.278125 0.17109375 0.003125 0.01875
7 0.278125 0.16796875 0.00546875 0.0296875
7 0.275 0.16953125 0.00390625 0.0203125
7 0.278125 0.16796875 0.00625 0.0296875
6 0.25703125 0.15859375 0.00703125 0.03125
6 0.24921875 0.153125 0.00546875 0.03828125
6 0.21953125 0.12890625 0.00546875 0.0234375
6 0.23359375 0.12578125 0.00546875 0.01953125
6 0.26484375 0.13125 0.00390625 0.028125
6 0.24453125 0.13203125 0.00390625 0.02578125
6 0.2578125 0.13125 0.00390625 0.02421875
7 0.2421875 0.12265625 0.00390625 0.0140625
6 0.246875 0.12421875 0.00390625 0.01640625
6 0.24140625 0.11015625 0.003125 0.01875
6 0.2390625 0.10703125 0.00390625 0.0203125
6 0.253125 0.128125 0.00234375 0.0140625
7 0.253125 0.11796875 0.00234375 0.009375
7 0.25859375 0.125 0.0046875 0.021875
6 0.25546875 0.12265625 0.003125 0.0234375
1 0.25625 0.13046875 0.00703125 0.0140625
1 0.278125 0.1765625 0.01015625 0.02421875
7 0.28046875 0.09296875 0.00390625 0.01640625
4 0.28046875 0.096875 0.003125 0.01015625
6 0.2953125 0.0734375 0.00234375 0.01328125
6 0.2921875 0.0734375 0.00234375 0.01328125
7 0.28671875 0.071875 0.00234375 0.00703125
7 0.2859375 0.07109375 0.00234375 0.01015625
4 0.2859375 0.0734375 0.00234375 0.00625
6 0.2640625 0.0984375 0.00234375 0.01640625
6 0.26328125 0.096875 0.00234375 0.0140625
6 0.2609375 0.09296875 0.00234375 0.01015625
7 0.25703125 0.08671875 0.00390625 0.01171875
6 0.265625 0.09140625 0.00234375 0.015625
6 0.2625 0.090625 0.003125 0.015625
7 0.2515625 0.1125 0.00390625 0.015625
4 0.25 0.11640625 0.00390625 0.01328125
6 0.24609375 0.11484375 0.003125 0.0109375
6 0.24765625 0.1078125 0.00390625 0.01953125
7 0.38828125 0.471875 0.03203125 0.05546875
7 0.309375 0.4703125 0.02734375 0.059375
0 0.31015625 0.44296875 0.03828125 0.1140625
7 0.13046875 0.36171875 0.00703125 0.01875
4 0.25546875 0.10390625 0.00390625 0.01171875
4 0.2578125 0.10078125 0.0046875 0.009375
6 0.24453125 0.07109375 0.00234375 0.009375
7 0.24453125 0.084375 0.00234375 0.009375
6 0.278125 0.06640625 0.00234375 0.01171875
6 0.27109375 0.08203125 0.0046875 0.01171875
6 0.265625 0.08046875 0.00234375 0.01015625
6 0.265625 0.078125 0.0015625 0.01171875
6 0.2640625 0.0734375 0.00234375 0.01015625
6 0.2671875 0.071875 0.0015625 0.00859375
6 0.265625 0.0734375 0.00234375 0.009375
5 0.26875 0.08125 0.00390625 0.0109375
6 0.2828125 0.0640625 0.0015625 0.00625
8 0.28359375 0.06953125 0.00390625 0.00703125
6 0.25234375 0.0609375 0.00078125 0.009375
6 0.25390625 0.06171875 0.0015625 0.00625
7 0.24921875 0.065625 0.00078125 0.00546875
6 0.24765625 0.065625 0.00234375 0.00859375
6 0.2484375 0.0640625 0.0015625 0.0109375
7 0.259375 0.06484375 0.0015625 0.00546875