6 0.45390625 0.721875 0.0359375 0.065625
6 0.44609375 0.6875 0.04375 0.071875
1 0.44609375 0.69375 0.0328125 0.0484375
9 0.39921875 0.74375 0.14375 0.1765625
9 0.40390625 0.62421875 0.103125 0.128125
7 0.5453125 0.57734375 0.028125 0.046875
4 0.55078125 0.58984375 0.03125 0.046875
10 0.61875 0.50546875 0.065625 0.096875
1 0.61640625 0.3359375 0.025 0.0265625
3 0.5078125 0.446875 0.0421875 0.053125
7 0.44765625 0.4796875 0.0203125 0.0328125
4 0.45 0.48671875 0.0203125 0.0328125
7 0.44453125 0.40390625 0.015625 0.028125
1 0.446875 0.41015625 0.0140625 0.0234375
9 0.41484375 0.38671875 0.0484375 0.065625
9 0.4125 0.35859375 0.040625 0.059375
9 0.4140625 0.3453125 0.0390625 0.0515625
10 0.415625 0.31640625 0.0234375 0.0296875
3 0.45 0.303125 0.01875 0.021875
7 0.465625 0.3 0.009375 0.015625
4 0.4671875 0.30390625 0.009375 0.015625
7 0.47265625 0.2921875 0.009375 0.015625
1 0.4734375 0.29453125 0.0078125 0.0140625
9 0.415625 0.2703125 0.028125 0.0375
3 0.44453125 0.2625 0.0140625 0.015625
9 0.41875 0.25625 0.015625 0.0203125
2 0.4171875 0.246875 0.01875 0.0265625
9 0.41640625 0.24140625 0.0203125 0.028125
2 0.41796875 0.23203125 0.0171875 0.0234375
3 0.646875 0.11875 0.0125 0.0125
3 0.38359375 0.30546875 0.0296875 0.0234375
3 0.4734375 0.20546875 0.009375 0.0109375
3 0.4671875 0.20859375 0.009375 0.0109375
3 0.46640625 0.21640625 0.0125 0.0125
3 0.4390625 0.22421875 0.009375 0.0109375
6 0.4234375 0.225 0.0046875 0.009375
9 0.41875 0.22421875 0.0109375 0.0171875
3 0.4359375 0.21875 0.009375 0.0109375
3 0.42578125 0.2140625 0.009375 0.0109375
3 0.43203125 0.209375 0.00625 0.0078125
3 0.42578125 0.21015625 0.0078125 0.0078125
3 0.41953125 0.209375 0.0046875 0.00625
3 0.41953125 0.2078125 0.0078125 0.0078125
3 0.421875 0.20390625 0.0046875 0.00625
3 0.421875 0.19765625 0.0046875 0.00625
0 0.428125 0.2046875 0.0046875 0.00625
3 0.43125 0.2 0.00625 0.0078125