3 0.6984375 0.3796875 0.0640625 0.1125
3 0.64765625 0.39921875 0.08125 0.1078125
7 0.51640625 0.60390625 0.0328125 0.015625
4 0.5296875 0.60703125 0.0484375 0.01875
3 0.5078125 0.75390625 0.109375 0.0671875
0 0.44140625 0.75546875 0.0484375 0.046875
0 0.41953125 0.74921875 0.0515625 0.0515625
4 0.51875 0.890625 0.0453125 0.0484375
3 0.38515625 0.73359375 0.059375 0.075
4 0.29921875 0.7953125 0.0296875 0.0265625
10 0.3234375 0.721875 0.071875 0.0609375
6 0.28671875 0.771875 0.0390625 0.015625
6 0.28203125 0.75078125 0.0375 0.0140625
4 0.240625 0.76015625 0.028125 0.025
3 0.221875 0.7109375 0.053125 0.0546875
3 0.18671875 0.68203125 0.0421875 0.0234375
4 0.3515625 0.47109375 0.03125 0.0296875
4 0.334375 0.4671875 0.0265625 0.015625
6 0.30625 0.4859375 0.0296875 0.0078125
6 0.2953125 0.4859375 0.028125 0.009375
4 0.3 0.48515625 0.0296875 0.01875
8 0.3125 0.49609375 0.0546875 0.0265625
6 0.2734375 0.5265625 0.034375 0.0125
6 0.27109375 0.5328125 0.03125 0.009375
6 0.23359375 0.5453125 0.03125 0.009375
4 0.234375 0.4921875 0.021875 0.0203125
6 0.22578125 0.4953125 0.0265625 0.009375
6 0.22578125 0.5015625 0.028125 0.009375
4 0.2046875 0.49375 0.0171875 0.0171875
4 0.19765625 0.49375 0.0171875 0.015625
4 0.13671875 0.51484375 0.0171875 0.0140625
4 0.09453125 0.51640625 0.0171875 0.0109375
1 0.109375 0.51328125 0.0140625 0.0125
3 0.15 0.55078125 0.0296875 0.021875
3 0.09609375 0.55 0.028125 0.01875
3 0.075 0.68828125 0.025 0.015625
3 0.07421875 0.67109375 0.0265625 0.015625
6 0.0953125 0.6703125 0.021875 0.00625
3 0.08359375 0.65546875 0.025 0.0171875
3 0.06953125 0.5609375 0.025 0.015625
3 0.05390625 0.55703125 0.0234375 0.015625
6 0.0640625 0.571875 0.0203125 0.009375
6 0.0484375 0.5328125 0.01875 0.00625
3 0.0203125 0.540625 0.0171875 0.0125
3 0.00625 0.54609375 0.0125 0.0109375
3 0.0125 0.5578125 0.0171875 0.0109375
3 0.003125 0.58203125 0.00625 0.0109375
3 0.0359375 0.6359375 0.0234375 0.0296875
3 0.03984375 0.66640625 0.025 0.028125
1 0.053125 0.678125 0.015625 0.0078125
0 0.04140625 0.68125 0.0234375 0.0109375
10 0.01171875 0.62890625 0.021875 0.0203125