6 0.24609375 0.640625 0.02109375 0.08359375
6 0.26328125 0.63828125 0.015625 0.084375
6 0.2796875 0.63203125 0.01640625 0.07890625
6 0.1 0.5859375 0.01875 0.06796875
6 0.03359375 0.509375 0.01796875 0.0703125
7 0.15546875 0.428125 0.01484375 0.040625
6 0.11953125 0.3390625 0.01328125 0.05546875
4 0.10703125 0.30078125 0.015625 0.0453125
6 0.04921875 0.34609375 0.01484375 0.06015625
6 0.03203125 0.34296875 0.01640625 0.05625
6 0.209375 0.22578125 0.00859375 0.04453125
6 0.215625 0.228125 0.00703125 0.04453125
7 0.25625 0.20546875 0.01015625 0.03359375
7 0.2609375 0.20390625 0.01015625 0.03515625
7 0.26875 0.2 0.01328125 0.03671875
7 0.29296875 0.19296875 0.01015625 0.03125
7 0.29921875 0.190625 0.00859375 0.03203125
7 0.309375 0.1859375 0.0078125 0.0359375
6 0.28515625 0.3 0.009375 0.05390625
6 0.45859375 0.32421875 0.01015625 0.0359375
6 0.42421875 0.25078125 0.009375 0.05078125
6 0.41953125 0.24453125 0.00859375 0.05078125
6 0.415625 0.215625 0.0078125 0.03515625
6 0.40859375 0.20625 0.00859375 0.0453125
6 0.39453125 0.2078125 0.009375 0.04375
6 0.02265625 0.0765625 0.00703125 0.03046875
6 0.01328125 0.075 0.00703125 0.03125
7 0.0296875 0.0765625 0.00703125 0.03046875
6 0.0453125 0.09765625 0.0078125 0.03203125
6 0.075 0.0890625 0.0109375 0.03359375
6 0.0078125 0.13671875 0.01015625 0.0390625
6 0.00390625 0.1390625 0.00703125 0.02109375
6 0.03671875 0.0734375 0.00859375 0.03046875
6 0.04609375 0.07421875 0.0078125 0.03359375
1 0.0640625 0.06640625 0.02265625 0.02421875
1 0.11875 0.0859375 0.01796875 0.021875
6 0.00546875 0.08984375 0.009375 0.03359375
6 0.01015625 0.09296875 0.00625 0.0296875
6 0.01484375 0.10625 0.00859375 0.034375
7 0.00390625 0.05859375 0.00546875 0.02421875
6 0.02421875 0.05234375 0.00625 0.0265625
7 0.08671875 0.06171875 0.00625 0.02421875
7 0.075 0.06328125 0.00703125 0.025
7 0.340625 0.17734375 0.00859375 0.0359375
7 0.38125 0.16796875 0.0078125 0.034375
6 0.21171875 0.1140625 0.00703125 0.02890625
7 0.24296875 0.1015625 0.00390625 0.01328125
6 0.246875 0.1046875 0.0046875 0.0296875
6 0.2765625 0.09140625 0.00703125 0.0296875
8 0.265625 0.12578125 0.03046875 0.02109375
6 0.26796875 0.1140625 0.0046875 0.0203125
6 0.35234375 0.1125 0.00625 0.034375
6 0.3421875 0.10625 0.00703125 0.03125
3 0.390625 0.1046875 0.04765625 0.03671875
6 0.48984375 0.1609375 0.01171875 0.0359375
6 0.53359375 0.19375 0.00703125 0.04140625
4 0.4015625 0.16640625 0.01484375 0.025
4 0.403125 0.15859375 0.01484375 0.02109375
4 0.41875 0.1546875 0.01484375 0.028125
6 0.42734375 0.13203125 0.00625 0.03671875
6 0.459375 0.1140625 0.00703125 0.03359375
7 0.4515625 0.11328125 0.00859375 0.0203125
6 0.4421875 0.184375 0.00703125 0.02421875
6 0.43828125 0.1734375 0.00703125 0.03828125
6 0.4765625 0.121875 0.00546875 0.028125
6 0.48671875 0.11953125 0.00703125 0.03359375
6 0.49609375 0.11328125 0.00703125 0.025
7 0.50859375 0.10078125 0.00703125 0.02109375
6 0.51328125 0.084375 0.00546875 0.0296875
6 0.525 0.10859375 0.00546875 0.03046875
7 0.54296875 0.10390625 0.00703125 0.01953125
6 0.55390625 0.08984375 0.00703125 0.03359375
6 0.525 0.08359375 0.0078125 0.034375
6 0.5546875 0.06796875 0.00703125 0.02890625
7 0.58359375 0.096875 0.0046875 0.01484375
6 0.5875 0.103125 0.00234375 0.015625
6 0.5640625 0.153125 0.01015625 0.03828125
6 0.57265625 0.13828125 0.00703125 0.028125
6 0.57734375 0.13828125 0.009375 0.03359375
6 0.58046875 0.159375 0.00859375 0.0359375
6 0.590625 0.1640625 0.01015625 0.03671875
6 0.58828125 0.159375 0.00859375 0.03671875
7 0.59609375 0.490625 0.01796875 0.03515625
7 0.615625 0.5046875 0.015625 0.0390625
7 0.62265625 0.4890625 0.01484375 0.03671875
6 0.61796875 0.278125 0.01640625 0.0515625
6 0.6984375 0.2046875 0.01015625 0.0390625
6 0.70078125 0.1984375 0.01015625 0.04296875
6 0.66171875 0.11796875 0.009375 0.0359375
6 0.7 0.12421875 0.01015625 0.03203125
7 0.67734375 0.1265625 0.00859375 0.021875
7 0.67109375 0.1234375 0.00859375 0.02109375
6 0.60703125 0.128125 0.00859375 0.03125
6 0.6234375 0.12265625 0.01015625 0.034375
7 0.61015625 0.0640625 0.00546875 0.01875
6 0.5984375 0.090625 0.01015625 0.03203125
6 0.6359375 0.1140625 0.01171875 0.034375
7 0.63359375 0.0703125 0.00625 0.021875
7 0.62890625 0.071875 0.00546875 0.0203125
6 0.61015625 0.12109375 0.00859375 0.034375
6 0.603125 0.096875 0.00703125 0.03046875
6 0.60625 0.1 0.0046875 0.03125
6 0.61015625 0.10390625 0.00859375 0.03125