6 0.3625 0.6359375 0.01328125 0.05
6 0.35 0.63125 0.0171875 0.059375
6 0.36015625 0.5890625 0.0125 0.0703125
6 0.37265625 0.59921875 0.0140625 0.04296875
6 0.3984375 0.54296875 0.0140625 0.0609375
1 0.453125 0.49296875 0.01328125 0.05546875
3 0.22734375 0.47578125 0.09375 0.146875
6 0.1625 0.45390625 0.01328125 0.059375
6 0.16640625 0.3875 0.01328125 0.0546875
8 0.06875 0.31953125 0.03046875 0.04609375
8 0.0375 0.2890625 0.04140625 0.04453125
8 0.046875 0.246875 0.0359375 0.0359375
6 0.04140625 0.23046875 0.01328125 0.04140625
7 0.08984375 0.22109375 0.01171875 0.021875
10 0.03125 0.20078125 0.0625 0.075
10 0.01953125 0.1765625 0.0390625 0.075
4 0.04140625 0.11953125 0.0203125 0.028125
4 0.0625 0.12421875 0.01953125 0.02578125
4 0.08671875 0.12734375 0.02109375 0.02890625
7 0.12109375 0.13203125 0.00625 0.01171875
7 0.11875 0.13125 0.01015625 0.021875
7 0.1234375 0.11875 0.0078125 0.02109375
8 0.12265625 0.1390625 0.03359375 0.0359375
6 0.19453125 0.23515625 0.01171875 0.0484375
6 0.17421875 0.1375 0.00859375 0.03984375
6 0.18046875 0.1421875 0.0078125 0.03828125
4 0.22421875 0.14375 0.0109375 0.03125
4 0.23984375 0.13828125 0.0078125 0.03203125
7 0.48359375 0.35078125 0.00859375 0.02421875
7 0.4890625 0.33984375 0.01171875 0.03671875
1 0.4875 0.353125 0.01796875 0.04296875
6 0.2171875 0.36796875 0.01328125 0.04921875
7 0.215625 0.340625 0.0109375 0.03046875
8 0.26484375 0.321875 0.0375 0.0546875
3 0.63359375 0.33359375 0.08671875 0.06875
3 0.6546875 0.26640625 0.08203125 0.05859375
3 0.690625 0.2078125 0.03515625 0.0546875
3 0.68046875 0.18125 0.05546875 0.0546875
3 0.40859375 0.27734375 0.065625 0.09375
7 0.296875 0.27109375 0.01171875 0.03125
6 0.30703125 0.2796875 0.00859375 0.05
8 0.29609375 0.23203125 0.02890625 0.0453125
10 0.30390625 0.1796875 0.08671875 0.090625
6 0.365625 0.21796875 0.0125 0.04296875
1 0.3640625 0.221875 0.01953125 0.03125
3 0.4984375 0.19296875 0.04765625 0.06484375
3 0.51796875 0.12890625 0.03515625 0.0546875
7 0.434375 0.20625 0.0109375 0.03984375
7 0.43515625 0.18515625 0.01015625 0.03359375
7 0.45390625 0.1640625 0.01328125 0.0390625
4 0.43203125 0.21171875 0.0171875 0.03125
1 0.43671875 0.19609375 0.01640625 0.03046875
4 0.45390625 0.17109375 0.01328125 0.028125
6 0.41953125 0.184375 0.00546875 0.0359375
3 0.36015625 0.18125 0.05390625 0.05546875
4 0.3546875 0.1421875 0.01796875 0.03203125
7 0.365625 0.12890625 0.009375 0.03046875
1 0.36328125 0.125 0.00859375 0.03359375
8 0.3765625 0.10625 0.02890625 0.03515625
6 0.38046875 0.07421875 0.00546875 0.03515625
4 0.38046875 0.12890625 0.01484375 0.03125
1 0.3875 0.125 0.01328125 0.03125
4 0.409375 0.1 0.015625 0.02421875
4 0.40703125 0.10390625 0.01484375 0.02421875
1 0.4015625 0.1109375 0.0171875 0.02421875
4 0.40546875 0.13515625 0.01953125 0.02578125
4 0.39296875 0.1171875 0.01484375 0.03046875
4 0.40625 0.12890625 0.0203125 0.03046875
3 0.68125 0.04453125 0.02890625 0.03671875
3 0.6734375 0.009375 0.028125 0.01875
10 0.64921875 0.03046875 0.02734375 0.046875
3 0.6203125 0.065625 0.03359375 0.04296875
3 0.57734375 0.103125 0.0359375 0.04609375
7 0.58125 0.05625 0.00859375 0.0265625
7 0.5546875 0.08359375 0.01015625 0.02890625
4 0.553125 0.0921875 0.0125 0.0265625
4 0.58046875 0.06484375 0.01015625 0.02421875
6 0.43671875 0.11171875 0.00703125 0.03515625
6 0.4296875 0.11015625 0.00703125 0.0296875
6 0.434375 0.10078125 0.0078125 0.03671875
6 0.45078125 0.096875 0.00625 0.03203125
3 0.4640625 0.071875 0.04375 0.040625
10 0.48046875 0.0546875 0.04140625 0.0484375
3 0.49296875 0.0390625 0.04453125 0.04140625
3 0.521875 0.01875 0.04296875 0.03671875
3 0.53828125 0.01484375 0.03984375 0.0296875
3 0.54921875 0.01015625 0.034375 0.0203125