3 0.684375 0.42578125 0.04765625 0.05703125
10 0.67734375 0.37734375 0.0625 0.05625
3 0.53515625 0.43046875 0.0765625 0.06015625
3 0.56328125 0.37265625 0.07421875 0.0546875
3 0.5078125 0.340625 0.0640625 0.04453125
6 0.59765625 0.31796875 0.0125 0.03515625
7 0.6421875 0.33359375 0.01328125 0.03203125
4 0.64296875 0.34140625 0.02265625 0.02421875
1 0.69375 0.3390625 0.0265625 0.0265625
6 0.6984375 0.33671875 0.0109375 0.03515625
3 0.68203125 0.55390625 0.053125 0.09140625
6 0.6046875 0.51875 0.0140625 0.0515625
8 0.45859375 0.54609375 0.040625 0.0859375
4 0.48203125 0.63125 0.03203125 0.04375
1 0.48515625 0.64375 0.034375 0.03828125
4 0.52890625 0.684375 0.0375 0.0453125
6 0.3484375 0.584375 0.01796875 0.05078125
3 0.384375 0.39609375 0.06953125 0.06328125
7 0.4203125 0.28671875 0.00859375 0.01796875
6 0.42890625 0.2796875 0.00703125 0.03359375
6 0.43359375 0.2859375 0.00703125 0.034375
7 0.3515625 0.34140625 0.0109375 0.03125
4 0.35078125 0.34765625 0.02265625 0.0234375
7 0.36171875 0.32890625 0.00859375 0.03359375
7 0.36640625 0.3296875 0.00546875 0.0203125
7 0.3703125 0.328125 0.00703125 0.0265625
4 0.3640625 0.33671875 0.02265625 0.0265625
7 0.31171875 0.3515625 0.01171875 0.03359375
4 0.31171875 0.3640625 0.0125 0.0296875
4 0.31171875 0.3359375 0.01953125 0.028125
7 0.3125 0.3296875 0.01015625 0.0296875
7 0.2296875 0.41171875 0.01171875 0.034375
4 0.23125 0.41953125 0.0265625 0.03203125
7 0.3 0.2734375 0.01171875 0.03046875
4 0.2984375 0.278125 0.01953125 0.025
6 0.265625 0.25703125 0.00703125 0.03046875
4 0.26328125 0.265625 0.01640625 0.02890625
7 0.31953125 0.21171875 0.00703125 0.02421875
4 0.31953125 0.2171875 0.00703125 0.02890625
7 0.3375 0.2015625 0.00703125 0.0203125
7 0.33984375 0.2015625 0.00546875 0.0203125
4 0.33828125 0.21171875 0.01015625 0.0234375
6 0.27265625 0.19921875 0.00625 0.03046875
6 0.26875 0.190625 0.00546875 0.0265625
3 0.2546875 0.2046875 0.02265625 0.0390625
3 0.25234375 0.165625 0.02421875 0.034375
10 0.2265625 0.1515625 0.0234375 0.0453125
3 0.15703125 0.1984375 0.04765625 0.04140625
10 0.28046875 0.06328125 0.01640625 0.02578125
3 0.2859375 0.1140625 0.0171875 0.0265625
10 0.29375 0.0859375 0.015625 0.03046875
3 0.3 0.071875 0.01328125 0.02109375
3 0.31484375 0.08828125 0.0125 0.0234375
3 0.33203125 0.08515625 0.01328125 0.021875
3 0.334375 0.0640625 0.01171875 0.0203125
3 0.33203125 0.0515625 0.01171875 0.01953125
3 0.3328125 0.034375 0.01015625 0.015625
3 0.34765625 0.04375 0.01015625 0.01796875
3 0.34921875 0.034375 0.01015625 0.01484375
3 0.3375 0.02421875 0.009375 0.01484375
10 0.34921875 0.0203125 0.0078125 0.01640625
3 0.33984375 0.0125 0.00859375 0.01171875
3 0.36328125 0.0234375 0.01015625 0.01640625
8 0.25078125 0.1109375 0.00859375 0.01875
3 0.378125 0.096875 0.0265625 0.0203125
4 0.39296875 0.11640625 0.0125 0.015625
4 0.39296875 0.10546875 0.01015625 0.015625
6 0.3765625 0.1140625 0.00546875 0.0203125
6 0.38046875 0.11171875 0.0046875 0.0203125
4 0.35390625 0.13828125 0.00703125 0.01796875
6 0.3375 0.1515625 0.0078125 0.02109375
7 0.33828125 0.1140625 0.0046875 0.015625
4 0.33828125 0.11953125 0.00546875 0.015625
6 0.3171875 0.1109375 0.0046875 0.02109375
7 0.31484375 0.1125 0.00390625 0.015625
4 0.31484375 0.11796875 0.0046875 0.01640625
4 0.00546875 0.26171875 0.009375 0.03203125
8 0.065625 0.23359375 0.02265625 0.0234375
6 0.02578125 0.21640625 0.0078125 0.034375
6 0.0328125 0.21328125 0.00703125 0.03125
6 0.0484375 0.19921875 0.0078125 0.03125
6 0.053125 0.190625 0.00703125 0.0265625
6 0.0921875 0.2515625 0.00859375 0.03359375
6 0.09765625 0.25546875 0.01015625 0.034375
6 0.10234375 0.2484375 0.00859375 0.034375
6 0.10703125 0.24375 0.00625 0.0296875
6 0.1640625 0.215625 0.00546875 0.021875
6 0.18359375 0.20625 0.00703125 0.02890625
6 0.175 0.21015625 0.00625 0.02578125
4 0.19296875 0.22265625 0.01171875 0.0265625
6 0.1578125 0.16484375 0.00703125 0.02578125
6 0.1640625 0.16484375 0.00703125 0.028125
7 0.32578125 0.1328125 0.00546875 0.01796875
4 0.32578125 0.13671875 0.00546875 0.01796875
4 0.33203125 0.14140625 0.00546875 0.01875
7 0.33125 0.13671875 0.00390625 0.01796875
4 0.19453125 0.15859375 0.0140625 0.01640625
4 0.2265625 0.121875 0.00859375 0.0109375
3 0.23671875 0.09375 0.0234375 0.0203125
3 0.25859375 0.0640625 0.02109375 0.01640625
2 0.34609375 0.00625 0.01015625 0.01171875
6 0.3640625 0.00625 0.00234375 0.01171875
10 0.2640625 0.01640625 0.01015625 0.01796875
3 0.2765625 0.02578125 0.01953125 0.0140625
3 0.28359375 0.01953125 0.01796875 0.0140625
3 0.2890625 0.01015625 0.01640625 0.01328125
3 0.29375 0.00703125 0.01640625 0.0109375
6 0.28984375 0.03828125 0.003125 0.0140625
6 0.2953125 0.03828125 0.00390625 0.0140625
6 0.2328125 0.16640625 0.00546875 0.0265625
7 0.21484375 0.20625 0.00859375 0.028125
4 0.215625 0.21171875 0.00859375 0.0265625
7 0.24765625 0.14375 0.00625 0.015625
4 0.24765625 0.1484375 0.00625 0.01796875
6 0.29609375 0.0265625 0.003125 0.0109375
6 0.29609375 0.02421875 0.003125 0.0109375
7 0.328125 0.00859375 0.00234375 0.009375
4 0.328125 0.01171875 0.003125 0.01015625
4 0.31796875 0.00625 0.003125 0.01015625