8 0.653125 0.21171875 0.0359375 0.05625
4 0.68046875 0.2234375 0.021875 0.0453125
6 0.559375 0.18203125 0.015625 0.06015625
6 0.5734375 0.284375 0.01640625 0.0640625
6 0.5671875 0.26640625 0.009375 0.05
7 0.55859375 0.25390625 0.01328125 0.05546875
6 0.52734375 0.24375 0.0140625 0.0640625
6 0.5140625 0.24140625 0.0125 0.06171875
6 0.50859375 0.24296875 0.009375 0.03046875
6 0.5125 0.20625 0.0140625 0.0484375
6 0.528125 0.20390625 0.01328125 0.04921875
6 0.66484375 0.38125 0.02265625 0.0796875
6 0.63828125 0.43984375 0.028125 0.0890625
6 0.61328125 0.42421875 0.02109375 0.08046875
6 0.61015625 0.6625 0.028125 0.0859375
6 0.565625 0.68125 0.025 0.05
6 0.5625 0.5890625 0.02421875 0.0984375
6 0.5328125 0.65859375 0.02734375 0.0953125
6 0.51015625 0.6046875 0.02890625 0.090625
6 0.53359375 0.5484375 0.02421875 0.08828125
6 0.4828125 0.55703125 0.02578125 0.08515625
6 0.50625 0.503125 0.02421875 0.08671875
6 0.54609375 0.4578125 0.021875 0.08984375
6 0.53828125 0.43203125 0.02265625 0.0765625
6 0.559375 0.44296875 0.0171875 0.0734375
6 0.4953125 0.2671875 0.0140625 0.0640625
6 0.45859375 0.2984375 0.0140625 0.06328125
6 0.44765625 0.2515625 0.01015625 0.03828125
6 0.4578125 0.24609375 0.01328125 0.06015625
7 0.44140625 0.20390625 0.01328125 0.04140625
1 0.440625 0.215625 0.0203125 0.03359375
6 0.41875 0.23125 0.00859375 0.05703125
6 0.4171875 0.2765625 0.01640625 0.05625
6 0.41875 0.3046875 0.01171875 0.05546875
6 0.4734375 0.359375 0.01484375 0.07421875
6 0.45546875 0.37890625 0.01875 0.071875
6 0.4625 0.4375 0.0203125 0.075
6 0.4625 0.51875 0.01953125 0.090625
6 0.4390625 0.49296875 0.02109375 0.084375
6 0.40234375 0.45390625 0.02421875 0.084375
6 0.43125 0.4046875 0.01484375 0.07578125
6 0.41796875 0.37890625 0.01484375 0.07109375
6 0.40625 0.34140625 0.00859375 0.0390625
7 0.4140625 0.34375 0.02265625 0.03125
6 0.396875 0.3640625 0.01640625 0.07421875
6 0.390625 0.2765625 0.01484375 0.07109375
6 0.37734375 0.3265625 0.01484375 0.07421875
6 0.34921875 0.35234375 0.01953125 0.07109375
6 0.359375 0.4421875 0.02265625 0.08984375
6 0.3140625 0.43125 0.01640625 0.08125
6 0.30859375 0.36015625 0.02109375 0.07421875
6 0.27109375 0.37109375 0.01640625 0.08046875
6 0.24140625 0.4453125 0.03515625 0.08359375
6 0.2453125 0.3765625 0.01953125 0.07578125
6 0.21328125 0.39453125 0.01953125 0.08046875
6 0.15625 0.41953125 0.03046875 0.08515625
6 0.17890625 0.47890625 0.02421875 0.08203125
6 0.1078125 0.4453125 0.02734375 0.0796875
6 0.115625 0.51484375 0.0265625 0.08671875
6 0.03984375 0.4859375 0.03203125 0.08359375
6 0.0484375 0.5515625 0.0328125 0.0890625
6 0.28671875 0.25390625 0.01796875 0.05546875
6 0.27265625 0.1984375 0.0125 0.053125
6 0.33984375 0.15703125 0.01171875 0.05546875
6 0.3390625 0.13203125 0.0078125 0.03671875
6 0.3296875 0.109375 0.00859375 0.05390625
6 0.32265625 0.14765625 0.01171875 0.06015625
6 0.31328125 0.15703125 0.01171875 0.05546875
6 0.3078125 0.15390625 0.00703125 0.05
6 0.2984375 0.15625 0.009375 0.0515625
6 0.21171875 0.04375 0.009375 0.03984375
6 0.21875 0.046875 0.00859375 0.03828125
6 0.23359375 0.10703125 0.01015625 0.0484375
6 0.21875 0.11484375 0.0109375 0.0515625
6 0.2 0.0953125 0.01171875 0.05
6 0.19375 0.1109375 0.01171875 0.046875
6 0.18125 0.109375 0.0125 0.046875