3 0.0984375 0.8953125 0.0125 0.009375
3 0.1015625 0.903125 0.0171875 0.009375
7 0.1765625 0.86796875 0.0109375 0.00625
4 0.1828125 0.86640625 0.0109375 0.00625
8 0.21484375 0.82421875 0.0171875 0.009375
3 0.1328125 0.9296875 0.01875 0.01875
9 0.15625 0.9203125 0.0265625 0.015625
3 0.2125 0.9453125 0.021875 0.028125
3 0.22578125 0.946875 0.0203125 0.025
10 0.2515625 0.92890625 0.03125 0.0328125
6 0.25078125 0.9453125 0.01875 0.0078125
6 0.25703125 0.94921875 0.0234375 0.0109375
2 0.21171875 0.8921875 0.0625 0.0328125
7 0.25 0.8640625 0.015625 0.009375
4 0.25859375 0.86171875 0.0171875 0.009375
3 0.325 0.80703125 0.0484375 0.03125
7 0.3265625 0.8390625 0.015625 0.009375
7 0.31953125 0.84453125 0.0140625 0.0078125
8 0.33046875 0.83828125 0.0359375 0.0171875
10 0.32421875 0.9328125 0.0375 0.0375
3 0.37109375 0.94296875 0.0484375 0.053125
8 0.39921875 0.91875 0.028125 0.0328125
3 0.428125 0.9109375 0.053125 0.0609375
3 0.5203125 0.8609375 0.0984375 0.0515625
3 0.59765625 0.93359375 0.0515625 0.0734375
6 0.43125 0.953125 0.025 0.0125
6 0.44296875 0.96015625 0.025 0.0125
6 0.471875 0.9703125 0.0328125 0.01875
6 0.48515625 0.98125 0.0328125 0.01875