3 0.07421875 0.5578125 0.04296875 0.11015625
3 0.13359375 0.3640625 0.03515625 0.06015625
3 0.05703125 0.33203125 0.04140625 0.08515625
3 0.01171875 0.52109375 0.0234375 0.0828125
8 0.07890625 0.26171875 0.02421875 0.03671875
8 0.11640625 0.20078125 0.02109375 0.03828125
1 0.096875 0.20390625 0.02265625 0.02109375
4 0.1046875 0.19609375 0.01015625 0.02421875
10 0.15625 0.2875 0.02734375 0.08046875
3 0.16015625 0.21015625 0.0421875 0.040625
3 0.1828125 0.13515625 0.02109375 0.0296875
3 0.196875 0.10078125 0.02578125 0.0359375
4 0.18359375 0.03828125 0.0140625 0.01953125
4 0.18671875 0.0375 0.01484375 0.015625
3 0.2015625 0.02109375 0.03046875 0.01875
9 0.1859375 0.67109375 0.06171875 0.07421875
3 0.2984375 0.5015625 0.03046875 0.10390625
2 0.3578125 0.50390625 0.06015625 0.25703125
9 0.240625 0.33359375 0.0421875 0.10546875
10 0.30078125 0.26640625 0.02265625 0.065625
10 0.2625 0.16875 0.01953125 0.053125
3 0.3421875 0.20703125 0.02109375 0.0390625
3 0.2703125 0.13828125 0.01640625 0.03515625
9 0.2796875 0.0703125 0.021875 0.040625
3 0.31484375 0.05703125 0.01328125 0.0296875
3 0.33828125 0.0375 0.01171875 0.02109375
3 0.31953125 0.01640625 0.01171875 0.02109375
3 0.38359375 0.15078125 0.01640625 0.03046875
3 0.38203125 0.11796875 0.01640625 0.0265625
10 0.38125 0.0859375 0.01953125 0.03046875
3 0.4546875 0.22421875 0.02109375 0.0390625
3 0.48828125 0.21328125 0.021875 0.04140625
3 0.47578125 0.1734375 0.021875 0.04140625
10 0.4515625 0.10625 0.02265625 0.04296875
3 0.515625 0.04609375 0.02890625 0.025
3 0.49140625 0.0234375 0.028125 0.01640625
3 0.4921875 0.01328125 0.028125 0.01640625
3 0.46171875 0.0171875 0.028125 0.01796875
3 0.43515625 0.01328125 0.01640625 0.015625
3 0.409375 0.01171875 0.01171875 0.015625
10 0.38671875 0.00625 0.0140625 0.0125
7 0.41640625 0.02265625 0.0046875 0.015625
7 0.41953125 0.02265625 0.00390625 0.015625
4 0.4171875 0.0265625 0.01328125 0.01328125
9 0.4203125 0.04140625 0.0453125 0.0265625
9 0.459375 0.04375 0.0453125 0.028125
6 0.359375 0.07421875 0.00546875 0.0234375
9 0.3734375 0.02890625 0.0484375 0.03359375
7 0.39140625 0.29140625 0.00859375 0.03125
1 0.39140625 0.3015625 0.0078125 0.0265625
9 0.39609375 0.20625 0.03203125 0.078125
7 0.29921875 0.0234375 0.00625 0.01015625
1 0.3 0.03046875 0.00546875 0.01484375