3 0.57265625 0.4421875 0.0796875 0.08125
3 0.8 0.19296875 0.05 0.0453125
3 0.85 0.153125 0.0484375 0.0421875
6 0.8671875 0.11640625 0.0203125 0.028125
3 0.884375 0.08671875 0.0265625 0.04375
8 0.7234375 0.09453125 0.034375 0.075
3 0.659375 0.18203125 0.0296875 0.04375
3 0.6375 0.08828125 0.025 0.0375
9 0.58828125 0.08046875 0.028125 0.04375
6 0.59921875 0.09921875 0.0078125 0.015625
6 0.59765625 0.078125 0.009375 0.015625
4 0.60078125 0.08515625 0.009375 0.015625
7 0.61796875 0.08671875 0.009375 0.0125
4 0.6203125 0.0921875 0.009375 0.015625
9 0.60859375 0.08671875 0.01875 0.0296875
8 0.434375 0.15625 0.0234375 0.0296875
8 0.425 0.18984375 0.028125 0.03125
3 0.44765625 0.278125 0.046875 0.0453125
10 0.4921875 0.26875 0.0421875 0.040625
3 0.51015625 0.2046875 0.034375 0.034375
0 0.4125 0.15546875 0.0234375 0.0296875
3 0.46875 0.15703125 0.015625 0.015625
7 0.47890625 0.1328125 0.00625 0.0109375
3 0.45859375 0.14609375 0.0234375 0.0234375
7 0.46875 0.13515625 0.00625 0.009375
7 0.4703125 0.12734375 0.0046875 0.00625
7 0.46328125 0.13203125 0.0078125 0.0125
7 0.46640625 0.12421875 0.0078125 0.0140625
3 0.6 0.0328125 0.015625 0.021875
7 0.60703125 0.0203125 0.0078125 0.0109375
4 0.60859375 0.02734375 0.00625 0.0109375
8 0.70234375 0.03828125 0.015625 0.0234375
7 0.7046875 0.03671875 0.0078125 0.0140625
3 0.68515625 0.01171875 0.0171875 0.0234375
3 0.70546875 0.015625 0.01875 0.0265625
6 0.78125 0.08125 0.0140625 0.025
4 0.51640625 0.3359375 0.025 0.021875
1 0.509375 0.35078125 0.021875 0.0203125