6 0.16640625 0.54609375 0.0625 0.0359375
6 0.1625 0.56015625 0.0515625 0.0328125
6 0.15859375 0.57734375 0.05625 0.034375
6 0.1609375 0.5890625 0.0609375 0.0328125
6 0.16171875 0.64296875 0.0734375 0.0453125
6 0.20546875 0.64140625 0.08125 0.0515625
6 0.23984375 0.64453125 0.0734375 0.040625
6 0.21875 0.4484375 0.0796875 0.05
6 0.23984375 0.446875 0.078125 0.046875
6 0.275 0.46484375 0.084375 0.05
6 0.2859375 0.46796875 0.0765625 0.0421875
6 0.2078125 0.534375 0.0859375 0.05
6 0.21640625 0.53046875 0.0796875 0.0421875
3 0.29375 0.46171875 0.08125 0.05625
10 0.35234375 0.4234375 0.08125 0.0578125
2 0.334375 0.33671875 0.2046875 0.15
2 0.175 0.2109375 0.11875 0.109375
3 0.3953125 0.340625 0.0640625 0.05
3 0.4375 0.35859375 0.0578125 0.0453125
3 0.478125 0.38359375 0.053125 0.040625
6 0.39140625 0.30546875 0.05 0.034375
6 0.36484375 0.2828125 0.05 0.0265625
3 0.10703125 0.36171875 0.0828125 0.06875
10 0.0203125 0.5953125 0.040625 0.1
3 0.04296875 0.6484375 0.0859375 0.109375
3 0.3015625 0.5875 0.065625 0.0546875
3 0.35546875 0.5421875 0.0640625 0.05
3 0.3546875 0.6265625 0.06875 0.0546875
2 0.16171875 0.69453125 0.265625 0.184375
6 0.31171875 0.728125 0.0390625 0.0203125
6 0.353125 0.78671875 0.0359375 0.0203125
6 0.40234375 0.79453125 0.0328125 0.0203125
6 0.40703125 0.80078125 0.0265625 0.015625
6 0.41484375 0.8203125 0.03125 0.0171875
6 0.48125 0.79296875 0.025 0.0140625
1 0.48359375 0.8171875 0.0203125 0.015625
1 0.471875 0.82734375 0.01875 0.0171875
6 0.47421875 0.82890625 0.0265625 0.015625
4 0.46328125 0.8375 0.021875 0.01875
7 0.4671875 0.83828125 0.0265625 0.0171875
6 0.19453125 0.78515625 0.0796875 0.046875
6 0.1984375 0.7640625 0.0828125 0.0484375
6 0.14921875 0.87578125 0.071875 0.04375
6 0.1453125 0.890625 0.0734375 0.040625
2 0.39375 0.675 0.140625 0.109375
6 0.4640625 0.71328125 0.0296875 0.0171875
1 0.46953125 0.71640625 0.0234375 0.0171875
7 0.4765625 0.72109375 0.021875 0.0125
1 0.4421875 0.69765625 0.0140625 0.0171875
1 0.4515625 0.69765625 0.0203125 0.01875
4 0.48203125 0.69453125 0.0171875 0.01875
7 0.48671875 0.6953125 0.0234375 0.0140625
1 0.48046875 0.690625 0.0203125 0.0203125
6 0.5140625 0.7734375 0.025 0.0140625
6 0.51328125 0.78046875 0.0203125 0.0109375
6 0.3828125 0.8375 0.03125 0.0171875
6 0.3890625 0.8421875 0.028125 0.015625
6 0.2515625 0.78984375 0.04375 0.0234375
6 0.0140625 0.7703125 0.028125 0.03125
6 0.01796875 0.7859375 0.0359375 0.0375
6 0.01015625 0.8296875 0.0203125 0.0375
6 0.215625 0.821875 0.0390625 0.021875
6 0.21640625 0.81015625 0.0421875 0.0265625
6 0.2453125 0.821875 0.0453125 0.025
6 0.225 0.834375 0.046875 0.0265625
6 0.23828125 0.8328125 0.040625 0.0234375
6 0.23515625 0.8828125 0.0453125 0.028125
6 0.2390625 0.8984375 0.0265625 0.0171875
6 0.25 0.90234375 0.0359375 0.0234375
6 0.240625 0.91171875 0.0390625 0.0234375
6 0.23359375 0.91953125 0.04375 0.025
7 0.24453125 0.92265625 0.0234375 0.0140625
6 0.19375 0.8875 0.0421875 0.025
6 0.1953125 0.89453125 0.0390625 0.0234375
6 0.18046875 0.90078125 0.040625 0.0265625
6 0.2 0.8796875 0.0453125 0.028125
4 0.225 0.85234375 0.040625 0.0359375
7 0.22890625 0.8515625 0.0375 0.025
1 0.22578125 0.85703125 0.034375 0.028125
7 0.23671875 0.86015625 0.0359375 0.0203125
6 0.41953125 0.10625 0.0609375 0.0328125
6 0.42890625 0.096875 0.0671875 0.0375
6 0.4171875 0.1109375 0.053125 0.028125
6 0.39140625 0.190625 0.0359375 0.021875
6 0.38828125 0.2 0.046875 0.0265625
6 0.43984375 0.159375 0.04375 0.025
6 0.42578125 0.24140625 0.046875 0.025
6 0.43671875 0.26328125 0.034375 0.01875
6 0.44453125 0.26171875 0.0390625 0.0203125
6 0.44296875 0.27109375 0.040625 0.0234375
1 0.46328125 0.19375 0.0359375 0.0203125
7 0.475 0.19765625 0.0359375 0.0203125
6 0.4859375 0.25078125 0.040625 0.0234375
6 0.48359375 0.25859375 0.0375 0.01875
1 0.48203125 0.215625 0.03125 0.01875
7 0.49140625 0.21796875 0.0390625 0.021875
6 0.47578125 0.22578125 0.040625 0.0234375
7 0.471875 0.21953125 0.0171875 0.0109375
6 0.3765625 0.275 0.040625 0.0234375
7 0.4203125 0.3125 0.0359375 0.0203125
1 0.50234375 0.36484375 0.0265625 0.015625
1 0.5078125 0.3578125 0.025 0.0140625
6 0.4453125 0.34375 0.04375 0.021875
1 0.43515625 0.321875 0.0265625 0.015625
7 0.446875 0.32578125 0.025 0.0140625
4 0.4078125 0.3046875 0.03125 0.0171875
1 0.45234375 0.3359375 0.0234375 0.0171875
7 0.4640625 0.34140625 0.0265625 0.0171875
6 0.45234375 0.3828125 0.0359375 0.01875
6 0.44921875 0.39296875 0.0375 0.01875
6 0.46171875 0.3984375 0.03125 0.0171875
6 0.4890625 0.2375 0.034375 0.01875
6 0.4921875 0.23203125 0.03125 0.0171875
6 0.51640625 0.23203125 0.034375 0.01875
6 0.496875 0.25390625 0.0296875 0.01875
6 0.5 0.24921875 0.034375 0.01875
6 0.50703125 0.27109375 0.0375 0.01875
6 0.51171875 0.275 0.034375 0.01875
6 0.51171875 0.24296875 0.0296875 0.0171875
6 0.51484375 0.2375 0.0265625 0.015625
7 0.52421875 0.2265625 0.0296875 0.0171875
1 0.51640625 0.22265625 0.025 0.0140625
6 0.53046875 0.2578125 0.034375 0.01875
6 0.55546875 0.2453125 0.03125 0.0171875
6 0.56015625 0.25703125 0.03125 0.0171875
6 0.54140625 0.25859375 0.028125 0.015625
7 0.54765625 0.2625 0.015625 0.0078125
10 0.55703125 0.27890625 0.0609375 0.05
6 0.58046875 0.27421875 0.0265625 0.015625
6 0.56953125 0.303125 0.03125 0.0171875
6 0.5734375 0.30078125 0.03125 0.0171875
4 0.60703125 0.27265625 0.0234375 0.0140625
7 0.6140625 0.275 0.0234375 0.0140625
6 0.61875 0.2578125 0.028125 0.0140625
6 0.621875 0.25703125 0.0296875 0.0140625
4 0.63671875 0.27265625 0.0203125 0.015625
7 0.64375 0.275 0.0234375 0.0140625
6 0.6734375 0.25859375 0.0234375 0.0140625
6 0.6125 0.30390625 0.03125 0.0171875
6 0.61796875 0.3 0.0328125 0.0203125
6 0.68671875 0.19609375 0.025 0.0140625
6 0.6859375 0.2140625 0.0265625 0.015625
6 0.68359375 0.2203125 0.028125 0.015625
6 0.62421875 0.46171875 0.021875 0.0125
6 0.571875 0.671875 0.0234375 0.0140625
6 0.57734375 0.6625 0.0203125 0.0125
1 0.50546875 0.740625 0.0203125 0.0125
1 0.51640625 0.71953125 0.0171875 0.0109375
7 0.5234375 0.72265625 0.01875 0.0109375
7 0.5109375 0.74375 0.01875 0.0109375
1 0.53515625 0.69921875 0.0171875 0.0109375
7 0.54140625 0.7015625 0.0171875 0.0109375
1 0.53984375 0.721875 0.0171875 0.0109375
7 0.54609375 0.72421875 0.021875 0.0125
6 0.54921875 0.7375 0.0203125 0.0109375
6 0.55 0.734375 0.01875 0.0109375
4 0.54375 0.68984375 0.0171875 0.0109375
7 0.5484375 0.6921875 0.015625 0.0078125
1 0.54453125 0.709375 0.0140625 0.009375
7 0.5484375 0.7109375 0.0203125 0.0109375
4 0.55625 0.68828125 0.0171875 0.0109375
7 0.5609375 0.68984375 0.0203125 0.0125
4 0.55546875 0.69453125 0.0109375 0.00625
7 0.56015625 0.69609375 0.0140625 0.0078125
4 0.55625 0.70390625 0.0125 0.0078125
7 0.56171875 0.70546875 0.015625 0.0078125
1 0.55625 0.709375 0.0140625 0.0078125
7 0.5609375 0.7109375 0.015625 0.0078125
6 0.56640625 0.7265625 0.01875 0.0109375
6 0.575 0.73203125 0.015625 0.0078125
3 0.39765625 0.59140625 0.0578125 0.046875
3 0.43515625 0.56484375 0.05625 0.040625
3 0.41796875 0.5015625 0.0578125 0.046875
3 0.48828125 0.484375 0.0421875 0.034375
3 0.4484375 0.61953125 0.046875 0.040625
3 0.46640625 0.590625 0.0515625 0.0421875
3 0.50546875 0.590625 0.0421875 0.034375
3 0.49140625 0.62421875 0.0421875 0.0359375
3 0.5265625 0.6203125 0.034375 0.028125
3 0.55078125 0.59453125 0.0328125 0.028125
3 0.571875 0.5953125 0.0296875 0.0234375
3 0.565625 0.61640625 0.0296875 0.0265625
3 0.51328125 0.52109375 0.0375 0.03125
3 0.54609375 0.46875 0.0390625 0.03125
10 0.5765625 0.50625 0.034375 0.028125
3 0.56875 0.5328125 0.0390625 0.0296875
3 0.6125 0.49921875 0.0265625 0.021875
3 0.61875 0.54765625 0.025 0.0203125
3 0.63359375 0.53203125 0.025 0.01875
3 0.64921875 0.5125 0.021875 0.01875
3 0.65 0.5328125 0.021875 0.01875
3 0.64375 0.55234375 0.021875 0.01875
2 0.68359375 0.50703125 0.046875 0.0296875
2 0.67578125 0.54140625 0.04375 0.0296875
3 0.66484375 0.55625 0.01875 0.0171875
3 0.6828125 0.5625 0.0171875 0.0140625
3 0.69609375 0.54921875 0.015625 0.0125
3 0.59609375 0.59375 0.025 0.0203125
3 0.590625 0.62109375 0.0265625 0.021875
3 0.6109375 0.5921875 0.0234375 0.021875
3 0.6125 0.61328125 0.025 0.025
3 0.625 0.59453125 0.01875 0.0171875
3 0.62890625 0.61171875 0.021875 0.01875
3 0.6390625 0.59140625 0.0234375 0.021875
10 0.64375 0.6109375 0.0234375 0.01875
3 0.65390625 0.57578125 0.021875 0.0171875
3 0.6640625 0.5796875 0.015625 0.015625
3 0.6765625 0.58359375 0.0171875 0.0140625
2 0.65859375 0.5984375 0.0453125 0.0328125
2 0.65859375 0.62421875 0.0390625 0.0296875
10 0.65625 0.61015625 0.01875 0.015625
3 0.66484375 0.61015625 0.0140625 0.0125
3 0.675 0.59609375 0.0171875 0.0109375
3 0.6765625 0.6109375 0.0171875 0.0140625