3 0.3859375 0.4984375 0.0578125 0.0984375
3 0.31328125 0.42578125 0.04453125 0.0796875
3 0.1078125 0.37421875 0.0640625 0.0546875
3 0.2453125 0.10078125 0.02109375 0.02578125
3 0.20859375 0.05078125 0.01171875 0.01640625
3 0.19140625 0.05078125 0.01015625 0.01484375
3 0.1953125 0.03515625 0.01015625 0.01484375
3 0.17421875 0.02109375 0.00859375 0.01015625
3 0.16875 0.04375 0.0109375 0.01953125
3 0.13984375 0.0078125 0.009375 0.01015625
3 0.1453125 0.0265625 0.01015625 0.01640625
3 0.16953125 0.00703125 0.00703125 0.01328125
10 0.22265625 0.04453125 0.01015625 0.015625
10 0.14453125 0.1171875 0.01640625 0.04140625
6 0.15078125 0.19375 0.00703125 0.02890625
6 0.14296875 0.18984375 0.00625 0.02578125
1 0.14375 0.21171875 0.00703125 0.01796875
5 0.08359375 0.6140625 0.12578125 0.1515625
1 0.11015625 0.58046875 0.021875 0.03984375
1 0.19453125 0.60703125 0.03671875 0.04296875
6 0.00703125 0.55234375 0.0140625 0.04921875
6 0.159375 0.5296875 0.01328125 0.05
6 0.15078125 0.52421875 0.01015625 0.05078125
7 0.03515625 0.496875 0.01796875 0.03828125
4 0.0328125 0.5078125 0.0171875 0.04921875
6 0.25859375 0.40390625 0.009375 0.04375
7 0.26640625 0.3984375 0.00703125 0.01796875
9 0.51640625 0.62890625 0.10546875 0.159375
3 0.4765625 0.66640625 0.071875 0.08359375
2 0.496875 0.40703125 0.1265625 0.1796875