3 0.31015625 0.17109375 0.0328125 0.06953125
9 0.39375 0.15703125 0.09921875 0.1
9 0.434375 0.26875 0.1109375 0.10625
9 0.42890625 0.1984375 0.09609375 0.084375
9 0.4703125 0.06171875 0.05390625 0.0890625
9 0.4078125 0.02109375 0.08046875 0.04140625
9 0.3765625 0.05703125 0.0640625 0.06171875
6 0.3765625 0.09140625 0.00703125 0.04296875
9 0.31875 0.04765625 0.04296875 0.08828125
3 0.40078125 0.6171875 0.05703125 0.165625
6 0.31953125 0.67890625 0.02265625 0.059375
6 0.378125 0.3921875 0.01484375 0.04921875
8 0.39375 0.41640625 0.04765625 0.0703125
9 0.25859375 0.03125 0.0296875 0.06171875
6 0.24453125 0.0484375 0.01015625 0.0390625
9 0.18203125 0.16953125 0.07109375 0.06875
9 0.19375 0.13125 0.09296875 0.07578125
9 0.20078125 0.09296875 0.0875 0.0640625
9 0.2015625 0.0640625 0.06796875 0.0546875
7 0.22265625 0.0890625 0.0109375 0.034375
7 0.2109375 0.1234375 0.00859375 0.03828125
6 0.26875 0.196875 0.0109375 0.04296875
6 0.2328125 0.209375 0.0109375 0.0453125
6 0.21875 0.21953125 0.01015625 0.04609375
6 0.20859375 0.19921875 0.01328125 0.04609375
7 0.25 0.190625 0.01171875 0.04296875
4 0.2515625 0.196875 0.02109375 0.03515625
6 0.25078125 0.165625 0.009375 0.03984375
6 0.2359375 0.18828125 0.00859375 0.04296875
6 0.23828125 0.16171875 0.00703125 0.03984375
6 0.234375 0.171875 0.00703125 0.03671875
6 0.23828125 0.17734375 0.0078125 0.03828125
6 0.12109375 0.13046875 0.01328125 0.04296875
9 0.03515625 0.04140625 0.0703125 0.0734375
7 0.0859375 0.48125 0.02265625 0.03984375
6 0.09375 0.45390625 0.01640625 0.06875
6 0.1046875 0.478125 0.01484375 0.0609375
4 0.19140625 0.6265625 0.0328125 0.06328125
6 0.23671875 0.50703125 0.01328125 0.059375