6 0.65234375 0.38203125 0.05 0.009375
3 0.56171875 0.45703125 0.0484375 0.0265625
3 0.59921875 0.553125 0.0609375 0.0328125
9 0.9125 0.734375 0.1625 0.0921875
6 0.50234375 0.859375 0.05 0.0078125
3 0.58046875 0.96328125 0.0546875 0.046875
3 0.54375 0.9203125 0.05 0.0484375
6 0.5375 0.9015625 0.0453125 0.0140625
9 0.58984375 0.9390625 0.0953125 0.0703125
3 0.33671875 0.98515625 0.0203125 0.01875
9 0.7921875 0.6734375 0.1484375 0.0828125
3 0.690625 0.646875 0.071875 0.04375
3 0.6046875 0.63515625 0.065625 0.0328125
3 0.44296875 0.515625 0.034375 0.0234375
10 0.434375 0.48671875 0.034375 0.0203125
4 0.4578125 0.44609375 0.025 0.0109375
9 0.41796875 0.45703125 0.06875 0.0265625
3 0.5328125 0.128125 0.0421875 0.0578125
9 0.4921875 0.17578125 0.0625 0.0796875
9 0.47265625 0.1859375 0.0640625 0.0796875
9 0.425 0.0875 0.0515625 0.04375
6 0.44296875 0.0765625 0.028125 0.0109375
3 0.396875 0.13984375 0.0265625 0.0296875
3 0.365625 0.0875 0.0234375 0.0328125
10 0.34375 0.0265625 0.0265625 0.0328125
10 0.34765625 0.05546875 0.0328125 0.0328125
10 0.34375 0.1140625 0.0234375 0.028125
3 0.346875 0.2015625 0.0203125 0.028125
10 0.35 0.23046875 0.0234375 0.025
3 0.3484375 0.275 0.0234375 0.0328125
10 0.34765625 0.31953125 0.0265625 0.0296875
3 0.34609375 0.346875 0.0234375 0.03125
3 0.32421875 0.325 0.01875 0.01875
10 0.35390625 0.42890625 0.0296875 0.03125
5 0.3859375 0.39921875 0.059375 0.0234375
3 0.3515625 0.396875 0.0203125 0.03125
10 0.32265625 0.403125 0.025 0.0203125
1 0.6734375 0.41796875 0.0296875 0.0296875
1 0.4609375 0.6140625 0.021875 0.00625
1 0.4421875 0.60703125 0.025 0.009375
3 0.271875 0.63515625 0.0125 0.009375
3 0.27734375 0.4421875 0.0125 0.0125
8 0.27890625 0.43125 0.0125 0.00625
3 0.278125 0.42265625 0.0125 0.009375
3 0.278125 0.4125 0.0125 0.0109375
3 0.30625 0.41484375 0.0140625 0.0125
3 0.27734375 0.40078125 0.0125 0.009375
3 0.28671875 0.3984375 0.0125 0.0109375
10 0.27578125 0.39140625 0.015625 0.009375
9 0.28828125 0.384375 0.0296875 0.01875
7 0.29765625 0.39140625 0.009375 0.003125
7 0.29765625 0.396875 0.0109375 0.003125
3 0.278125 0.371875 0.0140625 0.0125
10 0.27265625 0.34375 0.015625 0.021875
10 0.26953125 0.35234375 0.015625 0.015625
10 0.26875 0.35390625 0.015625 0.015625
3 0.25625 0.353125 0.009375 0.009375
9 0.240625 0.1 0.0125 0.015625
3 0.27109375 0.28515625 0.0125 0.015625
3 0.26953125 0.29609375 0.0125 0.015625
3 0.26796875 0.30390625 0.0125 0.015625
3 0.26484375 0.2953125 0.0125 0.0125
3 0.265625 0.3125 0.0125 0.015625
3 0.26015625 0.3078125 0.0140625 0.015625
3 0.25546875 0.309375 0.0109375 0.0125
3 0.25625 0.32265625 0.0109375 0.0125
3 0.25859375 0.3234375 0.009375 0.0140625
3 0.2546875 0.328125 0.009375 0.0125
3 0.2515625 0.33046875 0.009375 0.0125
3 0.25078125 0.31875 0.009375 0.009375
3 0.246875 0.33125 0.009375 0.0125
3 0.25 0.33828125 0.009375 0.0140625
3 0.2484375 0.34453125 0.009375 0.0125
3 0.246875 0.3453125 0.009375 0.0125
3 0.2515625 0.2890625 0.009375 0.0125
3 0.25546875 0.28125 0.009375 0.0171875
3 0.24609375 0.30390625 0.009375 0.0125
10 0.2453125 0.2984375 0.0125 0.0125