6 0.89921875 0.15703125 0.0265625 0.0453125
3 0.87890625 0.1890625 0.1015625 0.1109375
10 0.7265625 0.26015625 0.0921875 0.1328125
6 0.821875 0.4859375 0.0234375 0.040625
4 0.95703125 0.5046875 0.025 0.034375
4 0.9890625 0.4546875 0.021875 0.0375
4 0.98828125 0.4625 0.0234375 0.028125
8 0.9015625 0.490625 0.0421875 0.0578125
2 0.87890625 0.5765625 0.1109375 0.15
3 0.89609375 0.621875 0.0375 0.0453125
10 0.78984375 0.584375 0.046875 0.0671875
3 0.83359375 0.6296875 0.0359375 0.0515625
3 0.809375 0.6484375 0.034375 0.0453125
3 0.8765625 0.66796875 0.0359375 0.0421875
6 0.8703125 0.66953125 0.015625 0.0203125
7 0.85234375 0.6734375 0.0140625 0.0234375
7 0.84453125 0.69609375 0.0140625 0.0234375
7 0.85390625 0.70546875 0.0140625 0.0234375
7 0.85625 0.70859375 0.0125 0.0203125
7 0.875 0.709375 0.0140625 0.025
7 0.87890625 0.7171875 0.0109375 0.0203125
4 0.84921875 0.6671875 0.0140625 0.0234375
4 0.8421875 0.6890625 0.0125 0.0203125
4 0.853125 0.70078125 0.0109375 0.0171875
1 0.871875 0.70234375 0.0109375 0.0171875
1 0.87578125 0.70859375 0.0125 0.0203125
3 0.89140625 0.696875 0.028125 0.0359375
10 0.90078125 0.71171875 0.04375 0.04375
10 0.93125 0.7046875 0.0453125 0.040625
10 0.82421875 0.71640625 0.03125 0.0453125
3 0.9109375 0.75390625 0.034375 0.0328125
7 0.93671875 0.7515625 0.009375 0.0125
3 0.8890625 0.759375 0.0234375 0.028125
3 0.8734375 0.76015625 0.021875 0.028125
3 0.87265625 0.77734375 0.0203125 0.028125
6 0.89765625 0.76640625 0.0078125 0.015625
6 0.89453125 0.7703125 0.009375 0.01875
6 0.88984375 0.77421875 0.0078125 0.015625
6 0.88515625 0.76875 0.009375 0.01875
6 0.884375 0.77421875 0.0109375 0.021875
6 0.88125 0.77265625 0.009375 0.01875
7 0.859375 0.7890625 0.0109375 0.0171875
7 0.8671875 0.825 0.0078125 0.0125
4 0.8578125 0.78359375 0.0078125 0.0140625
4 0.865625 0.82265625 0.00625 0.0109375
6 0.87734375 0.8109375 0.0078125 0.0140625
6 0.8796875 0.8109375 0.0078125 0.015625
6 0.88125 0.8140625 0.0078125 0.0125
6 0.878125 0.82421875 0.0078125 0.0140625
6 0.87890625 0.83203125 0.0078125 0.015625
6 0.87421875 0.8265625 0.0078125 0.015625
6 0.87578125 0.83359375 0.0078125 0.0140625
6 0.89375 0.8203125 0.0078125 0.015625
3 0.8859375 0.8125 0.01875 0.021875
3 0.91484375 0.78359375 0.0328125 0.0265625
3 0.9125 0.79375 0.03125 0.0265625
3 0.90546875 0.80625 0.028125 0.0234375
10 0.91484375 0.81640625 0.0234375 0.0234375
10 0.89140625 0.82734375 0.028125 0.025
3 0.8875 0.83515625 0.0140625 0.0171875
10 0.90546875 0.84296875 0.0234375 0.0234375
10 0.89921875 0.85859375 0.0234375 0.021875
3 0.8890625 0.86875 0.0171875 0.0171875
3 0.90078125 0.87109375 0.0203125 0.015625
3 0.9046875 0.875 0.021875 0.01875
3 0.903125 0.878125 0.01875 0.0140625
6 0.88203125 0.8734375 0.0078125 0.0125
6 0.87734375 0.875 0.0078125 0.0140625
7 0.89140625 0.88046875 0.00625 0.0109375
4 0.890625 0.878125 0.00625 0.009375
10 0.85234375 0.84453125 0.015625 0.0203125
10 0.81171875 0.81015625 0.0265625 0.0328125
10 0.76953125 0.7921875 0.025 0.03125
3 0.7890625 0.8296875 0.01875 0.021875
10 0.81328125 0.8578125 0.015625 0.0203125
3 0.8171875 0.88515625 0.0140625 0.0171875
10 0.79375 0.88359375 0.0140625 0.0171875
10 0.778125 0.8890625 0.0140625 0.0171875
8 0.76875 0.878125 0.009375 0.0140625
7 0.7703125 0.88125 0.00625 0.009375
7 0.80234375 0.89453125 0.00625 0.009375
4 0.8015625 0.89140625 0.0046875 0.00625
6 0.81015625 0.9125 0.00625 0.0109375
6 0.79921875 0.90546875 0.0078125 0.0125
7 0.759375 0.8140625 0.0078125 0.0125
8 0.75625 0.80703125 0.01875 0.025
8 0.75078125 0.82421875 0.01875 0.028125
3 0.41328125 0.37109375 0.1140625 0.1359375
2 0.4203125 0.5140625 0.1890625 0.2546875
6 0.4046875 0.5703125 0.028125 0.046875
6 0.39296875 0.5515625 0.025 0.046875
10 0.534375 0.71171875 0.059375 0.059375
7 0.59765625 0.64921875 0.0140625 0.0234375
7 0.6015625 0.65625 0.0171875 0.0265625
4 0.5984375 0.646875 0.0171875 0.03125
8 0.59296875 0.7578125 0.0203125 0.028125
6 0.5671875 0.76171875 0.01875 0.0328125
6 0.5734375 0.7828125 0.0140625 0.025
6 0.56796875 0.7828125 0.015625 0.028125
1 0.59296875 0.78046875 0.015625 0.0234375
1 0.6109375 0.784375 0.015625 0.021875
7 0.6265625 0.796875 0.0109375 0.0171875
6 0.64140625 0.79296875 0.0125 0.025
10 0.6578125 0.77421875 0.028125 0.040625
10 0.65859375 0.815625 0.025 0.034375
10 0.68671875 0.80234375 0.0296875 0.034375
4 0.709375 0.8265625 0.0171875 0.0171875
3 0.72109375 0.83203125 0.021875 0.0265625
4 0.69140625 0.84140625 0.0140625 0.015625
9 0.70859375 0.85078125 0.034375 0.03125
6 0.7375 0.83984375 0.009375 0.01875
8 0.740625 0.8375 0.0140625 0.0171875
3 0.715625 0.85859375 0.0265625 0.021875
3 0.7234375 0.8671875 0.0265625 0.021875
10 0.7359375 0.86953125 0.0265625 0.025
4 0.7140625 0.86796875 0.0125 0.0125
10 0.7421875 0.88828125 0.0234375 0.0234375
10 0.75859375 0.89609375 0.021875 0.0203125
3 0.76171875 0.89609375 0.01875 0.0140625
10 0.7625 0.8984375 0.0234375 0.021875
10 0.76484375 0.90234375 0.0265625 0.021875
10 0.7734375 0.909375 0.0203125 0.0171875
10 0.77421875 0.9125 0.01875 0.01875
10 0.78125 0.91328125 0.01875 0.0171875
3 0.7046875 0.67109375 0.034375 0.04375