3 0.528125 0.18359375 0.00390625 0.00546875
10 0.51796875 0.2078125 0.00390625 0.01015625
7 0.51796875 0.221875 0.00234375 0.0046875
4 0.51796875 0.2234375 0.00390625 0.0046875
3 0.52421875 0.22421875 0.0078125 0.00859375
6 0.54453125 0.2 0.0015625 0.00703125
6 0.5421875 0.2 0.00234375 0.00703125
7 0.53515625 0.2234375 0.00234375 0.00546875
4 0.53515625 0.22421875 0.00390625 0.0046875
7 0.5359375 0.228125 0.0015625 0.00546875
4 0.53515625 0.23046875 0.00234375 0.00546875
0 0.53828125 0.23671875 0.00390625 0.00703125
3 0.5390625 0.24296875 0.0046875 0.00625
3 0.53203125 0.2359375 0.00390625 0.00859375
3 0.5296875 0.2390625 0.00546875 0.00703125
6 0.5125 0.2375 0.0015625 0.00859375
6 0.515625 0.23984375 0.0015625 0.00703125
7 0.5203125 0.24140625 0.00234375 0.0046875
4 0.5203125 0.2453125 0.00234375 0.00546875
7 0.525 0.2421875 0.00234375 0.00625
3 0.5265625 0.246875 0.00625 0.01015625
0 0.534375 0.2515625 0.00234375 0.009375
7 0.5375 0.25078125 0.00234375 0.00546875
4 0.5375 0.25390625 0.00234375 0.009375
6 0.52734375 0.253125 0.00234375 0.00703125
6 0.52890625 0.259375 0.00234375 0.01015625
6 0.51953125 0.25390625 0.00234375 0.009375
6 0.515625 0.24609375 0.0015625 0.00859375
7 0.5109375 0.24375 0.0015625 0.0046875
4 0.51171875 0.2484375 0.00234375 0.00625
3 0.5046875 0.24921875 0.00546875 0.01015625
3 0.503125 0.2578125 0.00390625 0.00625
7 0.5109375 0.25625 0.00234375 0.00625
4 0.51171875 0.259375 0.00234375 0.00546875
7 0.5046875 0.2640625 0.00234375 0.00546875
4 0.5046875 0.26796875 0.00234375 0.00546875
7 0.51171875 0.2625 0.00234375 0.0046875
4 0.51171875 0.26796875 0.003125 0.00703125
7 0.51875 0.26953125 0.00234375 0.009375
4 0.51875 0.27421875 0.00234375 0.01015625
7 0.5234375 0.271875 0.00234375 0.00546875
4 0.52421875 0.2765625 0.003125 0.00625
3 0.5421875 0.26328125 0.00703125 0.009375
3 0.54140625 0.2703125 0.0078125 0.009375
3 0.54296875 0.27734375 0.0078125 0.01015625
6 0.534375 0.28046875 0.0015625 0.01171875
3 0.52890625 0.28359375 0.00625 0.0109375
7 0.521875 0.284375 0.00234375 0.00546875
4 0.521875 0.2859375 0.00234375 0.01171875
3 0.51328125 0.28359375 0.00703125 0.01171875
6 0.5046875 0.27890625 0.00234375 0.01015625
3 0.496875 0.28046875 0.00546875 0.01171875
6 0.5015625 0.27734375 0.003125 0.01171875
7 0.49453125 0.2828125 0.00234375 0.00625
4 0.49453125 0.28828125 0.00390625 0.009375
0 0.48984375 0.2953125 0.00625 0.01484375
7 0.49609375 0.2953125 0.003125 0.00703125
1 0.49609375 0.29921875 0.00546875 0.01015625
7 0.52421875 0.29453125 0.003125 0.00625
4 0.52421875 0.2984375 0.003125 0.009375
7 0.52265625 0.3 0.00234375 0.00546875
4 0.52265625 0.30390625 0.003125 0.01015625
6 0.5203125 0.3078125 0.00234375 0.01015625
7 0.51640625 0.2984375 0.00234375 0.00625
4 0.51640625 0.30390625 0.00234375 0.00625
7 0.50390625 0.2984375 0.003125 0.0109375
4 0.50390625 0.30546875 0.003125 0.0109375
3 0.490625 0.30625 0.00703125 0.0109375
10 0.48984375 0.31953125 0.00859375 0.01640625
7 0.521875 0.321875 0.003125 0.00859375
4 0.521875 0.32734375 0.003125 0.00859375
7 0.51953125 0.334375 0.00390625 0.00859375
4 0.51953125 0.340625 0.00390625 0.00859375
7 0.49921875 0.33203125 0.00234375 0.00859375
4 0.5 0.33828125 0.00390625 0.009375
7 0.49296875 0.334375 0.003125 0.01015625
4 0.49296875 0.340625 0.003125 0.00703125
7 0.4921875 0.346875 0.00234375 0.00859375
4 0.4921875 0.353125 0.003125 0.01015625
6 0.484375 0.3484375 0.00390625 0.01640625
7 0.5203125 0.34921875 0.00234375 0.009375
1 0.5203125 0.35390625 0.00234375 0.01015625
7 0.52265625 0.35859375 0.003125 0.0140625
9 0.51015625 0.36640625 0.02734375 0.021875
7 0.48671875 0.3546875 0.00390625 0.00703125
4 0.4875 0.359375 0.00390625 0.01015625
6 0.51015625 0.40703125 0.00546875 0.01875
3 0.5359375 0.42578125 0.01015625 0.01953125
3 0.47109375 0.36640625 0.00859375 0.01875
6 0.471875 0.3859375 0.00234375 0.015625
3 0.465625 0.38125 0.0078125 0.02109375
7 0.5125 0.43203125 0.00390625 0.01015625
4 0.5125 0.434375 0.00390625 0.021875
3 0.46015625 0.403125 0.01328125 0.0234375
0 0.45859375 0.41640625 0.00859375 0.0234375
7 0.5109375 0.45390625 0.00390625 0.01328125
7 0.48125 0.44609375 0.00546875 0.01328125
4 0.48125 0.45390625 0.0046875 0.015625
7 0.4765625 0.4625 0.00390625 0.01171875
4 0.47578125 0.471875 0.00546875 0.015625
7 0.4875 0.50390625 0.0046875 0.0140625
4 0.4875 0.515625 0.00546875 0.015625
3 0.4546875 0.43359375 0.01015625 0.021875
3 0.44765625 0.44609375 0.01484375 0.0203125
6 0.459375 0.4484375 0.00390625 0.01484375
6 0.45546875 0.4515625 0.00546875 0.015625
6 0.4484375 0.45390625 0.00546875 0.0203125
6 0.46171875 0.4703125 0.00390625 0.02421875
6 0.45390625 0.46953125 0.00546875 0.02109375
6 0.44921875 0.471875 0.00625 0.0234375
7 0.44296875 0.5015625 0.00625 0.021875
4 0.44296875 0.50625 0.00390625 0.01796875
3 0.4265625 0.51953125 0.0171875 0.03203125
7 0.453125 0.55078125 0.00703125 0.0203125
4 0.45234375 0.559375 0.00703125 0.015625
3 0.4953125 0.57421875 0.01796875 0.034375
3 0.41796875 0.5484375 0.01796875 0.028125
10 0.40625 0.57109375 0.01484375 0.034375
3 0.40390625 0.6109375 0.0234375 0.04296875
10 0.38671875 0.6515625 0.02578125 0.05859375
4 0.3765625 0.68046875 0.0125 0.02578125
6 0.4328125 0.559375 0.00546875 0.025
7 0.42578125 0.61640625 0.00859375 0.01953125
4 0.42421875 0.62578125 0.00625 0.0203125
7 0.49296875 0.63671875 0.00703125 0.021875
4 0.49296875 0.64765625 0.00703125 0.0234375
3 0.51875 0.684375 0.02265625 0.04921875
3 0.5203125 0.76015625 0.03359375 0.0609375
3 0.53359375 0.828125 0.025 0.059375
6 0.5140625 0.82890625 0.00859375 0.0453125
6 0.4984375 0.66875 0.00546875 0.034375
1 0.50234375 0.678125 0.00390625 0.03046875
7 0.478125 0.65859375 0.00703125 0.02109375
4 0.47734375 0.66875 0.00703125 0.028125
7 0.47421875 0.71796875 0.009375 0.025
7 0.47421875 0.715625 0.009375 0.03046875
4 0.47421875 0.71796875 0.01015625 0.03828125
7 0.4765625 0.81796875 0.009375 0.028125
1 0.4765625 0.83046875 0.0078125 0.03515625
7 0.4546875 0.759375 0.00703125 0.02890625
4 0.4546875 0.76875 0.00546875 0.0359375
7 0.45703125 0.803125 0.00703125 0.01875
7 0.459375 0.79375 0.009375 0.02421875
4 0.45859375 0.80625 0.00703125 0.03046875
7 0.4046875 0.75703125 0.0078125 0.0234375
4 0.4046875 0.771875 0.00859375 0.0296875
7 0.58125 0.9203125 0.01171875 0.03125
3 0.534375 0.98515625 0.028125 0.0296875
3 0.4140625 0.934375 0.03515625 0.08359375
3 0.33359375 0.925 0.0390625 0.09453125
3 0.3484375 0.78359375 0.02734375 0.06328125
3 0.290625 0.978125 0.034375 0.04375
4 0.30078125 0.93515625 0.02421875 0.04453125
7 0.459375 0.8578125 0.0078125 0.0265625
7 0.4625 0.853125 0.00703125 0.015625
4 0.459375 0.87109375 0.00703125 0.0359375
7 0.39140625 0.81328125 0.009375 0.02421875
4 0.390625 0.83046875 0.009375 0.03125
7 0.38046875 0.88125 0.00546875 0.015625
7 0.38125 0.8765625 0.009375 0.03203125
7 0.38203125 0.8703125 0.009375 0.028125
4 0.38046875 0.89375 0.01171875 0.03984375
7 0.028125 0.99296875 0.01015625 0.0140625
6 0.07265625 0.96953125 0.015625 0.03359375
6 0.08125 0.9484375 0.0140625 0.02578125
7 0.10625 0.92890625 0.01015625 0.0265625
6 0.11328125 0.93046875 0.00546875 0.01796875
7 0.12890625 0.90625 0.01015625 0.034375
7 0.146875 0.90390625 0.01171875 0.0265625
7 0.1140625 0.90078125 0.0109375 0.03515625
7 0.09765625 0.9015625 0.01484375 0.03125
4 0.109375 0.86953125 0.02734375 0.03515625
4 0.178125 0.84453125 0.02109375 0.0296875
6 0.15703125 0.81171875 0.00625 0.02578125
7 0.14375 0.80625 0.0109375 0.03125
1 0.14453125 0.7828125 0.021875 0.0234375
4 0.328125 0.8484375 0.0125 0.0359375
6 0.26796875 0.88125 0.0046875 0.02578125
7 0.25859375 0.89921875 0.00859375 0.0203125
4 0.2921875 0.85546875 0.02109375 0.0234375
4 0.2921875 0.83359375 0.01875 0.01953125
4 0.2921875 0.81953125 0.02109375 0.025
4 0.3 0.815625 0.021875 0.02109375
4 0.3015625 0.80625 0.021875 0.01953125
4 0.21484375 0.54765625 0.01171875 0.015625
6 0.246875 0.525 0.00546875 0.028125
6 0.25546875 0.5484375 0.00546875 0.028125
4 0.2796875 0.54375 0.01328125 0.015625
4 0.27890625 0.53203125 0.015625 0.01875
10 0.2734375 0.4828125 0.02421875 0.0359375
3 0.29765625 0.46875 0.01328125 0.0203125
4 0.3171875 0.453125 0.01171875 0.01640625
7 0.30859375 0.44296875 0.00546875 0.01328125
7 0.34140625 0.4609375 0.00390625 0.01171875
7 0.34453125 0.4546875 0.00390625 0.00703125
7 0.3421875 0.4515625 0.00390625 0.01171875
7 0.33828125 0.453125 0.00390625 0.01328125
7 0.3375 0.44765625 0.0046875 0.01171875
7 0.34296875 0.43984375 0.003125 0.01640625
4 0.3390625 0.428125 0.00625 0.0140625
7 0.35 0.434375 0.00390625 0.01328125
7 0.3578125 0.43203125 0.0046875 0.01328125
6 0.36171875 0.43515625 0.003125 0.01328125
7 0.36484375 0.421875 0.00546875 0.01328125
7 0.37109375 0.421875 0.00546875 0.01171875
7 0.36875 0.40390625 0.00390625 0.01171875
7 0.375 0.41171875 0.003125 0.009375
7 0.375 0.39609375 0.0046875 0.01015625
6 0.35703125 0.40546875 0.003125 0.0203125