3 0.21953125 0.175 0.01328125 0.009375
3 0.1671875 0.1984375 0.0109375 0.01875
3 0.171875 0.2078125 0.009375 0.0140625
7 0.128125 0.2578125 0.00546875 0.0140625
1 0.1375 0.26953125 0.0078125 0.01328125
1 0.13984375 0.25703125 0.0046875 0.0109375
6 0.14296875 0.2734375 0.00390625 0.0203125
6 0.0953125 0.3453125 0.0125 0.04296875
7 0.02734375 0.575 0.01796875 0.04609375
6 0.04375 0.56640625 0.01484375 0.0453125
6 0.075 0.46484375 0.01484375 0.0515625
6 0.0953125 0.49453125 0.00859375 0.04375
7 0.11171875 0.5109375 0.01484375 0.028125
6 0.10703125 0.48203125 0.009375 0.04140625
6 0.1109375 0.47578125 0.0078125 0.0453125
6 0.12578125 0.475 0.009375 0.04453125
6 0.134375 0.46875 0.01171875 0.0484375
6 0.1359375 0.453125 0.00859375 0.03828125
6 0.13984375 0.4515625 0.00859375 0.04296875
6 0.1171875 0.46484375 0.0078125 0.04453125
6 0.115625 0.45234375 0.00625 0.0359375
6 0.12109375 0.453125 0.009375 0.03671875
2 0.190625 0.4359375 0.065625 0.1046875
3 0.2421875 0.43828125 0.0328125 0.0453125
3 0.2796875 0.46875 0.03359375 0.06640625
3 0.2609375 0.58828125 0.04453125 0.103125
3 0.1515625 0.225 0.02578125 0.01484375
2 0.2515625 0.27265625 0.02578125 0.06171875
3 0.26796875 0.30703125 0.01953125 0.025
3 0.2765625 0.321875 0.01171875 0.03046875
3 0.18828125 0.21484375 0.01015625 0.01640625
6 0.18203125 0.209375 0.003125 0.01328125
6 0.18359375 0.20859375 0.003125 0.01328125
6 0.2484375 0.34140625 0.01328125 0.0484375
6 0.28203125 0.3328125 0.00859375 0.05078125
6 0.2875 0.35078125 0.00859375 0.0515625
6 0.29765625 0.34296875 0.0109375 0.046875
3 0.28203125 0.29140625 0.01484375 0.025
3 0.284375 0.27421875 0.01328125 0.0234375
3 0.28203125 0.26171875 0.01328125 0.025
3 0.284375 0.246875 0.01171875 0.0203125
3 0.2671875 0.23984375 0.01171875 0.0203125
3 0.2734375 0.22578125 0.00859375 0.01484375
3 0.27109375 0.21640625 0.009375 0.015625
3 0.28515625 0.21796875 0.009375 0.0140625
3 0.29375 0.23046875 0.0109375 0.015625
3 0.3 0.24609375 0.01171875 0.01875
3 0.30390625 0.26484375 0.01328125 0.0203125
3 0.3046875 0.27890625 0.015625 0.025
3 0.41015625 0.540625 0.04296875 0.07890625
3 0.46875 0.54921875 0.0484375 0.08359375
6 0.3921875 0.34609375 0.01328125 0.0484375
6 0.3984375 0.33515625 0.01328125 0.05703125
6 0.425 0.35625 0.01328125 0.04140625
6 0.4171875 0.35390625 0.0109375 0.040625
6 0.47109375 0.34296875 0.01171875 0.06484375
6 0.43359375 0.309375 0.01796875 0.028125
10 0.36796875 0.303125 0.01796875 0.03125
3 0.40859375 0.2890625 0.015625 0.02578125
3 0.384375 0.28671875 0.01796875 0.02578125
3 0.35859375 0.28359375 0.01640625 0.02109375
3 0.3484375 0.25625 0.0125 0.02109375
3 0.3421875 0.24375 0.0109375 0.015625
3 0.3375 0.23828125 0.009375 0.015625
3 0.33203125 0.23046875 0.009375 0.01328125
3 0.328125 0.225 0.009375 0.01640625
3 0.3234375 0.21953125 0.0078125 0.01171875
3 0.3203125 0.21484375 0.00859375 0.01328125
3 0.31328125 0.209375 0.00859375 0.01015625
3 0.30859375 0.20390625 0.00703125 0.009375
3 0.30390625 0.19921875 0.00703125 0.00859375
3 0.3 0.19609375 0.0078125 0.0109375
3 0.29453125 0.19296875 0.00703125 0.01015625
6 0.26796875 0.18671875 0.0015625 0.00703125
6 0.26640625 0.1859375 0.00234375 0.01015625
7 0.29765625 0.1828125 0.00234375 0.00625
4 0.2984375 0.1859375 0.00546875 0.00546875
6 0.31640625 0.18203125 0.00234375 0.00859375
7 0.31953125 0.18359375 0.003125 0.00859375
4 0.31875 0.1859375 0.00546875 0.00625
3 0.3078125 0.19296875 0.00703125 0.00859375
3 0.31171875 0.19765625 0.00703125 0.01015625
3 0.3171875 0.20234375 0.0078125 0.00859375
3 0.321875 0.20625 0.0078125 0.01015625
3 0.3265625 0.20859375 0.00703125 0.01015625
9 0.33203125 0.2140625 0.00859375 0.01328125
3 0.33671875 0.21953125 0.00859375 0.0109375
3 0.34140625 0.22578125 0.009375 0.01171875
3 0.34609375 0.23046875 0.00859375 0.01328125
3 0.35234375 0.23828125 0.01015625 0.0140625
3 0.36015625 0.24453125 0.01171875 0.01953125
3 0.36484375 0.25390625 0.0125 0.02109375
3 0.37109375 0.26328125 0.0109375 0.01875
3 0.40390625 0.26015625 0.0140625 0.01875
3 0.32109375 0.19453125 0.00703125 0.01015625
3 0.33046875 0.2046875 0.00859375 0.009375
3 0.33671875 0.20859375 0.00859375 0.0109375
3 0.34140625 0.2109375 0.00703125 0.0109375
3 0.35078125 0.221875 0.00859375 0.0109375
3 0.36015625 0.2265625 0.01171875 0.01640625
2 0.37890625 0.23828125 0.02578125 0.04609375
2 0.33046875 0.1890625 0.01640625 0.0234375
3 0.33828125 0.19921875 0.009375 0.01015625
3 0.34453125 0.20546875 0.009375 0.01328125
3 0.353125 0.2109375 0.00859375 0.0140625
3 0.38359375 0.2015625 0.01328125 0.009375
3 0.390625 0.2046875 0.015625 0.009375
3 0.3984375 0.20546875 0.01640625 0.0109375
3 0.4046875 0.2125 0.01640625 0.01171875
7 0.4015625 0.221875 0.00234375 0.009375
4 0.4015625 0.22890625 0.00390625 0.00859375
7 0.41015625 0.2296875 0.00234375 0.009375
1 0.409375 0.2359375 0.00390625 0.00859375