6 0.38125 0.334375 0.040625 0.01875
6 0.38671875 0.3421875 0.0390625 0.01875
6 0.384375 0.34765625 0.025 0.0140625
6 0.41796875 0.35625 0.034375 0.0171875
6 0.4015625 0.371875 0.0390625 0.01875
6 0.4078125 0.3734375 0.034375 0.0171875
6 0.41796875 0.3671875 0.034375 0.0171875
6 0.41328125 0.37734375 0.0359375 0.0203125
6 0.42734375 0.3796875 0.028125 0.0140625
6 0.4265625 0.3859375 0.0359375 0.0171875
6 0.421875 0.39296875 0.040625 0.01875
6 0.44296875 0.3203125 0.034375 0.0171875
6 0.4515625 0.32890625 0.03125 0.015625
6 0.4484375 0.36015625 0.03125 0.015625
7 0.46875 0.38515625 0.03125 0.0203125
7 0.4765625 0.375 0.0296875 0.0171875
6 0.5 0.45078125 0.034375 0.0171875
6 0.4859375 0.43046875 0.0296875 0.0171875
6 0.48984375 0.38359375 0.028125 0.0140625
6 0.48984375 0.375 0.025 0.0140625
6 0.49765625 0.36875 0.0359375 0.0203125
6 0.50546875 0.38203125 0.03125 0.0171875
6 0.515625 0.38359375 0.025 0.0125
6 0.49453125 0.38671875 0.025 0.0140625
6 0.4984375 0.3953125 0.03125 0.015625
6 0.51875 0.38984375 0.0265625 0.0140625
6 0.50859375 0.42421875 0.028125 0.0140625
6 0.5140625 0.415625 0.028125 0.0140625
6 0.51484375 0.41953125 0.0265625 0.0125
6 0.51796875 0.4234375 0.025 0.0140625
6 0.52109375 0.43671875 0.03125 0.015625
6 0.5296875 0.4375 0.025 0.0125
7 0.5296875 0.44375 0.0203125 0.0125
6 0.52890625 0.45390625 0.028125 0.0140625
6 0.54921875 0.471875 0.028125 0.0140625
6 0.56640625 0.5125 0.025 0.0125
6 0.56875 0.5203125 0.025 0.0125
6 0.578125 0.53515625 0.025 0.0140625
6 0.57578125 0.525 0.0296875 0.015625
6 0.578125 0.515625 0.0234375 0.0125
6 0.578125 0.5 0.0234375 0.0125
6 0.58359375 0.5484375 0.025 0.0140625
6 0.58515625 0.5453125 0.0265625 0.0140625
6 0.58828125 0.5625 0.0296875 0.015625
6 0.59375 0.5671875 0.0265625 0.015625
6 0.5953125 0.57265625 0.025 0.0140625
7 0.60234375 0.571875 0.0109375 0.00625
6 0.5953125 0.603125 0.0265625 0.0171875
6 0.6125 0.5921875 0.025 0.0125
6 0.6375 0.596875 0.01875 0.0109375
6 0.6140625 0.6125 0.025 0.0109375
6 0.61953125 0.61953125 0.0234375 0.0109375
6 0.61796875 0.63359375 0.01875 0.009375
6 0.61796875 0.63671875 0.025 0.0109375
6 0.61328125 0.60859375 0.021875 0.0125
6 0.61875 0.60625 0.0234375 0.0125
6 0.64296875 0.67890625 0.025 0.0140625
7 0.6359375 0.653125 0.0203125 0.0125
6 0.7375 0.946875 0.021875 0.009375
6 0.73046875 0.940625 0.01875 0.0109375
6 0.7359375 0.93984375 0.025 0.0125
6 0.7390625 0.9328125 0.0234375 0.0109375
6 0.7390625 0.93203125 0.021875 0.009375
6 0.7375 0.92578125 0.028125 0.0140625
6 0.734375 0.9203125 0.025 0.0140625
6 0.73203125 0.91171875 0.021875 0.009375
6 0.73046875 0.90703125 0.0234375 0.0125
6 0.7234375 0.846875 0.01875 0.0109375
6 0.74296875 0.8453125 0.01875 0.009375
6 0.7421875 0.84296875 0.0125 0.00625
6 0.746875 0.83984375 0.0203125 0.0109375
6 0.74765625 0.83125 0.0203125 0.009375
4 0.72890625 0.76953125 0.0125 0.009375
4 0.728125 0.7625 0.0125 0.0109375
4 0.72734375 0.7515625 0.0109375 0.009375
6 0.72890625 0.7453125 0.015625 0.0078125
6 0.73046875 0.74296875 0.015625 0.0078125
6 0.72734375 0.73984375 0.015625 0.0078125
8 0.6625 0.68984375 0.025 0.028125
3 0.64296875 0.6328125 0.03125 0.028125
3 0.66015625 0.61796875 0.0265625 0.03125
3 0.66015625 0.6078125 0.01875 0.01875
3 0.6578125 0.58984375 0.021875 0.0234375
3 0.6546875 0.5703125 0.03125 0.028125
3 0.65 0.55625 0.021875 0.025
3 0.6453125 0.53671875 0.025 0.0296875
10 0.6421875 0.59921875 0.034375 0.0265625
3 0.6171875 0.571875 0.0359375 0.03125
3 0.60546875 0.55625 0.0296875 0.03125
3 0.59296875 0.5390625 0.0359375 0.0359375
3 0.5828125 0.51796875 0.0328125 0.034375
3 0.56875 0.49921875 0.0296875 0.028125
3 0.5578125 0.4828125 0.0375 0.0328125
3 0.5421875 0.44765625 0.0390625 0.0359375
3 0.54609375 0.4296875 0.040625 0.0421875
3 0.56328125 0.43203125 0.03125 0.0234375
3 0.55390625 0.41171875 0.0359375 0.028125
3 0.5109375 0.2875 0.0328125 0.0265625
10 0.49921875 0.31640625 0.05 0.0375
10 0.509375 0.34453125 0.0359375 0.0296875
10 0.53515625 0.32109375 0.0359375 0.04375
3 0.53359375 0.38046875 0.034375 0.0265625
6 0.55390625 0.353125 0.0203125 0.0125
6 0.55390625 0.359375 0.021875 0.0109375
6 0.5671875 0.3796875 0.0203125 0.0109375
6 0.56875 0.37109375 0.0234375 0.0125
6 0.5625 0.421875 0.025 0.0125
6 0.5796875 0.4140625 0.0234375 0.0125
6 0.59296875 0.421875 0.01875 0.0109375
6 0.59296875 0.4265625 0.0203125 0.009375
3 0.5578125 0.36171875 0.0296875 0.0328125
3 0.56796875 0.38125 0.025 0.025
3 0.5796875 0.39921875 0.0234375 0.0234375
3 0.590625 0.41328125 0.025 0.021875
3 0.59765625 0.42734375 0.0265625 0.0234375
3 0.575 0.44921875 0.0328125 0.0265625
3 0.584375 0.47421875 0.028125 0.021875
3 0.59609375 0.48984375 0.03125 0.028125
3 0.60390625 0.5125 0.0296875 0.025
3 0.59375 0.45703125 0.03125 0.0234375
3 0.59921875 0.47421875 0.025 0.021875
3 0.6078125 0.49453125 0.0296875 0.0234375
3 0.61640625 0.5125 0.028125 0.028125
3 0.628125 0.528125 0.025 0.0234375
7 0.61796875 0.52890625 0.0203125 0.0125
4 0.6109375 0.53125 0.015625 0.0140625
3 0.6328125 0.5140625 0.0203125 0.0203125
6 0.646875 0.5171875 0.015625 0.0078125
6 0.63515625 0.50390625 0.015625 0.0078125
6 0.63984375 0.50703125 0.021875 0.0125
6 0.63515625 0.49140625 0.0234375 0.0234375
6 0.62265625 0.47734375 0.025 0.0265625
6 0.59921875 0.4453125 0.0234375 0.0234375
6 0.6109375 0.4359375 0.0234375 0.0234375
7 0.5625 0.2953125 0.015625 0.0109375
7 0.56875 0.3109375 0.0140625 0.009375
4 0.55546875 0.296875 0.01875 0.0171875
4 0.559375 0.3140625 0.01875 0.01875
6 0.58515625 0.3125 0.01875 0.009375
6 0.58359375 0.3078125 0.0140625 0.0078125
6 0.58671875 0.309375 0.0234375 0.0109375
3 0.5859375 0.34765625 0.0328125 0.0359375
3 0.60859375 0.39453125 0.025 0.034375
3 0.59609375 0.35546875 0.028125 0.0328125
3 0.6109375 0.38984375 0.021875 0.025
3 0.63359375 0.44296875 0.021875 0.025
6 0.628125 0.434375 0.01875 0.009375
6 0.62890625 0.43984375 0.015625 0.0078125
7 0.63359375 0.43671875 0.009375 0.00625
3 0.65859375 0.30078125 0.0078125 0.0109375
3 0.6515625 0.30234375 0.009375 0.0109375
3 0.65078125 0.3046875 0.009375 0.0109375
3 0.65078125 0.3078125 0.009375 0.0109375
3 0.64921875 0.3125 0.0078125 0.0078125
3 0.65859375 0.3109375 0.00625 0.0046875
3 0.65390625 0.31796875 0.0125 0.0125
3 0.659375 0.3265625 0.0078125 0.0078125
3 0.653125 0.32109375 0.009375 0.0109375
3 0.65546875 0.3296875 0.0125 0.0125
3 0.65390625 0.33125 0.0125 0.0140625
3 0.65625 0.33515625 0.0109375 0.009375
3 0.65703125 0.3421875 0.0078125 0.009375
3 0.65859375 0.34609375 0.009375 0.0109375
3 0.65859375 0.35 0.0140625 0.0125
3 0.65859375 0.3546875 0.0078125 0.0078125
3 0.659375 0.3578125 0.0109375 0.009375
10 0.66015625 0.36328125 0.0125 0.0125
3 0.6609375 0.371875 0.0125 0.0140625
3 0.66328125 0.390625 0.0125 0.0140625
10 0.6640625 0.39609375 0.0125 0.009375
3 0.665625 0.42578125 0.015625 0.0140625
3 0.6796875 0.44296875 0.0125 0.0125
3 0.6796875 0.45859375 0.0125 0.0140625
3 0.684375 0.4734375 0.0125 0.0125
6 0.68125 0.4671875 0.009375 0.00625
6 0.6734375 0.47265625 0.0109375 0.00625
6 0.66953125 0.45703125 0.009375 0.00625
6 0.66796875 0.45859375 0.009375 0.00625
6 0.66875 0.46328125 0.0109375 0.00625
6 0.66953125 0.46640625 0.0125 0.00625
3 0.7015625 0.50390625 0.0125 0.0125
3 0.70390625 0.51015625 0.0140625 0.015625
3 0.70546875 0.51484375 0.0125 0.0140625
3 0.70625 0.5203125 0.0125 0.0140625
3 0.71015625 0.509375 0.0125 0.0125
3 0.7125 0.51640625 0.0078125 0.0078125
3 0.71640625 0.521875 0.009375 0.0109375
3 0.71953125 0.52734375 0.009375 0.0109375
3 0.721875 0.53828125 0.009375 0.0109375
3 0.72578125 0.54453125 0.0078125 0.0078125
3 0.73125 0.55859375 0.009375 0.0109375
3 0.73359375 0.57578125 0.0078125 0.0078125
10 0.72734375 0.5625 0.009375 0.0109375
3 0.72265625 0.55625 0.0125 0.0125
2 0.73671875 0.6859375 0.0484375 0.065625
6 0.72890625 0.7125 0.0140625 0.0078125
7 0.72734375 0.70859375 0.009375 0.00625
3 0.75546875 0.67890625 0.0140625 0.0171875
3 0.759375 0.68671875 0.0125 0.0125
2 0.85625 0.89375 0.028125 0.0359375
2 0.85234375 0.88671875 0.0234375 0.03125
2 0.84921875 0.88359375 0.025 0.034375
2 0.84921875 0.884375 0.025 0.028125
2 0.84609375 0.87890625 0.0203125 0.0296875
2 0.8421875 0.871875 0.0234375 0.03125
2 0.83828125 0.865625 0.025 0.0375
2 0.83515625 0.85546875 0.028125 0.0359375
6 0.8234375 0.86796875 0.009375 0.00625
6 0.8234375 0.865625 0.009375 0.00625
6 0.821875 0.86171875 0.009375 0.00625
6 0.8234375 0.86015625 0.009375 0.00625
6 0.81953125 0.85703125 0.0125 0.00625
2 0.81171875 0.8125 0.028125 0.0296875
2 0.80625 0.80390625 0.025 0.0296875
2 0.80390625 0.8015625 0.025 0.0296875
2 0.7984375 0.79140625 0.0328125 0.034375
2 0.79609375 0.78359375 0.028125 0.0359375
2 0.79296875 0.7734375 0.034375 0.0390625
3 0.76171875 0.6703125 0.0125 0.0140625
10 0.76796875 0.6796875 0.0140625 0.015625
3 0.76796875 0.6703125 0.0078125 0.0078125
3 0.7703125 0.67578125 0.0125 0.0125
3 0.7734375 0.684375 0.0125 0.0125
3 0.77890625 0.6953125 0.0078125 0.0078125
3 0.78125 0.6859375 0.0078125 0.0078125
3 0.77578125 0.665625 0.0125 0.0125
3 0.78125 0.66953125 0.009375 0.0109375
3 0.77734375 0.671875 0.0078125 0.0078125
3 0.77890625 0.67578125 0.0078125 0.009375
3 0.7828125 0.675 0.0078125 0.009375
3 0.78359375 0.68125 0.009375 0.0109375
3 0.78828125 0.68515625 0.00625 0.0078125
3 0.78828125 0.69453125 0.0078125 0.0078125
3 0.77890625 0.70625 0.009375 0.0140625
3 0.7796875 0.71015625 0.0125 0.0125
3 0.78515625 0.721875 0.0125 0.0140625