3 0.4453125 0.865625 0.05234375 0.11875
3 0.43671875 0.609375 0.0328125 0.06328125
3 0.44609375 0.528125 0.0265625 0.04921875
3 0.528125 0.46875 0.02421875 0.0390625
3 0.453125 0.471875 0.0234375 0.03984375
3 0.40078125 0.38046875 0.01875 0.03359375
3 0.46484375 0.4109375 0.01953125 0.03359375
3 0.49375 0.384375 0.01796875 0.02890625
3 0.5265625 0.38046875 0.01953125 0.0296875
3 0.52265625 0.34921875 0.015625 0.025
3 0.54296875 0.33046875 0.01484375 0.021875
3 0.5484375 0.35703125 0.01640625 0.025
3 0.49609375 0.3515625 0.01484375 0.0234375
3 0.5390625 0.28046875 0.0125 0.01953125
3 0.44375 0.228125 0.01015625 0.01328125
3 0.45625 0.22890625 0.00859375 0.01171875
3 0.46953125 0.228125 0.00859375 0.0140625
3 0.46015625 0.18046875 0.00625 0.009375
3 0.534375 0.19609375 0.00859375 0.009375
10 0.490625 0.57265625 0.03203125 0.06171875
10 0.4796875 0.24375 0.02265625 0.01875
10 0.51875 0.31171875 0.0125 0.02109375
10 0.49296875 0.33359375 0.0125 0.0296875
10 0.46953125 0.34296875 0.015625 0.03359375
10 0.47109375 0.21484375 0.00703125 0.01640625
10 0.528125 0.171875 0.00546875 0.01015625
10 0.9171875 0.26953125 0.0265625 0.01875
10 0.1359375 0.2296875 0.02109375 0.0203125
10 0.1625 0.2296875 0.01796875 0.01640625
10 0.0765625 0.225 0.021875 0.01640625
10 0.025 0.2234375 0.01796875 0.01484375
10 0.0203125 0.2140625 0.01640625 0.01484375
3 0.4671875 0.38359375 0.01796875 0.02578125
3 0.4671875 0.36171875 0.01640625 0.0234375
3 0.4734375 0.33203125 0.01328125 0.021875
3 0.4734375 0.31953125 0.01171875 0.01640625
3 0.4734375 0.30859375 0.01328125 0.01875
3 0.475 0.2984375 0.01328125 0.015625
3 0.475 0.2859375 0.01015625 0.01484375
3 0.47734375 0.2796875 0.01015625 0.01640625
3 0.49453125 0.3234375 0.01171875 0.01640625
3 0.496875 0.31328125 0.01171875 0.01953125
3 0.4953125 0.3015625 0.01171875 0.01875
3 0.4984375 0.29140625 0.0109375 0.0203125
3 0.49765625 0.28046875 0.01171875 0.01796875
3 0.51953125 0.33046875 0.01484375 0.02578125
3 0.540625 0.3125 0.01328125 0.02109375
3 0.51796875 0.30546875 0.0125 0.0203125
3 0.51953125 0.29375 0.01328125 0.01953125
3 0.51640625 0.28125 0.01171875 0.021875
3 0.52734375 0.25703125 0.0234375 0.01484375
3 0.51796875 0.2546875 0.021875 0.01640625
3 0.4390625 0.246875 0.01953125 0.015625
3 0.91640625 0.27578125 0.0296875 0.01640625
3 0.634375 0.25546875 0.02265625 0.01796875
3 0.5703125 0.24921875 0.02265625 0.01328125
3 0.57890625 0.25625 0.02578125 0.015625
3 0.61015625 0.2609375 0.02421875 0.015625
3 0.39609375 0.24375 0.02421875 0.01796875
3 0.38125 0.240625 0.02265625 0.01328125
3 0.11953125 0.228125 0.015625 0.01328125
3 0.096875 0.22890625 0.0140625 0.01015625
3 0.0890625 0.221875 0.01484375 0.009375
3 0.09921875 0.22421875 0.015625 0.01171875
3 0.14609375 0.228125 0.01640625 0.01171875
3 0.0296875 0.21640625 0.01328125 0.0109375
3 0.04453125 0.22578125 0.01875 0.01015625
3 0.6609375 0.96015625 0.06015625 0.0796875
7 0.64453125 0.6390625 0.01171875 0.03359375
4 0.64375 0.6515625 0.01484375 0.046875
4 0.58671875 0.36796875 0.0046875 0.01640625
4 0.53515625 0.23984375 0.00390625 0.01328125
4 0.42109375 0.23125 0.003125 0.00703125
7 0.5859375 0.36015625 0.00390625 0.01640625
7 0.534375 0.23671875 0.003125 0.01015625
7 0.4953125 0.23828125 0.00234375 0.01171875
7 0.42109375 0.228125 0.003125 0.0109375
7 0.43203125 0.20546875 0.00234375 0.009375
1 0.4328125 0.2078125 0.00234375 0.00859375
6 0.48828125 0.1921875 0.00234375 0.01015625
6 0.51640625 0.19609375 0.00234375 0.01015625
6 0.51328125 0.196875 0.00234375 0.009375
6 0.57109375 0.27890625 0.003125 0.01953125
6 0.55 0.2390625 0.00234375 0.01328125
1 0.49609375 0.24140625 0.00703125 0.009375
9 0.42734375 0.2515625 0.02265625 0.01875
9 0.5375 0.28515625 0.01640625 0.03359375
2 0.44453125 0.2140625 0.01484375 0.03046875
3 0.45703125 0.22421875 0.00703125 0.0109375
3 0.45859375 0.21796875 0.00859375 0.01328125
3 0.47109375 0.221875 0.00703125 0.01015625
3 0.4734375 0.209375 0.00703125 0.01015625
3 0.475 0.20390625 0.00625 0.009375
3 0.4609375 0.2125 0.00703125 0.01171875
3 0.4640625 0.19921875 0.00546875 0.009375
3 0.4671875 0.1921875 0.00546875 0.01015625
3 0.45390625 0.20078125 0.00703125 0.009375
3 0.44453125 0.19765625 0.01015625 0.00859375
3 0.45 0.2109375 0.00703125 0.01328125
3 0.46171875 0.2015625 0.00703125 0.0109375
10 0.47421875 0.1984375 0.00625 0.0109375
3 0.47265625 0.171875 0.00546875 0.00859375