3 0.6625 0.825 0.0453125 0.09609375
9 0.36484375 0.82734375 0.07578125 0.275
6 0.309375 0.76796875 0.01640625 0.07109375
6 0.28515625 0.81328125 0.01484375 0.07890625
3 0.3078125 0.63828125 0.03984375 0.08828125
3 0.3359375 0.57734375 0.0296875 0.06796875
3 0.35 0.52109375 0.02265625 0.0453125
3 0.3640625 0.484375 0.02578125 0.0453125
3 0.4046875 0.384375 0.01953125 0.0359375
9 0.415625 0.359375 0.0140625 0.040625
9 0.46328125 0.43359375 0.02890625 0.1234375
3 0.41875 0.33671875 0.0140625 0.02578125
3 0.42578125 0.321875 0.01484375 0.021875
3 0.43359375 0.30703125 0.0125 0.01875
3 0.484375 0.26171875 0.0125 0.0234375
3 0.50390625 0.228125 0.009375 0.02890625
3 0.53359375 0.30390625 0.0125 0.0265625
3 0.58828125 0.31328125 0.01328125 0.02109375
0 0.6078125 0.3078125 0.00859375 0.02109375
3 0.40078125 0.58125 0.03203125 0.06328125