6 0.65390625 0.484375 0.0421875 0.084375
6 0.63671875 0.56796875 0.0359375 0.071875
6 0.81875 0.45390625 0.0421875 0.09375
6 0.87421875 0.4875 0.03125 0.0578125
7 0.85 0.4890625 0.0328125 0.053125
6 0.83359375 0.6171875 0.0375 0.078125
6 0.82578125 0.29296875 0.0453125 0.0953125
6 0.69609375 0.56328125 0.034375 0.071875
6 0.72578125 0.5109375 0.0359375 0.0796875
6 0.66640625 0.39296875 0.040625 0.090625
6 0.73828125 0.31796875 0.05 0.103125
6 0.596875 0.425 0.0328125 0.0796875
6 0.6859375 0.37265625 0.03125 0.059375
6 0.50703125 0.415625 0.0390625 0.096875
6 0.67421875 0.2890625 0.0390625 0.0875
6 0.56171875 0.38125 0.0484375 0.0859375
7 0.5703125 0.4390625 0.0375 0.0640625
6 0.54140625 0.4546875 0.0203125 0.053125
7 0.53125 0.4609375 0.0328125 0.0875
6 0.628125 0.62109375 0.03125 0.0703125
6 0.70625 0.58359375 0.03125 0.0703125
6 0.71875 0.61796875 0.03125 0.0703125
6 0.73125 0.640625 0.0296875 0.065625
6 0.66171875 0.5953125 0.0359375 0.075
6 0.67734375 0.6265625 0.0375 0.071875
6 0.69765625 0.6546875 0.0328125 0.065625
6 0.70703125 0.67890625 0.028125 0.0609375
6 0.7453125 0.6671875 0.028125 0.0625
6 0.7609375 0.68515625 0.0296875 0.065625
6 0.7234375 0.696875 0.0296875 0.0640625
6 0.77109375 0.71328125 0.025 0.0578125
6 0.7375 0.7171875 0.0234375 0.0578125
6 0.64296875 0.6484375 0.0296875 0.0703125
6 0.66171875 0.6640625 0.0265625 0.065625
6 0.6828125 0.6875 0.025 0.0578125
6 0.62578125 0.67578125 0.028125 0.0640625
6 0.7 0.70546875 0.025 0.0578125
6 0.70859375 0.71875 0.0203125 0.053125
6 0.65390625 0.69609375 0.021875 0.0546875
6 0.6140625 0.70625 0.025 0.0609375
6 0.6703125 0.7203125 0.021875 0.05625
6 0.678125 0.72578125 0.0203125 0.0515625
6 0.63515625 0.70703125 0.0203125 0.0484375
6 0.63984375 0.73515625 0.021875 0.0484375
6 0.646875 0.7390625 0.0234375 0.0578125
6 0.63984375 0.753125 0.025 0.0578125
6 0.67265625 0.76640625 0.0203125 0.053125
6 0.66796875 0.78515625 0.0203125 0.0515625
7 0.759375 0.8828125 0.0109375 0.025
7 0.7734375 0.884375 0.0171875 0.0359375
3 0.63125 0.81953125 0.08125 0.0671875
6 0.45546875 0.72734375 0.025 0.05625
6 0.4703125 0.7265625 0.03125 0.0703125
6 0.4796875 0.6703125 0.028125 0.0609375
6 0.53125 0.7390625 0.0203125 0.053125
7 0.5921875 0.71640625 0.021875 0.05625
6 0.5734375 0.7171875 0.01875 0.040625
6 0.55078125 0.715625 0.0203125 0.0515625
6 0.54140625 0.71796875 0.0203125 0.0515625
6 0.5171875 0.696875 0.0234375 0.0609375
6 0.5296875 0.69921875 0.0234375 0.0640625
6 0.503125 0.73515625 0.0296875 0.0671875
6 0.55 0.76640625 0.021875 0.05625
6 0.553125 0.78671875 0.0234375 0.0515625
6 0.5671875 0.79296875 0.0234375 0.0625
6 0.56953125 0.59296875 0.03125 0.075
6 0.578125 0.6328125 0.0265625 0.065625
6 0.51171875 0.6078125 0.03125 0.0734375
6 0.5140625 0.63359375 0.028125 0.05625
6 0.48984375 0.6234375 0.0375 0.075
6 0.49921875 0.63984375 0.03125 0.0625
6 0.49296875 0.65390625 0.03125 0.0734375
6 0.5421875 0.57578125 0.03125 0.0703125
6 0.53359375 0.5328125 0.0390625 0.0828125
6 0.54609375 0.54296875 0.0375 0.08125
4 0.44765625 0.61015625 0.0453125 0.0578125
6 0.4640625 0.50625 0.0328125 0.0796875
6 0.45546875 0.51015625 0.0296875 0.08125
8 0.4359375 0.50859375 0.0859375 0.1296875
6 0.853125 0.246875 0.0375 0.078125
7 0.4140625 0.725 0.0328125 0.06875
1 0.4078125 0.70703125 0.053125 0.0625
3 0.46328125 0.8703125 0.06875 0.0703125
3 0.43984375 0.90546875 0.0625 0.0609375
3 0.38359375 0.859375 0.0375 0.05
6 0.81796875 0.2328125 0.0328125 0.04375
5 0.734375 0.51171875 0.0265625 0.053125
1 0.8171875 0.7375 0.040625 0.0546875
6 0.84375 0.82578125 0.0171875 0.0390625
6 0.85546875 0.82265625 0.01875 0.0421875
7 0.84609375 0.8109375 0.01875 0.028125
8 0.7171875 0.38046875 0.05 0.1046875