6 0.03125 0.49453125 0.0140625 0.046875
3 0.165625 0.5484375 0.07890625 0.09140625
3 0.22421875 0.67265625 0.10390625 0.07109375
3 0.37734375 0.35546875 0.0265625 0.03125
3 0.4203125 0.36015625 0.0265625 0.03125
3 0.4640625 0.353125 0.0265625 0.03125
3 0.46328125 0.40703125 0.03125 0.03515625
3 0.41015625 0.4359375 0.03515625 0.03828125
9 0.434375 0.4890625 0.1015625 0.16640625
3 0.515625 0.30625 0.01796875 0.0234375
3 0.540625 0.31484375 0.01796875 0.0203125
10 0.51015625 0.3609375 0.02421875 0.0390625
3 0.51875 0.334375 0.01953125 0.025
9 0.50703125 0.26875 0.01875 0.03359375
3 0.5390625 0.28671875 0.01484375 0.01640625
9 0.55 0.29765625 0.01640625 0.0265625
3 0.5296875 0.25859375 0.0109375 0.01484375
3 0.53125 0.2703125 0.01171875 0.01484375
3 0.5515625 0.2453125 0.00859375 0.0109375
3 0.56484375 0.2359375 0.0078125 0.01015625
6 0.56796875 0.21640625 0.0015625 0.009375
4 0.55 0.26640625 0.00546875 0.0140625
7 0.55 0.2640625 0.00234375 0.01015625
3 0.5640625 0.28671875 0.01328125 0.015625
3 0.571875 0.25546875 0.01171875 0.01484375
3 0.56875 0.26484375 0.01171875 0.01484375
3 0.5796875 0.2734375 0.01171875 0.0140625
3 0.58671875 0.2609375 0.01015625 0.0140625
3 0.5828125 0.25078125 0.01015625 0.01015625
3 0.57890625 0.23359375 0.00859375 0.00859375
10 0.57578125 0.2265625 0.00703125 0.01171875
3 0.58671875 0.23046875 0.00703125 0.00859375
9 0.59453125 0.2546875 0.01171875 0.0203125
3 0.60078125 0.246875 0.00859375 0.0109375
3 0.59140625 0.22578125 0.00703125 0.00859375
3 0.6015625 0.22734375 0.00859375 0.01015625
3 0.6125 0.221875 0.00703125 0.00703125
3 0.61171875 0.234375 0.00703125 0.01015625
3 0.6140625 0.23046875 0.00703125 0.00703125
10 0.61796875 0.2265625 0.00625 0.01171875
3 0.6234375 0.221875 0.0046875 0.00703125