3 0.46875 0.16953125 0.0953125 0.0734375
3 0.5546875 0.11953125 0.075 0.078125
3 0.57890625 0.18125 0.0796875 0.0484375
3 0.71484375 0.15625 0.04375 0.0296875
3 0.7453125 0.1328125 0.04375 0.05625
3 0.40703125 0.46953125 0.1328125 0.0859375
3 0.515625 0.49765625 0.0921875 0.103125
3 0.55859375 0.47109375 0.071875 0.08125
3 0.61171875 0.36171875 0.075 0.053125
3 0.68125 0.321875 0.059375 0.040625
3 0.71875 0.30390625 0.0453125 0.034375
3 0.809375 0.178125 0.0375 0.0265625
3 0.82421875 0.2 0.0328125 0.0234375
3 0.83984375 0.23671875 0.028125 0.021875
3 0.7796875 0.26796875 0.0390625 0.0296875
3 0.80234375 0.25625 0.03125 0.025
3 0.75 0.35859375 0.0453125 0.0453125
3 0.715625 0.3625 0.059375 0.0640625
10 0.78359375 0.14296875 0.0484375 0.0265625
3 0.79921875 0.14765625 0.0296875 0.01875
3 0.2921875 0.334375 0.109375 0.071875
3 0.6765625 0.38828125 0.046875 0.0578125
3 0.85 0.13203125 0.0234375 0.0140625
10 0.8640625 0.13515625 0.0234375 0.0125
10 0.8875 0.18203125 0.0234375 0.0140625
10 0.88984375 0.2015625 0.0171875 0.0140625
10 0.903125 0.2046875 0.021875 0.0203125
10 0.87109375 0.21953125 0.025 0.015625
10 0.87421875 0.23984375 0.028125 0.0265625
10 0.90234375 0.2296875 0.0234375 0.0265625
4 0.4140625 0.66640625 0.0671875 0.0390625
4 0.40859375 0.69140625 0.0625 0.0328125
4 0.6234375 0.4421875 0.0296875 0.028125
6 0.3328125 0.41015625 0.0359375 0.0171875
6 0.33984375 0.41015625 0.05625 0.0203125
6 0.540625 0.0921875 0.0359375 0.0171875
6 0.7484375 0.3859375 0.034375 0.015625
6 0.75390625 0.39296875 0.03125 0.0140625
4 0.6953125 0.4453125 0.0328125 0.0203125
4 0.684375 0.45703125 0.0359375 0.0171875
7 0.778125 0.23359375 0.021875 0.0109375
7 0.765625 0.246875 0.0171875 0.009375
4 0.7546875 0.25 0.0171875 0.009375
6 0.7171875 0.06796875 0.0296875 0.0140625
7 0.8578125 0.21328125 0.015625 0.0078125