3 0.43359375 0.009375 0.0828125 0.01875
3 0.52109375 0.03671875 0.0765625 0.0734375
3 0.546875 0.13203125 0.0703125 0.0734375
10 0.2421875 0.1171875 0.0796875 0.0859375
3 0.24140625 0.190625 0.0671875 0.0703125
1 0.1 0.23125 0.028125 0.028125
7 0.25859375 0.28828125 0.015625 0.0203125
4 0.2609375 0.28359375 0.0234375 0.0234375
10 0.06953125 0.328125 0.065625 0.075
3 0.1125 0.2984375 0.0453125 0.065625
3 0.1375 0.3140625 0.04375 0.065625
10 0.159375 0.3390625 0.0453125 0.0671875
10 0.18203125 0.36796875 0.04375 0.0640625
3 0.20703125 0.38203125 0.0453125 0.065625
3 0.225 0.40078125 0.0453125 0.065625
3 0.2453125 0.41796875 0.04375 0.0640625
3 0.0328125 0.40390625 0.0453125 0.0671875
10 0.38046875 0.16171875 0.0875 0.096875
3 0.3453125 0.31328125 0.0609375 0.0625
7 0.2953125 0.35 0.0140625 0.0203125
1 0.29765625 0.3453125 0.021875 0.0234375
3 0.43671875 0.22421875 0.065625 0.0703125
3 0.484375 0.27421875 0.0640625 0.0671875
3 0.5265625 0.32890625 0.0609375 0.0625
10 0.5296875 0.2140625 0.0546875 0.0609375
3 0.44609375 0.425 0.053125 0.0546875
3 0.47890625 0.403125 0.0609375 0.0609375
10 0.4671875 0.53125 0.0515625 0.05625
10 0.49765625 0.5625 0.0453125 0.0453125
10 0.51640625 0.5109375 0.0484375 0.0515625
10 0.54921875 0.4921875 0.0484375 0.053125
3 0.5625 0.38203125 0.0625 0.065625
2 0.6125 0.4671875 0.1515625 0.15625
10 0.6 0.50078125 0.0578125 0.059375
10 0.5359375 0.603125 0.053125 0.05625
3 0.565625 0.6359375 0.0484375 0.0484375
10 0.6171875 0.57265625 0.053125 0.0546875
3 0.66953125 0.54140625 0.05625 0.059375
3 0.70234375 0.590625 0.05 0.0546875
2 0.74140625 0.66328125 0.1125 0.115625
3 0.596875 0.728125 0.05 0.0546875
3 0.65234375 0.71171875 0.04375 0.040625
10 0.67734375 0.7515625 0.040625 0.04375
3 0.69609375 0.72265625 0.046875 0.0453125
3 0.7015625 0.78046875 0.04375 0.04375
3 0.7265625 0.75234375 0.046875 0.0453125
3 0.7515625 0.73671875 0.0421875 0.046875
10 0.7875 0.70390625 0.046875 0.053125
3 0.7296875 0.80625 0.0453125 0.0453125
3 0.75078125 0.8328125 0.04375 0.04375
3 0.77421875 0.86015625 0.040625 0.04375
10 0.7859375 0.7828125 0.046875 0.05
10 0.78671875 0.82734375 0.0421875 0.0453125
10 0.840625 0.78125 0.05 0.0546875
10 0.83515625 0.81953125 0.040625 0.046875
10 0.86953125 0.8125 0.0453125 0.0453125
3 0.85859375 0.86015625 0.040625 0.04375
10 0.79453125 0.88515625 0.0375 0.0421875
3 0.815625 0.90546875 0.0375 0.0390625
3 0.83671875 0.9265625 0.0359375 0.0375
10 0.85546875 0.95 0.0328125 0.0375
3 0.87109375 0.9203125 0.025 0.034375
3 0.884375 0.84765625 0.04375 0.0515625
10 0.86796875 0.66796875 0.0453125 0.0484375
3 0.81640625 0.6640625 0.0453125 0.046875
10 0.8484375 0.57734375 0.05 0.0546875
10 0.67734375 0.440625 0.0546875 0.0609375
10 0.6234375 0.28359375 0.0671875 0.075
10 0.70859375 0.33671875 0.0640625 0.06875
7 0.82421875 0.36953125 0.015625 0.0203125
1 0.8234375 0.365625 0.0203125 0.025
3 0.70625 0.11640625 0.075 0.08125
3 0.74375 0.1765625 0.0625 0.0671875
1 0.721875 0.06875 0.0234375 0.0359375
1 0.715625 0.06015625 0.021875 0.028125
1 0.71015625 0.0546875 0.01875 0.021875
1 0.75390625 0.115625 0.021875 0.03125
4 0.778125 0.10234375 0.0203125 0.0203125
1 0.76171875 0.1171875 0.025 0.034375
1 0.76484375 0.12109375 0.021875 0.034375
1 0.76796875 0.12421875 0.0234375 0.03125
1 0.77578125 0.12734375 0.0265625 0.0359375
1 0.81484375 0.20625 0.021875 0.0359375
1 0.809375 0.19921875 0.021875 0.03125
4 0.88671875 0.253125 0.021875 0.025
4 0.93359375 0.3421875 0.01875 0.0328125
1 0.9765625 0.40625 0.0234375 0.028125
1 0.99140625 0.440625 0.0171875 0.028125
1 0.99453125 0.4453125 0.0109375 0.028125
10 0.12421875 0.109375 0.040625 0.0546875
3 0.0171875 0.45390625 0.034375 0.0484375
10 0.05234375 0.4234375 0.0421875 0.0578125
3 0.0703125 0.446875 0.0390625 0.0546875
3 0.05859375 0.4953125 0.0546875 0.053125
10 0.09453125 0.46484375 0.0390625 0.0609375
3 0.08203125 0.51640625 0.0484375 0.05
10 0.11484375 0.48515625 0.0359375 0.0484375
10 0.13515625 0.49609375 0.0375 0.0546875
10 0.1578125 0.51484375 0.040625 0.05625
3 0.175 0.53671875 0.0390625 0.05625
3 0.19296875 0.5546875 0.0390625 0.0578125
3 0.1828125 0.6046875 0.0515625 0.0484375
3 0.21171875 0.56875 0.0421875 0.0578125
10 0.2296875 0.58671875 0.0375 0.0546875
3 0.22265625 0.63125 0.0453125 0.0421875
3 0.24609375 0.603125 0.0421875 0.0578125
3 0.2640625 0.62265625 0.0421875 0.05625
10 0.28046875 0.63359375 0.0390625 0.053125
10 0.29609375 0.64765625 0.0359375 0.0484375
3 0.28984375 0.6875 0.0390625 0.0390625
10 0.3140625 0.665625 0.040625 0.05625
3 0.3375 0.68125 0.0359375 0.0484375
3 0.3609375 0.653125 0.04375 0.04375
3 0.3296875 0.72734375 0.046875 0.0453125
10 0.3625 0.75390625 0.040625 0.040625
3 0.3546875 0.69609375 0.04375 0.0546875
3 0.375 0.7125 0.0390625 0.0515625
3 0.38828125 0.7265625 0.0359375 0.05
10 0.4140625 0.70859375 0.04375 0.0515625
3 0.40234375 0.74453125 0.0375 0.046875
3 0.38984375 0.78203125 0.040625 0.040625
10 0.4125 0.7578125 0.040625 0.053125
10 0.42734375 0.7640625 0.0375 0.046875
10 0.428125 0.81015625 0.0328125 0.0328125
10 0.43359375 0.859375 0.0359375 0.046875
10 0.46953125 0.8109375 0.0375 0.046875
10 0.496875 0.83125 0.034375 0.040625
10 0.515625 0.846875 0.04375 0.05625
10 0.4859375 0.90078125 0.0328125 0.0375
1 0.4984375 0.92109375 0.0109375 0.0171875
3 0.5125 0.9203125 0.034375 0.0359375
3 0.5265625 0.8578125 0.0375 0.046875
10 0.54921875 0.83046875 0.034375 0.0375
10 0.5421875 0.86875 0.034375 0.04375
3 0.553125 0.8796875 0.0359375 0.04375
3 0.575 0.86015625 0.0375 0.0359375
3 0.53125 0.9328125 0.0265625 0.034375
10 0.5484375 0.9453125 0.025 0.0328125
10 0.5625 0.959375 0.028125 0.0375
3 0.5671875 0.8921875 0.0390625 0.046875
3 0.5796875 0.90078125 0.0359375 0.04375
3 0.5890625 0.9125 0.0359375 0.04375
3 0.5984375 0.92421875 0.0359375 0.040625
3 0.60859375 0.934375 0.034375 0.0359375
10 0.61875 0.94375 0.034375 0.0375
3 0.58984375 0.98359375 0.025 0.0328125
3 0.61015625 0.99140625 0.0265625 0.0171875
3 0.61484375 0.8953125 0.0359375 0.0359375
3 0.634375 0.9515625 0.034375 0.0375
10 0.6484375 0.93046875 0.040625 0.04375
3 0.6421875 0.9609375 0.0359375 0.0421875
10 0.653125 0.975 0.040625 0.0484375
3 0.67734375 0.9515625 0.0359375 0.0359375
3 0.6671875 0.98203125 0.034375 0.0359375
3 0.67421875 0.9859375 0.0359375 0.028125
3 0.68359375 0.99140625 0.0359375 0.0171875
3 0.7078125 0.98046875 0.0359375 0.034375
3 0.72734375 0.965625 0.034375 0.0328125
10 0.69609375 0.9953125 0.0359375 0.009375
10 0.26328125 0.43828125 0.04375 0.0640625
3 0.284375 0.45703125 0.0453125 0.0671875
10 0.303125 0.47890625 0.0453125 0.065625
10 0.321875 0.49609375 0.0453125 0.065625
3 0.340625 0.50390625 0.04375 0.0640625
3 0.353125 0.525 0.04375 0.065625
10 0.37265625 0.55234375 0.040625 0.05625
3 0.390625 0.565625 0.040625 0.05625
3 0.40625 0.58125 0.040625 0.05625
3 0.4234375 0.5984375 0.046875 0.0609375
3 0.44921875 0.6171875 0.0453125 0.0609375
3 0.46015625 0.6359375 0.04375 0.059375
3 0.475 0.65625 0.0453125 0.0625
3 0.5046875 0.68828125 0.0453125 0.0578125
3 0.52265625 0.70234375 0.040625 0.05
3 0.53125 0.7203125 0.040625 0.05
6 0.56796875 0.765625 0.0109375 0.021875
3 0.7046875 0.88984375 0.0421875 0.0453125
3 0.715625 0.9015625 0.0421875 0.04375
3 0.696875 0.87265625 0.0421875 0.0453125
3 0.6875 0.8625 0.04375 0.0484375
10 0.67421875 0.85546875 0.0359375 0.0421875
6 0.65078125 0.86640625 0.0125 0.0203125
3 0.7359375 0.921875 0.0390625 0.0453125
3 0.746875 0.93046875 0.0375 0.0421875
3 0.75859375 0.9390625 0.0359375 0.040625
10 0.7765625 0.959375 0.0390625 0.04375
3 0.78828125 0.97109375 0.0390625 0.04375
3 0.79765625 0.9796875 0.0390625 0.040625
3 0.815625 0.9890625 0.040625 0.021875
10 0.00546875 0.53125 0.0109375 0.053125
10 0.0296875 0.559375 0.03125 0.0453125
10 0.04765625 0.57578125 0.034375 0.0453125
10 0.021875 0.59921875 0.04375 0.0515625
6 0.003125 0.6296875 0.00625 0.025
10 0.0046875 0.67421875 0.009375 0.0421875