10 0.65546875 0.39140625 0.09375 0.0765625
3 0.596875 0.43515625 0.0890625 0.09375
3 0.546875 0.4515625 0.0734375 0.0765625
3 0.47890625 0.47421875 0.0640625 0.075
3 0.3953125 0.48671875 0.065625 0.065625
3 0.33828125 0.5078125 0.0515625 0.0578125
3 0.321875 0.51171875 0.05 0.0546875
9 0.2796875 0.521875 0.1125 0.1203125
9 0.24140625 0.53984375 0.0734375 0.0828125
9 0.1984375 0.55 0.0765625 0.1046875
9 0.18515625 0.5625 0.084375 0.0890625
9 0.17109375 0.56640625 0.084375 0.096875
9 0.1546875 0.59453125 0.075 0.0828125
9 0.1453125 0.59921875 0.0796875 0.0890625
9 0.11015625 0.60546875 0.053125 0.05625
9 0.09375 0.6234375 0.0625 0.0703125
9 0.0765625 0.609375 0.0578125 0.075
3 0.05859375 0.5796875 0.021875 0.0234375
3 0.0625 0.58984375 0.021875 0.0265625
9 0.0109375 0.50625 0.021875 0.01875
9 0.04140625 0.58203125 0.040625 0.0625
10 0.04140625 0.55546875 0.0203125 0.0203125
3 0.04765625 0.5609375 0.01875 0.0234375
9 0.01953125 0.55 0.0390625 0.040625
9 0.01953125 0.56953125 0.0390625 0.0390625
9 0.01796875 0.5875 0.0359375 0.0375
9 0.01640625 0.62109375 0.0328125 0.0359375
9 0.01484375 0.63515625 0.0296875 0.0296875
3 0.034375 0.45234375 0.01875 0.0234375
3 0.115625 0.38125 0.0265625 0.03125
3 0.128125 0.3765625 0.0265625 0.03125
3 0.1390625 0.359375 0.028125 0.03125
9 0.1453125 0.3265625 0.0359375 0.046875
9 0.2921875 0.25078125 0.053125 0.0546875
4 0.26484375 0.27578125 0.021875 0.0171875
4 0.2703125 0.29140625 0.021875 0.01875
3 0.37421875 0.17265625 0.0546875 0.0546875
9 0.48203125 0.26796875 0.315625 0.2078125
3 0.3625 0.06953125 0.0546875 0.04375
3 0.42734375 0.10625 0.0609375 0.05
9 0.375 0.01953125 0.0625 0.0390625
9 0.540625 0.06875 0.246875 0.1375
3 0.13203125 0.01015625 0.0234375 0.0203125
9 0.68984375 0.3390625 0.1015625 0.190625
3 0.03125 0.2734375 0.015625 0.0203125