6 0.0078125 0.6859375 0.01328125 0.04453125
3 0.0375 0.6625 0.075 0.090625
10 0.20546875 0.64765625 0.05234375 0.12109375
6 0.19296875 0.403125 0.01015625 0.040625
4 0.071875 0.3390625 0.01484375 0.03046875
4 0.0203125 0.37265625 0.021875 0.03203125
4 0.025 0.36640625 0.0234375 0.02109375
8 0.11953125 0.371875 0.02578125 0.053125
2 0.1703125 0.2984375 0.06796875 0.13359375
3 0.16953125 0.25 0.02421875 0.0390625
10 0.25625 0.321875 0.0265625 0.06328125
3 0.23046875 0.2640625 0.02265625 0.046875
3 0.26015625 0.2546875 0.02109375 0.040625
3 0.20390625 0.21328125 0.025 0.0359375
6 0.21015625 0.2140625 0.009375 0.01875
7 0.228125 0.21640625 0.00703125 0.0234375
7 0.24375 0.19765625 0.00546875 0.0234375
7 0.2375 0.1859375 0.00703125 0.0234375
7 0.23671875 0.18203125 0.00546875 0.01796875
7 0.21953125 0.175 0.00546875 0.02421875
7 0.21796875 0.16640625 0.0046875 0.0203125
4 0.22890625 0.2234375 0.00703125 0.0234375
4 0.24296875 0.20546875 0.00625 0.01953125
4 0.23671875 0.190625 0.00546875 0.01640625
1 0.21953125 0.1828125 0.00546875 0.015625
1 0.21796875 0.17578125 0.00546875 0.01796875
3 0.19921875 0.18125 0.01875 0.03203125
10 0.19609375 0.1640625 0.03515625 0.034375
10 0.16484375 0.16015625 0.03828125 0.0296875
10 0.26953125 0.1859375 0.01796875 0.04140625
3 0.20078125 0.12109375 0.02890625 0.02421875
7 0.17578125 0.1140625 0.00546875 0.0109375
3 0.22265625 0.1234375 0.01484375 0.02421875
3 0.23828125 0.128125 0.0140625 0.02578125
3 0.24453125 0.11171875 0.01328125 0.02421875
6 0.2171875 0.11328125 0.00390625 0.015625
6 0.221875 0.1109375 0.00390625 0.01796875
6 0.22734375 0.10859375 0.00390625 0.01484375
6 0.2296875 0.115625 0.00390625 0.01875
6 0.2328125 0.1109375 0.00390625 0.02109375
6 0.23515625 0.11328125 0.00390625 0.01875
7 0.2609375 0.10546875 0.00546875 0.01640625
7 0.26640625 0.06875 0.00390625 0.01328125
4 0.2609375 0.1109375 0.00390625 0.0140625
4 0.26640625 0.071875 0.00390625 0.0109375
6 0.2515625 0.07890625 0.00234375 0.0140625
6 0.24921875 0.078125 0.00234375 0.01484375
6 0.24921875 0.07421875 0.003125 0.01328125
6 0.25546875 0.065625 0.00234375 0.0140625
6 0.2578125 0.05859375 0.00234375 0.015625
6 0.26015625 0.06484375 0.003125 0.01640625
6 0.2609375 0.0578125 0.00234375 0.0140625
6 0.23984375 0.0640625 0.00390625 0.01640625
3 0.24453125 0.07421875 0.0125 0.01875
3 0.20703125 0.09140625 0.02890625 0.01875
3 0.2125 0.0828125 0.02734375 0.01796875
3 0.2234375 0.0734375 0.02578125 0.01640625
10 0.21875 0.0609375 0.01953125 0.01953125
10 0.24375 0.05859375 0.0234375 0.01796875
3 0.25078125 0.05234375 0.009375 0.015625
10 0.2359375 0.0390625 0.01796875 0.01796875
10 0.24765625 0.0265625 0.01796875 0.015625
3 0.26015625 0.0203125 0.0140625 0.01328125
3 0.25 0.0140625 0.0171875 0.0109375
3 0.24765625 0.009375 0.01796875 0.01171875
3 0.25078125 0.00703125 0.0171875 0.01015625
6 0.26875 0.01875 0.003125 0.01328125
6 0.2734375 0.01875 0.00390625 0.0140625
7 0.2625 0.00859375 0.00390625 0.0109375
4 0.2625 0.0109375 0.00234375 0.00859375
10 0.28671875 0.05546875 0.01015625 0.01875
10 0.31328125 0.10234375 0.01953125 0.02890625
10 0.346875 0.13359375 0.01484375 0.028125
3 0.34140625 0.09140625 0.0125 0.01875
10 0.328125 0.05703125 0.009375 0.01953125
3 0.33359375 0.0296875 0.00859375 0.01484375
10 0.35546875 0.0390625 0.00859375 0.01640625
10 0.371875 0.0390625 0.01015625 0.0140625
8 0.3765625 0.05234375 0.00546875 0.01171875
7 0.3765625 0.04921875 0.003125 0.00859375
7 0.35078125 0.02578125 0.003125 0.009375
4 0.35078125 0.02890625 0.003125 0.00703125
6 0.35 0.00625 0.00234375 0.0109375
6 0.3578125 0.01640625 0.00234375 0.01171875
7 0.36328125 0.11640625 0.00390625 0.01328125
8 0.3640625 0.1234375 0.0109375 0.0234375
8 0.375 0.109375 0.0109375 0.0265625
3 0.5375 0.65078125 0.0796875 0.11484375
2 0.5796875 0.5140625 0.11796875 0.22890625
6 0.6140625 0.46640625 0.0140625 0.0453125
6 0.61796875 0.48828125 0.009375 0.046875
10 0.53984375 0.2890625 0.0453125 0.04609375
7 0.459375 0.3265625 0.0078125 0.021875
7 0.4578125 0.31875 0.01015625 0.025
4 0.4578125 0.328125 0.00703125 0.03125
8 0.50078125 0.22578125 0.0125 0.025
6 0.5265625 0.23125 0.0078125 0.03125
6 0.52734375 0.209375 0.00546875 0.02421875
6 0.5328125 0.2109375 0.00546875 0.028125
1 0.50859375 0.2046875 0.00859375 0.021875
1 0.49296875 0.19453125 0.00859375 0.0203125
7 0.4828125 0.178125 0.00703125 0.015625
6 0.4671875 0.1765625 0.0046875 0.02421875
10 0.4453125 0.18828125 0.01640625 0.03671875
10 0.45859375 0.14921875 0.01484375 0.03046875
10 0.428125 0.15234375 0.021875 0.02890625
4 0.41484375 0.12109375 0.01171875 0.0140625
3 0.40546875 0.1125 0.01484375 0.02109375
4 0.43671875 0.1140625 0.0109375 0.01328125
9 0.42421875 0.09921875 0.02890625 0.0234375
6 0.39296875 0.09921875 0.003125 0.01875
8 0.3890625 0.10078125 0.00859375 0.01640625
3 0.4203125 0.0890625 0.02109375 0.015625
3 0.415625 0.078125 0.02265625 0.015625
10 0.4046875 0.071875 0.021875 0.01953125
4 0.425 0.08125 0.009375 0.01015625
10 0.40546875 0.05234375 0.01953125 0.01796875
10 0.3921875 0.0390625 0.0171875 0.015625
3 0.38984375 0.03828125 0.0171875 0.01015625
10 0.38984375 0.0359375 0.01796875 0.01484375
10 0.3890625 0.03125 0.02109375 0.01640625
10 0.3828125 0.021875 0.0171875 0.01171875
10 0.38359375 0.01875 0.01640625 0.0140625
10 0.37734375 0.015625 0.01484375 0.01328125
3 0.36640625 0.26953125 0.021875 0.0390625