9 0.5125 0.53671875 0.265625 0.3265625
8 0.7390625 0.5546875 0.0875 0.078125
9 0.775 0.6203125 0.2109375 0.265625
4 0.86328125 0.55234375 0.0359375 0.0203125
9 0.88125 0.6296875 0.140625 0.1734375
9 0.959375 0.61015625 0.071875 0.0765625
9 0.971875 0.6359375 0.05625 0.1125
9 0.98515625 0.64140625 0.0296875 0.1078125
3 0.9765625 0.44140625 0.0390625 0.04375
10 0.95859375 0.42421875 0.0375 0.040625
9 0.9421875 0.39609375 0.084375 0.0828125
9 0.90859375 0.38515625 0.1109375 0.10625
10 0.871875 0.3515625 0.0546875 0.0484375
9 0.859375 0.328125 0.1375 0.11875
10 0.81328125 0.303125 0.0515625 0.05
3 0.7890625 0.29140625 0.053125 0.053125
3 0.746875 0.26015625 0.059375 0.0515625
3 0.721875 0.24375 0.0515625 0.0265625