6 0.734375 0.81875 0.0109375 0.0609375
3 0.9765625 0.43203125 0.04296875 0.03046875
9 0.93203125 0.33828125 0.0375 0.021875
5 0.8828125 0.31640625 0.01953125 0.028125
7 0.65078125 0.38984375 0.00546875 0.02421875
10 0.6390625 0.38828125 0.03515625 0.028125
6 0.6 0.3734375 0.003125 0.02109375
6 0.60859375 0.378125 0.00390625 0.02578125
1 0.54453125 0.36796875 0.00625 0.01640625
5 0.5796875 0.3609375 0.03828125 0.04296875
10 0.59609375 0.3828125 0.03046875 0.034375
7 0.55 0.446875 0.00703125 0.021875
4 0.55 0.453125 0.00625 0.02421875
7 0.5484375 0.38515625 0.00546875 0.01640625
1 0.5484375 0.38984375 0.00859375 0.01328125
3 0.56328125 0.39453125 0.03671875 0.021875
3 0.475 0.95078125 0.0578125 0.0984375
9 0.38828125 0.78359375 0.06171875 0.13671875
3 0.32109375 0.77890625 0.0515625 0.10546875
3 0.47734375 0.66953125 0.03359375 0.06015625
7 0.22265625 0.66171875 0.01484375 0.0359375
6 0.278125 0.553125 0.0078125 0.03828125
3 0.34296875 0.60859375 0.03515625 0.07109375
3 0.51484375 0.58203125 0.02734375 0.046875
3 0.50625 0.5109375 0.02421875 0.03671875
3 0.5109375 0.43125 0.01796875 0.02890625
6 0.58359375 0.48046875 0.00625 0.03125
6 0.57890625 0.4703125 0.00390625 0.03125
6 0.57734375 0.46796875 0.00546875 0.03125
6 0.575 0.46171875 0.00546875 0.03125
3 0.4953125 0.39296875 0.01484375 0.021875
3 0.3984375 0.42578125 0.01796875 0.03125
3 0.38359375 0.35234375 0.028125 0.01796875
3 0.48984375 0.35546875 0.01171875 0.01953125
3 0.09296875 0.3390625 0.02421875 0.01875
3 0.0625 0.371875 0.0359375 0.02109375
3 0.0125 0.3359375 0.02421875 0.01640625
3 0.01875 0.33359375 0.02109375 0.01640625
10 0.0234375 0.32890625 0.0265625 0.01953125
10 0.04453125 0.2984375 0.0109375 0.015625
10 0.03125 0.3125 0.0203125 0.02109375
6 0.03203125 0.3171875 0.00546875 0.01953125
3 0.034375 0.328125 0.02890625 0.01796875
3 0.0390625 0.3265625 0.025 0.015625
3 0.04296875 0.3234375 0.0234375 0.015625
10 0.05 0.31953125 0.025 0.01875
3 0.0515625 0.30234375 0.01328125 0.0140625
3 0.0640625 0.3 0.01015625 0.01484375
10 0.0671875 0.31015625 0.02109375 0.01875
3 0.08046875 0.3015625 0.0140625 0.0140625
9 0.0984375 0.296875 0.01953125 0.0203125
10 0.11953125 0.29453125 0.02265625 0.01875
9 0.13125 0.290625 0.03046875 0.0234375
10 0.13125 0.3140625 0.02734375 0.02109375
3 0.446875 0.36953125 0.01484375 0.02109375
9 0.415625 0.38984375 0.0171875 0.0296875
9 0.415625 0.35703125 0.02265625 0.0453125
3 0.42109375 0.340625 0.01171875 0.01875
3 0.4375 0.34921875 0.0125 0.0203125
3 0.46640625 0.34765625 0.01171875 0.01796875
3 0.44765625 0.33125 0.0109375 0.01796875
3 0.46484375 0.31328125 0.01015625 0.01484375
3 0.403125 0.31875 0.0109375 0.01484375
7 0.41328125 0.31953125 0.00390625 0.01484375
4 0.41328125 0.32109375 0.00390625 0.0109375
3 0.43046875 0.31796875 0.01015625 0.015625
3 0.48046875 0.30625 0.009375 0.01484375
2 0.48828125 0.31875 0.01640625 0.03671875
3 0.4671875 0.29296875 0.00859375 0.01171875
3 0.4671875 0.26640625 0.00703125 0.01015625
3 0.47734375 0.2734375 0.00625 0.01015625
9 0.47890625 0.28359375 0.009375 0.02109375
3 0.43046875 0.3 0.01015625 0.01640625
3 0.43125 0.28984375 0.00859375 0.01328125
10 0.43359375 0.2765625 0.00625 0.0140625
10 0.45078125 0.29921875 0.00859375 0.01796875
3 0.45078125 0.2890625 0.00859375 0.0109375
3 0.434375 0.25390625 0.00546875 0.01015625
10 0.43828125 0.2671875 0.00703125 0.015625
3 0.4421875 0.2640625 0.00703125 0.0109375
10 0.453125 0.27109375 0.00703125 0.01484375
3 0.453125 0.2640625 0.00546875 0.01015625
3 0.44296875 0.25390625 0.00546875 0.01015625
3 0.44609375 0.24921875 0.00546875 0.01015625
9 0.45390625 0.25390625 0.00703125 0.01796875
3 0.4546875 0.25390625 0.00546875 0.009375
9 0.44375 0.23125 0.00546875 0.009375
3 0.446875 0.234375 0.0046875 0.00703125
3 0.44921875 0.23046875 0.0046875 0.00625
9 0.44609375 0.240625 0.00625 0.01328125
9 0.45546875 0.24140625 0.00546875 0.009375
10 0.453125 0.2390625 0.00390625 0.01015625
3 0.45625 0.2359375 0.0046875 0.00625
10 0.45625 0.2296875 0.00390625 0.009375
3 0.4734375 0.240625 0.0046875 0.00625
3 0.47265625 0.23203125 0.00390625 0.00625
3 0.46484375 0.234375 0.00390625 0.00703125
9 0.46328125 0.23125 0.00546875 0.00859375
3 0.325 0.334375 0.02890625 0.01875