3 0.40078125 0.5625 0.0984375 0.0859375
0 0.325 0.58515625 0.0890625 0.1015625
8 0.31171875 0.696875 0.0546875 0.05625
6 0.3796875 0.64375 0.028125 0.046875
6 0.39609375 0.6078125 0.0203125 0.0453125
7 0.403125 0.63828125 0.0203125 0.0328125
4 0.41875 0.6484375 0.0296875 0.040625
6 0.44765625 0.72578125 0.0171875 0.0328125
7 0.47578125 0.7328125 0.0171875 0.0296875
9 0.5625 0.63984375 0.09375 0.0921875
6 0.6421875 0.6 0.021875 0.040625
7 0.61953125 0.6359375 0.0171875 0.0296875
6 0.60859375 0.63515625 0.0171875 0.0328125
6 0.596875 0.66171875 0.0171875 0.0359375
7 0.5890625 0.6578125 0.0171875 0.025
6 0.5734375 0.66640625 0.0203125 0.0421875
6 0.5578125 0.66171875 0.0171875 0.0359375
10 0.54609375 0.746875 0.0859375 0.08125
10 0.6140625 0.76328125 0.0796875 0.078125
8 0.70390625 0.6578125 0.0640625 0.0609375
7 0.696875 0.675 0.01875 0.0296875
7 0.709375 0.69140625 0.01875 0.028125
7 0.71171875 0.72265625 0.021875 0.0390625
7 0.6953125 0.7578125 0.015625 0.0265625
6 0.6703125 0.7765625 0.0234375 0.0453125
4 0.7125 0.71640625 0.0328125 0.0359375
7 0.8015625 0.6703125 0.021875 0.03125
1 0.825 0.66015625 0.0390625 0.0546875
6 0.86328125 0.6953125 0.028125 0.0515625
6 0.834375 0.74375 0.028125 0.0515625
6 0.84765625 0.728125 0.0265625 0.05
6 0.853125 0.709375 0.03125 0.0515625
6 0.7296875 0.77734375 0.0203125 0.0453125
6 0.72109375 0.7734375 0.0203125 0.0421875
6 0.71171875 0.775 0.0203125 0.0453125
8 0.78515625 0.8078125 0.065625 0.0671875
6 0.81953125 0.8015625 0.0234375 0.0453125
8 0.84765625 0.8171875 0.0765625 0.0765625
7 0.85234375 0.78515625 0.0265625 0.05
7 0.86328125 0.778125 0.01875 0.028125
4 0.853125 0.784375 0.04375 0.0515625
6 0.884375 0.7859375 0.0265625 0.05
6 0.8734375 0.80625 0.021875 0.040625
1 0.8875 0.81015625 0.028125 0.0421875
0 0.909375 0.83125 0.0515625 0.06875
3 0.85078125 0.97421875 0.0765625 0.0515625
3 0.76015625 0.9609375 0.0609375 0.0609375
3 0.54453125 0.92421875 0.0578125 0.0484375
1 0.57421875 0.94609375 0.025 0.0296875
7 0.57265625 0.9515625 0.0171875 0.0328125
3 0.29765625 0.86796875 0.0546875 0.0484375
4 0.64375 0.99453125 0.021875 0.0109375
7 0.6421875 0.99609375 0.0125 0.0078125
7 0.63828125 0.99453125 0.0109375 0.0109375
8 0.503125 0.97265625 0.034375 0.03125
7 0.4984375 0.9828125 0.0109375 0.021875
3 0.221875 0.92421875 0.0390625 0.040625