7 0.38203125 0.34296875 0.0640625 0.046875
7 0.459375 0.3609375 0.0578125 0.0390625
7 0.46015625 0.36015625 0.0578125 0.0390625
7 0.3125 0.33984375 0.0609375 0.0421875
7 0.26796875 0.33046875 0.053125 0.0375
7 0.284375 0.3359375 0.053125 0.0375
6 0.4390625 0.13359375 0.05 0.0296875
4 0.4875 0.371875 0.05 0.0359375
4 0.53046875 0.36015625 0.0484375 0.0421875
4 0.5046875 0.3578125 0.0375 0.028125
6 0.5890625 0.3921875 0.053125 0.034375
7 0.53984375 0.32109375 0.034375 0.0234375
6 0.5296875 0.215625 0.05 0.0328125
6 0.528125 0.20390625 0.0421875 0.028125
6 0.69609375 0.478125 0.0453125 0.028125
6 0.7109375 0.4890625 0.0453125 0.028125
6 0.7828125 0.52421875 0.0375 0.0265625
6 0.78046875 0.50546875 0.0328125 0.021875
6 0.675 0.40546875 0.0453125 0.028125
6 0.65703125 0.38828125 0.040625 0.0265625
6 0.63671875 0.325 0.0453125 0.028125
7 0.634375 0.30859375 0.0328125 0.0203125
6 0.67421875 0.44609375 0.046875 0.0328125
6 0.68515625 0.45 0.0453125 0.028125
6 0.74375 0.55859375 0.0453125 0.028125
6 0.746875 0.56328125 0.0328125 0.0203125
7 0.53828125 0.1875 0.034375 0.0234375
8 0.3890625 0.14609375 0.059375 0.0671875
3 0.58203125 0.24453125 0.078125 0.0828125
7 0.67109375 0.3171875 0.021875 0.0140625
7 0.67421875 0.3234375 0.0265625 0.01875
7 0.67578125 0.3078125 0.025 0.01875
6 0.7265625 0.396875 0.0375 0.0203125
7 0.7203125 0.4125 0.0234375 0.01875
6 0.7296875 0.4046875 0.0375 0.0203125
6 0.7609375 0.4484375 0.0140625 0.009375
6 0.803125 0.50234375 0.034375 0.01875
6 0.81796875 0.50390625 0.034375 0.0203125
6 0.82265625 0.496875 0.034375 0.0203125
1 0.8203125 0.50859375 0.0296875 0.021875
1 0.82265625 0.51328125 0.03125 0.0265625
1 0.83125 0.51640625 0.03125 0.0171875
3 0.9234375 0.45625 0.046875 0.0390625
3 0.9359375 0.48125 0.0484375 0.0515625
6 0.41484375 0.7328125 0.0640625 0.040625
6 0.42265625 0.74375 0.0671875 0.0484375