3 0.81640625 0.2390625 0.0703125 0.0875
3 0.975 0.4234375 0.021875 0.025
3 0.96015625 0.44609375 0.0171875 0.01875
3 0.95234375 0.46328125 0.0140625 0.015625
3 0.8375 0.47109375 0.021875 0.0234375
3 0.89609375 0.47734375 0.0171875 0.0171875
3 0.9203125 0.50234375 0.0109375 0.0109375
3 0.94375 0.5078125 0.0078125 0.0078125
3 0.9328125 0.5125 0.009375 0.0109375
3 0.928125 0.51640625 0.009375 0.0109375
3 0.93984375 0.5171875 0.0078125 0.0109375
3 0.94921875 0.5296875 0.0046875 0.00625
3 0.95703125 0.53125 0.00625 0.0078125
3 0.9578125 0.53828125 0.0046875 0.00625
3 0.98046875 0.534375 0.0046875 0.00625
3 0.975 0.5390625 0.0046875 0.00625
10 0.98359375 0.54375 0.00625 0.009375
3 0.0890625 0.75234375 0.01875 0.0171875
10 0.1078125 0.74921875 0.01875 0.0203125
3 0.12265625 0.7421875 0.0171875 0.0171875
3 0.19453125 0.7234375 0.015625 0.015625
9 0.35078125 0.6671875 0.0390625 0.0328125
9 0.05390625 0.51796875 0.053125 0.0640625
9 0.028125 0.52734375 0.05625 0.0796875
9 0.02890625 0.59296875 0.0578125 0.0921875