3 0.76171875 0.7859375 0.08984375 0.084375
3 0.80234375 0.5390625 0.04921875 0.06328125
3 0.85078125 0.6375 0.05390625 0.084375
3 0.85859375 0.74375 0.0546875 0.0796875
3 0.6421875 0.67109375 0.053125 0.09375
3 0.6015625 0.57421875 0.03359375 0.08046875
3 0.58984375 0.49609375 0.03125 0.06875
3 0.578125 0.43125 0.02734375 0.05703125
3 0.5671875 0.38046875 0.02578125 0.0515625
3 0.5453125 0.30703125 0.021875 0.04140625
3 0.73125 0.45 0.04453125 0.05546875
3 0.69453125 0.3890625 0.034375 0.046875
3 0.67109375 0.33828125 0.03125 0.0453125
3 0.6484375 0.28671875 0.02578125 0.03671875
3 0.62734375 0.25546875 0.0234375 0.02890625
3 0.6015625 0.22578125 0.01796875 0.02578125
3 0.38828125 0.96484375 0.0390625 0.0703125
3 0.0390625 0.9765625 0.05703125 0.04609375
3 0.225 0.89140625 0.04453125 0.1109375
3 0.0796875 0.84375 0.0515625 0.11796875
3 0.18046875 0.75078125 0.04921875 0.10625
3 0.10625 0.73046875 0.04375 0.0984375
3 0.128125 0.6203125 0.03984375 0.0890625
3 0.27109375 0.54765625 0.02890625 0.06015625
3 0.2140625 0.52421875 0.03046875 0.059375
3 0.14609375 0.53125 0.0375 0.07109375
3 0.1640625 0.465625 0.03515625 0.06796875
3 0.18203125 0.40859375 0.02890625 0.05390625
3 0.04140625 0.48125 0.05859375 0.059375
3 0.0921875 0.425 0.04453125 0.059375
3 0.06015625 0.4140625 0.034375 0.05390625
3 0.08046875 0.371875 0.03046875 0.0484375
3 0.20234375 0.3609375 0.02578125 0.0453125
3 0.30703125 0.365625 0.021875 0.0390625
3 0.296875 0.29609375 0.01953125 0.0359375
3 0.33125 0.2375 0.02109375 0.03046875
3 0.2953125 0.23984375 0.01953125 0.0296875
3 0.29375 0.1859375 0.01640625 0.028125
3 0.21796875 0.3140625 0.02421875 0.04296875
3 0.23203125 0.26171875 0.02421875 0.04453125
3 0.24296875 0.23125 0.0203125 0.0359375
3 0.2515625 0.203125 0.01953125 0.0296875
3 0.1015625 0.33203125 0.03046875 0.04609375
3 0.1171875 0.29921875 0.02890625 0.04140625
3 0.13359375 0.26953125 0.02421875 0.03671875
3 0.159375 0.22109375 0.02109375 0.03125
10 0.14765625 0.240625 0.02109375 0.034375
3 0.17109375 0.1984375 0.02109375 0.02890625
3 0.1828125 0.17578125 0.0203125 0.0296875
3 0.19375 0.15625 0.01953125 0.028125
3 0.20078125 0.1421875 0.015625 0.025
3 0.20859375 0.12734375 0.0171875 0.025
3 0.215625 0.11328125 0.0140625 0.0234375
3 0.22421875 0.09921875 0.0125 0.0203125
3 0.23203125 0.08359375 0.0140625 0.0234375
3 0.2890625 0.103125 0.01484375 0.02421875
3 0.328125 0.09296875 0.01328125 0.0234375
3 0.34921875 0.09609375 0.0125 0.02109375
3 0.3296875 0.06328125 0.01171875 0.01640625
3 0.31875 0.01796875 0.01171875 0.01953125
3 0.23671875 0.07421875 0.01171875 0.01953125
3 0.24140625 0.06484375 0.0125 0.01875
3 0.2484375 0.0546875 0.01171875 0.01875
3 0.253125 0.0453125 0.01171875 0.01875
3 0.25703125 0.0359375 0.01171875 0.01875
3 0.2625 0.025 0.01171875 0.01875
3 0.26796875 0.01875 0.01015625 0.01796875
3 0.27265625 0.0125 0.01171875 0.01796875
3 0.34296875 0.00625 0.0109375 0.0125
3 0.37265625 0.00546875 0.009375 0.0109375
3 0.09921875 0.09296875 0.028125 0.0203125
3 0.12265625 0.09453125 0.01875 0.01953125
3 0.1109375 0.10625 0.0171875 0.0234375
3 0.09453125 0.0984375 0.02578125 0.02109375
3 0.0921875 0.10625 0.0234375 0.01953125
3 0.09765625 0.128125 0.02109375 0.025
3 0.0796875 0.11640625 0.02734375 0.0203125
3 0.06796875 0.121875 0.02734375 0.0203125
3 0.06484375 0.13359375 0.03125 0.0203125
3 0.05390625 0.14140625 0.03671875 0.025
3 0.04375 0.15390625 0.03671875 0.02109375
3 0.0375 0.1640625 0.040625 0.0234375
3 0.02734375 0.175 0.03984375 0.021875
3 0.01875 0.1828125 0.03515625 0.0234375
3 0.0140625 0.1921875 0.028125 0.025
3 0.009375 0.2015625 0.01875 0.02421875
3 0.00859375 0.2453125 0.0171875 0.0375
3 0.03046875 0.21171875 0.02578125 0.03046875
3 0.0578125 0.0890625 0.02265625 0.01640625
3 0.05234375 0.09765625 0.0203125 0.025
3 0.03203125 0.1109375 0.03046875 0.01953125
3 0.01953125 0.11875 0.03359375 0.021875
3 0.0140625 0.13359375 0.02734375 0.021875
4 0.39296875 0.65078125 0.01171875 0.04609375
4 0.375 0.540625 0.01015625 0.034375
6 0.428125 0.36171875 0.00546875 0.0265625
7 0.3484375 0.30234375 0.00625 0.01953125
4 0.3484375 0.309375 0.00703125 0.02109375
6 0.96640625 0.51328125 0.0109375 0.0390625
6 0.9234375 0.4375 0.00859375 0.03203125
6 0.83671875 0.3875 0.009375 0.03203125
6 0.74453125 0.34453125 0.00703125 0.0296875
6 0.79609375 0.284375 0.00625 0.03203125
6 0.675 0.14296875 0.0046875 0.02109375
6 0.68046875 0.1421875 0.003125 0.01796875
6 0.6828125 0.1390625 0.00390625 0.01953125
6 0.725 0.15390625 0.00703125 0.021875
6 0.71796875 0.18203125 0.00625 0.02421875
6 0.71328125 0.1859375 0.00390625 0.0140625
6 0.61875 0.0953125 0.0046875 0.0203125
6 0.5765625 0.01640625 0.003125 0.015625
6 0.5828125 0.021875 0.003125 0.01640625
1 0.4390625 0.3609375 0.01484375 0.01875
1 0.453125 0.428125 0.01796875 0.021875
1 0.453125 0.440625 0.01640625 0.0203125
1 0.45078125 0.4515625 0.01640625 0.02109375
1 0.4546875 0.48359375 0.01640625 0.02421875
4 0.44375 0.3921875 0.01640625 0.025
6 0.18671875 0.13515625 0.0046875 0.0203125
6 0.19140625 0.13203125 0.00546875 0.0203125
6 0.10546875 0.259375 0.00546875 0.02421875
1 0.10859375 0.26328125 0.00546875 0.021875
1 0.0390625 0.36953125 0.00703125 0.02109375
1 0.0109375 0.43203125 0.015625 0.021875
6 0.37265625 0.078125 0.00390625 0.01953125