6 0.09140625 0.22578125 0.01015625 0.028125
6 0.071875 0.2234375 0.009375 0.02890625
6 0.0421875 0.1609375 0.01015625 0.02578125
6 0.046875 0.15859375 0.0109375 0.03046875
6 0.25859375 0.3609375 0.00859375 0.03046875
6 0.24609375 0.353125 0.00703125 0.0265625
6 0.2421875 0.33359375 0.00703125 0.0265625
6 0.3171875 0.37890625 0.009375 0.03125
6 0.396875 0.42890625 0.0140625 0.02890625
6 0.40703125 0.440625 0.01484375 0.02890625
6 0.46328125 0.31953125 0.01328125 0.03046875
6 0.35546875 0.303125 0.00703125 0.03359375
6 0.35078125 0.29296875 0.00859375 0.02890625
6 0.303125 0.26875 0.0078125 0.0265625
6 0.28984375 0.265625 0.01015625 0.0296875
6 0.31015625 0.2171875 0.00703125 0.02890625
6 0.40390625 0.203125 0.01015625 0.021875
6 0.49140625 0.2328125 0.01171875 0.02890625
6 0.4578125 0.13203125 0.00859375 0.02578125
6 0.37578125 0.18359375 0.0078125 0.02578125
6 0.36484375 0.1734375 0.00703125 0.02578125
6 0.4109375 0.09296875 0.00859375 0.0234375
6 0.41796875 0.0953125 0.00859375 0.0203125
6 0.35234375 0.1 0.00546875 0.02421875
6 0.36328125 0.071875 0.00546875 0.0140625
6 0.3796875 0.059375 0.00546875 0.01875
6 0.25390625 0.19609375 0.00546875 0.02578125
6 0.28515625 0.18359375 0.00625 0.02578125
6 0.2765625 0.16875 0.00546875 0.0234375
6 0.290625 0.15390625 0.0046875 0.02421875
6 0.2953125 0.13203125 0.00546875 0.02421875
6 0.3109375 0.121875 0.0046875 0.0203125
6 0.3109375 0.096875 0.00546875 0.0234375
6 0.3328125 0.05390625 0.00546875 0.02109375
6 0.24609375 0.1453125 0.00546875 0.02421875
6 0.2671875 0.1234375 0.00390625 0.021875
6 0.28671875 0.10078125 0.0046875 0.0203125
6 0.2984375 0.08828125 0.0046875 0.02109375
6 0.3109375 0.06328125 0.0046875 0.0203125
6 0.31953125 0.03984375 0.00390625 0.01875
6 0.43203125 0.046875 0.00625 0.01796875
6 0.43671875 0.0484375 0.00625 0.01796875
6 0.434375 0.00703125 0.00859375 0.0140625
6 0.21953125 0.14375 0.0046875 0.0234375
6 0.2296875 0.13125 0.00390625 0.0203125
6 0.2390625 0.12109375 0.0046875 0.01953125
6 0.24296875 0.109375 0.00546875 0.01953125
6 0.25390625 0.10078125 0.00390625 0.02421875
6 0.2625 0.0859375 0.0046875 0.021875
6 0.2703125 0.07890625 0.0046875 0.01796875
6 0.27890625 0.065625 0.00546875 0.0203125
6 0.28515625 0.05546875 0.0046875 0.0203125
6 0.2 0.12578125 0.0046875 0.02578125
6 0.21171875 0.1140625 0.00390625 0.02109375
6 0.2234375 0.1015625 0.00546875 0.02109375
6 0.23203125 0.08828125 0.00390625 0.02109375
6 0.24140625 0.078125 0.00390625 0.01953125
6 0.25078125 0.06953125 0.0046875 0.01953125
6 0.2578125 0.059375 0.00390625 0.01796875
6 0.26953125 0.053125 0.00546875 0.0109375
6 0.2671875 0.03125 0.00390625 0.01796875
6 0.2984375 0.034375 0.00546875 0.015625
6 0.29296875 0.02421875 0.00390625 0.0140625
6 0.2875 0.01171875 0.00390625 0.0203125
6 0.2921875 0.01015625 0.00546875 0.01875
6 0.31015625 0.0453125 0.0046875 0.01484375
6 0.315625 0.02421875 0.00390625 0.0140625
6 0.3203125 0.02578125 0.0046875 0.01640625
6 0.32578125 0.0265625 0.00546875 0.01875
6 0.3296875 0.02578125 0.00546875 0.021875
6 0.21171875 0.06171875 0.00546875 0.021875
6 0.17265625 0.06171875 0.00390625 0.021875
1 0.19609375 0.04609375 0.01171875 0.009375
6 0.0703125 0.08125 0.00859375 0.021875
6 0.0515625 0.0796875 0.00546875 0.02421875
6 0.05703125 0.07578125 0.0078125 0.02109375
6 0.04453125 0.06953125 0.00859375 0.0203125
6 0.0453125 0.06015625 0.00859375 0.01875
6 0.00859375 0.05234375 0.00859375 0.01953125
6 0.09375 0.05703125 0.0078125 0.02109375
6 0.06484375 0.04765625 0.00546875 0.02109375
1 0.2 0.0265625 0.01015625 0.01015625
7 0.19921875 0.02109375 0.00390625 0.01171875
6 0.165625 0.04140625 0.0046875 0.0234375
6 0.1578125 0.0375 0.00390625 0.02109375
6 0.16171875 0.03984375 0.00390625 0.021875
6 0.1859375 0.01796875 0.00546875 0.01796875
7 0.18828125 0.0125 0.00546875 0.01015625
6 0.13515625 0.040625 0.00546875 0.01875
6 0.13046875 0.04140625 0.00546875 0.0203125
6 0.003125 0.0640625 0.00546875 0.0203125
6 0.153125 0.01328125 0.00546875 0.01640625
6 0.125 0.03515625 0.0046875 0.0203125
6 0.121875 0.03359375 0.0046875 0.0203125
6 0.16484375 0.00703125 0.00546875 0.0140625
6 0.13359375 0.00625 0.0046875 0.0125
6 0.11484375 0.0265625 0.00703125 0.02109375
6 0.12578125 0.00625 0.0046875 0.01171875
6 0.11953125 0.00859375 0.0046875 0.0171875
6 0.11484375 0.0140625 0.00546875 0.01796875
6 0.1078125 0.01171875 0.00703125 0.01484375
6 0.10546875 0.03359375 0.00625 0.01953125
6 0.10546875 0.021875 0.00546875 0.01875
7 0.10078125 0.034375 0.00546875 0.01171875
6 0.10078125 0.009375 0.00390625 0.01875
6 0.096875 0.01875 0.00625 0.0234375
6 0.090625 0.0171875 0.00546875 0.02109375
6 0.084375 0.01328125 0.00703125 0.01875
6 0.0765625 0.009375 0.00703125 0.01796875
6 0.0703125 0.0078125 0.00703125 0.015625
6 0.06328125 0.00546875 0.00546875 0.0109375
6 0.0953125 0.03828125 0.00546875 0.01875
6 0.0921875 0.0359375 0.00546875 0.01640625
6 0.0890625 0.04375 0.00546875 0.01796875
6 0.0890625 0.0359375 0.00703125 0.01640625
6 0.08203125 0.0390625 0.0046875 0.01953125
6 0.08125 0.0328125 0.00546875 0.01953125
6 0.07109375 0.03046875 0.00703125 0.01953125
6 0.0671875 0.03125 0.0046875 0.01875
6 0.06171875 0.0359375 0.00703125 0.01640625
6 0.05625 0.03359375 0.00703125 0.01796875
6 0.0546875 0.0140625 0.00546875 0.01328125
6 0.05 0.03203125 0.00546875 0.01796875
6 0.046875 0.03046875 0.00546875 0.01640625
6 0.0453125 0.01484375 0.00703125 0.01484375
1 0.04140625 0.03515625 0.01171875 0.01328125
6 0.0390625 0.03046875 0.00546875 0.015625
6 0.0390625 0.02421875 0.00546875 0.015625
6 0.0328125 0.0296875 0.00546875 0.01875
6 0.03359375 0.021875 0.00703125 0.01796875
6 0.03125 0.04453125 0.00546875 0.01171875