3 0.465625 0.63125 0.07421875 0.1234375
6 0.43203125 0.4796875 0.01015625 0.0484375
3 0.46328125 0.50078125 0.046875 0.125
6 0.41640625 0.3890625 0.009375 0.0484375
3 0.44453125 0.36328125 0.03359375 0.06640625
3 0.37421875 0.26640625 0.028125 0.059375
3 0.34296875 0.2375 0.02578125 0.06171875
3 0.43359375 0.20625 0.025 0.0484375
6 0.41328125 0.11328125 0.00625 0.02578125
4 0.39453125 0.13203125 0.00546875 0.0234375
7 0.39375 0.1265625 0.00625 0.025
3 0.565625 0.1203125 0.03046875 0.03359375
3 0.55625 0.090625 0.028125 0.03515625
3 0.5375 0.12109375 0.02734375 0.04296875
3 0.53046875 0.090625 0.02734375 0.03828125
3 0.51015625 0.0953125 0.021875 0.03671875
3 0.509375 0.12421875 0.02578125 0.034375
3 0.4859375 0.09140625 0.02265625 0.03515625
10 0.48359375 0.11875 0.02265625 0.040625
3 0.45859375 0.09375 0.01953125 0.03515625
3 0.43828125 0.03125 0.0171875 0.02578125
10 0.43125 0.009375 0.015625 0.01875
3 0.45234375 0.0140625 0.0171875 0.02421875
3 0.459375 0.03359375 0.015625 0.02578125
3 0.48125 0.03046875 0.01640625 0.02890625
3 0.5 0.03125 0.01796875 0.025
3 0.5203125 0.0296875 0.01953125 0.02421875
9 0.53828125 0.02734375 0.0171875 0.02890625
3 0.5265625 0.01171875 0.01953125 0.0234375
3 0.50859375 0.01171875 0.02109375 0.0234375
3 0.48828125 0.01171875 0.0171875 0.0234375
3 0.30078125 0.25390625 0.02890625 0.06640625
3 0.2375 0.34296875 0.0359375 0.06328125
3 0.2765625 0.5421875 0.0484375 0.1359375
3 0.2765625 0.54140625 0.0484375 0.1359375
3 0.16796875 0.61953125 0.06796875 0.14140625
3 0.26953125 0.228125 0.03203125 0.06875
4 0.1296875 0.20859375 0.0203125 0.028125
4 0.1375 0.2046875 0.01640625 0.02421875
3 0.23046875 0.190625 0.053125 0.03984375
3 0.2171875 0.22578125 0.04296875 0.046875
3 0.178125 0.265625 0.0671875 0.04609375
3 0.21328125 0.30546875 0.0375 0.06875
3 0.165625 0.28828125 0.05703125 0.03828125
3 0.15546875 0.31796875 0.07109375 0.05546875
3 0.1625 0.34609375 0.06171875 0.05703125
10 0.13984375 0.3859375 0.06953125 0.06640625
3 0.12421875 0.490625 0.07734375 0.06875
3 0.1046875 0.5609375 0.0890625 0.08828125
3 0.06015625 0.671875 0.10703125 0.0734375
4 0.23828125 0.13203125 0.01484375 0.0203125
4 0.2453125 0.128125 0.01796875 0.01953125
3 0.24921875 0.109375 0.04609375 0.03359375
3 0.25859375 0.084375 0.0390625 0.03046875
3 0.28125 0.03671875 0.0328125 0.0265625
3 0.2828125 0.0265625 0.03515625 0.028125
4 0.209375 0.0890625 0.01640625 0.015625
1 0.21328125 0.0484375 0.00703125 0.01796875
1 0.20703125 0.06875 0.015625 0.0140625
4 0.22890625 0.034375 0.0125 0.01484375