3 0.65703125 0.65859375 0.0625 0.04375
3 0.43515625 0.9 0.1203125 0.0859375
3 0.30234375 0.90625 0.1359375 0.096875
3 0.6703125 0.98359375 0.05 0.0328125
3 0.54453125 0.96171875 0.0640625 0.0765625
3 0.7421875 0.91640625 0.0421875 0.03125
10 0.50390625 0.95859375 0.078125 0.0828125
3 0.77421875 0.865625 0.0390625 0.03125
3 0.80078125 0.86328125 0.0375 0.0265625
3 0.84140625 0.86171875 0.028125 0.01875
3 0.8578125 0.859375 0.0328125 0.0203125
3 0.88359375 0.86015625 0.0265625 0.0234375
9 0.90390625 0.85625 0.015625 0.0125
6 0.68203125 0.9453125 0.0359375 0.0171875
6 0.5015625 0.91796875 0.0453125 0.0234375
7 0.63046875 0.846875 0.0328125 0.015625
7 0.71484375 0.8359375 0.015625 0.0078125
6 0.853125 0.60390625 0.0234375 0.009375
6 0.825 0.578125 0.0234375 0.0109375
6 0.7953125 0.57265625 0.028125 0.0109375
6 0.540625 0.35390625 0.053125 0.025
6 0.53984375 0.33984375 0.0328125 0.015625
6 0.54375 0.33046875 0.0484375 0.0234375
6 0.51015625 0.3046875 0.0484375 0.0234375
6 0.53359375 0.30234375 0.0375 0.01875
1 0.61875 0.8453125 0.0171875 0.009375
1 0.69921875 0.83046875 0.0171875 0.009375
6 0.71640625 0.9359375 0.025 0.0125
6 0.715625 0.9171875 0.01875 0.009375
6 0.7234375 0.9140625 0.025 0.0125