3 0.79453125 0.66953125 0.1109375 0.103125
3 0.8609375 0.6125 0.1265625 0.1234375
3 0.93203125 0.54765625 0.1359375 0.1515625
3 0.5125 0.56796875 0.1296875 0.1203125
10 0.62109375 0.37109375 0.1578125 0.1390625
3 0.46796875 0.6515625 0.1109375 0.1015625
3 0.4515625 0.684375 0.0921875 0.0796875
3 0.93671875 0.6953125 0.0921875 0.1390625
3 0.8359375 0.76640625 0.096875 0.1078125
3 0.5890625 0.8265625 0.0734375 0.075
3 0.57109375 0.84296875 0.0625 0.0625
3 0.553125 0.8546875 0.0640625 0.0578125
3 0.5375 0.86875 0.0609375 0.05625
3 0.52265625 0.88046875 0.059375 0.053125
3 0.5078125 0.8921875 0.0546875 0.0515625
3 0.496875 0.90703125 0.0609375 0.053125
9 0.28203125 0.8046875 0.1140625 0.1203125
3 0.43515625 0.7109375 0.096875 0.08125
3 0.42265625 0.746875 0.090625 0.06875
3 0.41171875 0.7703125 0.0875 0.0703125
3 0.40625 0.796875 0.0765625 0.0578125
3 0.39375 0.809375 0.06875 0.0546875
3 0.390625 0.834375 0.0734375 0.0546875
3 0.37265625 0.8484375 0.0671875 0.0578125
3 0.36640625 0.86015625 0.0671875 0.0515625
3 0.36328125 0.87734375 0.059375 0.040625
3 0.359375 0.88984375 0.0515625 0.0390625
3 0.35390625 0.89609375 0.0515625 0.0390625
3 0.3484375 0.9 0.053125 0.04375
10 0.34375 0.9140625 0.0484375 0.0375
3 0.34296875 0.9203125 0.05 0.0359375
3 0.3375 0.92578125 0.0453125 0.034375
3 0.33671875 0.93203125 0.0453125 0.0328125
3 0.33125 0.93515625 0.04375 0.034375
3 0.328125 0.94140625 0.040625 0.0296875
3 0.4671875 0.934375 0.0515625 0.0515625
3 0.44296875 0.94375 0.046875 0.046875
10 0.43359375 0.96328125 0.04375 0.040625
3 0.428125 0.9671875 0.0359375 0.0328125
9 0.41015625 0.98203125 0.021875 0.021875
10 0.32421875 0.94921875 0.034375 0.028125
3 0.75234375 0.83671875 0.0609375 0.053125
9 0.31640625 0.95234375 0.0484375 0.046875
5 0.2625 0.93125 0.053125 0.0640625
3 0.67265625 0.9015625 0.040625 0.046875
3 0.6296875 0.88515625 0.0421875 0.046875