3 0.3140625 0.51484375 0.053125 0.0546875
10 0.4296875 0.60234375 0.0625 0.03125
3 0.37890625 0.66640625 0.0875 0.0390625
3 0.56171875 0.59375 0.0453125 0.0234375
3 0.734375 0.5109375 0.025 0.0265625
3 0.78046875 0.50859375 0.025 0.028125
3 0.8 0.51875 0.01875 0.0234375
10 0.35859375 0.8 0.04375 0.0578125
3 0.403125 0.78359375 0.0546875 0.0625
3 0.484375 0.7484375 0.05 0.05
3 0.51484375 0.6921875 0.071875 0.0328125
8 0.57265625 0.67421875 0.04375 0.0234375
3 0.49609375 0.66015625 0.065625 0.0296875
3 0.6296875 0.69296875 0.0296875 0.0359375
3 0.6515625 0.6875 0.028125 0.034375
3 0.54765625 0.6265625 0.059375 0.028125
3 0.57890625 0.64296875 0.053125 0.0265625
3 0.63828125 0.6296875 0.0421875 0.0203125
3 0.61171875 0.61171875 0.0515625 0.0234375
3 0.73828125 0.59609375 0.0328125 0.01875
3 0.68828125 0.5734375 0.0328125 0.0171875
6 0.87109375 0.61640625 0.015625 0.00625
3 0.81875 0.6203125 0.01875 0.025
3 0.83515625 0.61484375 0.0234375 0.028125
3 0.84765625 0.61171875 0.01875 0.0265625
3 0.8046875 0.5953125 0.0296875 0.0203125
8 0.7515625 0.56171875 0.021875 0.0109375
7 0.75625 0.56171875 0.015625 0.0078125
3 0.8890625 0.47265625 0.0171875 0.0140625
3 0.8984375 0.490625 0.01875 0.01875
6 0.96640625 0.51328125 0.009375 0.003125
3 0.9546875 0.55078125 0.015625 0.009375
3 0.85078125 0.525 0.0171875 0.0125
3 0.9234375 0.55 0.0171875 0.009375
3 0.9296875 0.54140625 0.0140625 0.0078125
3 0.953125 0.53984375 0.0125 0.0078125
6 0.940625 0.54140625 0.0125 0.0046875
3 0.93828125 0.54609375 0.0171875 0.009375
3 0.91640625 0.503125 0.0109375 0.015625
3 0.9234375 0.50234375 0.0125 0.0171875
3 0.92890625 0.50390625 0.015625 0.0171875
8 0.9140625 0.51484375 0.009375 0.0046875
3 0.83359375 0.5484375 0.0171875 0.0125
3 0.8140625 0.55 0.0203125 0.0125
4 0.746875 0.540625 0.01875 0.00625
7 0.75 0.53984375 0.015625 0.00625
4 0.77578125 0.54375 0.0125 0.0046875
7 0.7796875 0.54296875 0.015625 0.00625