1 0.1046875 0.65625 0.0640625 0.06953125
7 0.09609375 0.63671875 0.03359375 0.06796875
3 0.1515625 0.29296875 0.0421875 0.0796875
4 0.4234375 0.53828125 0.03046875 0.065625
4 0.51328125 0.5484375 0.0203125 0.08515625
4 0.50390625 0.45859375 0.01796875 0.06796875
4 0.4671875 0.38125 0.015625 0.06484375
4 0.47265625 0.290625 0.01328125 0.046875
7 0.43125 0.5453125 0.01796875 0.0390625
7 0.4234375 0.52578125 0.01953125 0.05546875
7 0.51171875 0.540625 0.025 0.08046875
7 0.51328125 0.50625 0.01796875 0.0484375
7 0.50390625 0.4390625 0.0171875 0.05703125
7 0.46640625 0.3734375 0.01796875 0.06015625
7 0.471875 0.27578125 0.0140625 0.04609375
3 0.5765625 0.61953125 0.06796875 0.178125
10 0.5046875 0.30859375 0.03828125 0.1
10 0.5609375 0.35078125 0.0453125 0.11875
3 0.5046875 0.21171875 0.03046875 0.059375
3 0.55234375 0.2296875 0.0328125 0.0703125
3 0.50234375 0.1421875 0.02578125 0.046875
3 0.54765625 0.1515625 0.03125 0.05390625
3 0.546875 0.10703125 0.0265625 0.0453125
10 0.54140625 0.0609375 0.0203125 0.040625
10 0.534375 0.03671875 0.01796875 0.03125
6 0.49609375 0.053125 0.009375 0.0390625
6 0.45 0.178125 0.00859375 0.0484375
4 0.665625 0.22890625 0.0109375 0.03828125
7 0.66640625 0.2171875 0.01328125 0.0359375
3 0.690625 0.12734375 0.03515625 0.0359375
3 0.6796875 0.11640625 0.04921875 0.03671875
3 0.6671875 0.090625 0.04921875 0.03359375
3 0.65546875 0.040625 0.04296875 0.02578125
3 0.63984375 0.0296875 0.03515625 0.021875
3 0.6546875 0.02265625 0.04921875 0.0234375