3 0.565625 0.94765625 0.0625 0.1046875
10 0.2390625 0.96640625 0.06796875 0.06640625
3 0.275 0.85078125 0.07109375 0.16484375
3 0.3109375 0.728125 0.05859375 0.13046875
3 0.3265625 0.6078125 0.05078125 0.09921875
3 0.434375 0.715625 0.04921875 0.10625
3 0.40625 0.5984375 0.04140625 0.0859375
3 0.3578125 0.503125 0.03828125 0.07578125
3 0.4296875 0.4890625 0.03515625 0.06796875
3 0.48203125 0.46796875 0.03046875 0.0546875
3 0.51484375 0.3265625 0.02265625 0.03671875
3 0.43359375 0.43515625 0.0296875 0.0484375
3 0.36640625 0.44296875 0.03203125 0.06015625
3 0.38359375 0.38671875 0.02890625 0.059375
3 0.4328125 0.38359375 0.025 0.04140625
10 0.390625 0.353125 0.02265625 0.0484375
3 0.3984375 0.321875 0.0234375 0.040625
3 0.43984375 0.34609375 0.021875 0.03984375
3 0.44453125 0.309375 0.02109375 0.03359375
3 0.4453125 0.27734375 0.01796875 0.03046875
3 0.53515625 0.25078125 0.0171875 0.02578125
3 0.48984375 0.1796875 0.01171875 0.01875
3 0.5015625 0.1640625 0.01171875 0.01875
3 0.5171875 0.1671875 0.0125 0.01796875
3 0.53828125 0.16328125 0.01328125 0.01953125
10 0.453125 0.2515625 0.01796875 0.03671875
10 0.453125 0.2265625 0.01640625 0.0296875
3 0.453125 0.21171875 0.01484375 0.01796875
3 0.45703125 0.1984375 0.01328125 0.02109375
3 0.459375 0.18359375 0.01328125 0.01953125
3 0.4578125 0.17421875 0.01171875 0.01875
3 0.459375 0.16328125 0.0125 0.01640625
3 0.46171875 0.15625 0.0109375 0.01640625
3 0.46171875 0.1453125 0.01015625 0.01328125
3 0.4625 0.14140625 0.00859375 0.01171875
3 0.46484375 0.13671875 0.01015625 0.0140625
3 0.46640625 0.13046875 0.00859375 0.0140625
3 0.46640625 0.12265625 0.00859375 0.01171875
10 0.48203125 0.12421875 0.00859375 0.01875
7 0.59765625 0.4015625 0.009375 0.0234375
4 0.59609375 0.41796875 0.00859375 0.0234375
1 0.69609375 0.51015625 0.01796875 0.028125
7 0.54453125 0.19296875 0.00390625 0.01484375
4 0.54375 0.19921875 0.0046875 0.01015625
10 0.465625 0.1125 0.0078125 0.01796875
3 0.5078125 0.11171875 0.00859375 0.01171875
3 0.49453125 0.10625 0.00859375 0.0140625
10 0.49375 0.0921875 0.00703125 0.0140625
3 0.48046875 0.08203125 0.00625 0.01015625
3 0.4921875 0.07890625 0.00703125 0.009375
3 0.50390625 0.075 0.00703125 0.009375
3 0.46953125 0.1015625 0.00703125 0.01328125
3 0.46875 0.09453125 0.0078125 0.0109375
3 0.4828125 0.08046875 0.00703125 0.01015625
3 0.471875 0.075 0.00546875 0.009375
3 0.46953125 0.08046875 0.00625 0.01015625
7 0.31171875 0.2890625 0.00703125 0.01796875
4 0.31171875 0.30234375 0.00703125 0.02109375
7 0.334375 0.23125 0.00546875 0.0140625
4 0.334375 0.2390625 0.00546875 0.01875
3 0.16015625 0.046875 0.01484375 0.01171875
3 0.16328125 0.0609375 0.01328125 0.0109375
3 0.184375 0.0578125 0.01640625 0.01015625
3 0.196875 0.05546875 0.01484375 0.0109375
3 0.2015625 0.05390625 0.0140625 0.009375
3 0.20625 0.05234375 0.0125 0.01015625