10 0.6890625 0.3984375 0.053125 0.1046875
3 0.59140625 0.3875 0.05 0.090625
3 0.528125 0.35078125 0.05625 0.1
3 0.70234375 0.5109375 0.04375 0.0703125
3 0.63984375 0.53359375 0.0375 0.0609375
3 0.6265625 0.6015625 0.034375 0.053125
10 0.6609375 0.615625 0.03125 0.05
3 0.70859375 0.65 0.0296875 0.053125
3 0.75234375 0.690625 0.0328125 0.05
3 0.740625 0.7203125 0.0234375 0.034375
3 0.725 0.73828125 0.021875 0.0328125
3 0.796875 0.5953125 0.0546875 0.059375
3 0.57890625 0.6828125 0.0484375 0.040625
3 0.64296875 0.68359375 0.04375 0.0390625
3 0.63984375 0.70859375 0.03125 0.0359375
3 0.70625 0.75390625 0.021875 0.034375
3 0.68828125 0.74609375 0.0203125 0.028125
3 0.66796875 0.7421875 0.021875 0.03125
3 0.68984375 0.77578125 0.0203125 0.03125
3 0.75078125 0.76953125 0.01875 0.0296875
3 0.7328125 0.7828125 0.01875 0.0265625
3 0.74296875 0.81484375 0.0171875 0.025
3 0.7609375 0.8203125 0.0171875 0.025
9 0.721875 0.8171875 0.0375 0.078125
5 0.71875 0.853125 0.0296875 0.05
3 0.7078125 0.8703125 0.0125 0.0171875
3 0.7453125 0.84921875 0.0140625 0.021875
2 0.76484375 0.85234375 0.025 0.04375
3 0.7515625 0.8640625 0.0140625 0.0203125
3 0.7328125 0.87421875 0.0125 0.0171875
6 0.77421875 0.84375 0.00625 0.015625
7 0.71953125 0.88671875 0.0046875 0.009375
4 0.71875 0.8828125 0.00625 0.0125
4 0.728125 0.91171875 0.0046875 0.009375
7 0.72890625 0.91484375 0.0046875 0.009375
3 0.76953125 0.8796875 0.0125 0.0171875
9 0.753125 0.88671875 0.0203125 0.0328125
3 0.73828125 0.8890625 0.0125 0.0171875
3 0.7265625 0.8921875 0.0125 0.0171875
3 0.7734375 0.8984375 0.0125 0.0171875
10 0.77109375 0.909375 0.0109375 0.0203125
3 0.73984375 0.90078125 0.0125 0.015625
3 0.73515625 0.9109375 0.0109375 0.0140625
10 0.72578125 0.9171875 0.009375 0.015625
3 0.7453125 0.91015625 0.009375 0.0140625
3 0.76171875 0.91328125 0.009375 0.0171875
3 0.746875 0.91796875 0.009375 0.0125
3 0.7390625 0.92265625 0.009375 0.0140625
3 0.73125 0.92890625 0.0078125 0.0109375
3 0.7359375 0.93671875 0.0078125 0.0109375
3 0.74375 0.93046875 0.0078125 0.0109375
3 0.75 0.92578125 0.009375 0.0140625
3 0.7515625 0.934375 0.0078125 0.0109375
3 0.75234375 0.940625 0.0078125 0.0109375
3 0.7609375 0.92109375 0.009375 0.0140625
3 0.7703125 0.9203125 0.009375 0.0171875
10 0.39140625 0.49765625 0.06875 0.0796875
3 0.46015625 0.59921875 0.06875 0.0578125
3 0.33359375 0.62421875 0.04375 0.05
3 0.4046875 0.6515625 0.0578125 0.0484375
3 0.425 0.6765625 0.0515625 0.046875
3 0.4484375 0.69375 0.0546875 0.05
3 0.44453125 0.72109375 0.0453125 0.0390625
3 0.5078125 0.6921875 0.0484375 0.04375
3 0.37265625 0.696875 0.0546875 0.05
3 0.3921875 0.7140625 0.05 0.04375
3 0.36640625 0.75390625 0.0421875 0.0421875
3 0.35703125 0.734375 0.034375 0.0390625
6 0.3859375 0.78671875 0.015625 0.0265625
3 0.96796875 0.39453125 0.05 0.0546875
3 0.959375 0.3484375 0.046875 0.0546875
10 0.94609375 0.30625 0.0546875 0.06875
6 0.83359375 0.609375 0.0171875 0.0359375
6 0.36328125 0.33671875 0.0203125 0.0359375
7 0.3 0.5015625 0.0171875 0.03125
7 0.29453125 0.50625 0.015625 0.0296875
4 0.29609375 0.49765625 0.028125 0.0359375
6 0.62421875 0.73984375 0.009375 0.025
6 0.609375 0.7296875 0.0125 0.025
6 0.59921875 0.73046875 0.0125 0.025
6 0.59375 0.73046875 0.0109375 0.025
3 0.5453125 0.89765625 0.025 0.0234375
3 0.546875 0.903125 0.025 0.0234375
3 0.5234375 0.94921875 0.021875 0.0171875
3 0.521875 0.95234375 0.01875 0.015625
3 0.990625 0.81015625 0.01875 0.0234375
3 0.99453125 0.8265625 0.0109375 0.021875
3 0.98515625 0.83046875 0.0140625 0.0171875
3 0.9859375 0.846875 0.025 0.0203125
3 0.959375 0.8171875 0.01875 0.021875
3 0.94140625 0.82421875 0.0203125 0.021875
3 0.925 0.82890625 0.0171875 0.021875
3 0.91171875 0.83203125 0.015625 0.0203125
3 0.89921875 0.8328125 0.0171875 0.021875
9 0.9296875 0.8546875 0.0328125 0.0296875
3 0.88359375 0.86640625 0.0125 0.0171875
7 0.540625 0.7140625 0.0125 0.0265625
4 0.540625 0.71015625 0.01875 0.021875
3 0.43046875 0.8984375 0.028125 0.025
3 0.41328125 0.89140625 0.0328125 0.0296875
3 0.4890625 0.88671875 0.0265625 0.0234375