3 0.65390625 0.65234375 0.07734375 0.11171875
3 0.54296875 0.47734375 0.04140625 0.07890625
3 0.50625 0.378125 0.03828125 0.06328125
3 0.2765625 0.646875 0.046875 0.121875
3 0.3828125 0.46640625 0.034375 0.09921875
3 0.309375 0.51875 0.03515625 0.10546875
7 0.1484375 0.56953125 0.01171875 0.03359375
7 0.16171875 0.55546875 0.0078125 0.01953125
4 0.20625 0.46875 0.02578125 0.03359375
4 0.196875 0.4484375 0.02734375 0.03515625
8 0.21484375 0.39453125 0.04609375 0.04375
3 0.54609375 0.303125 0.05390625 0.04609375
3 0.53671875 0.28359375 0.05546875 0.03671875
3 0.321875 0.25078125 0.03515625 0.04453125
4 0.27109375 0.2234375 0.01796875 0.0203125
4 0.25625 0.228125 0.01796875 0.0203125
4 0.30859375 0.228125 0.01640625 0.0203125
0 0.31328125 0.21328125 0.028125 0.03046875
3 0.31640625 0.20078125 0.04296875 0.03203125
10 0.31640625 0.1703125 0.03359375 0.0390625
3 0.30703125 0.1203125 0.034375 0.03125
3 0.3203125 0.10078125 0.0140625 0.028125
4 0.48515625 0.1734375 0.01640625 0.0203125
4 0.48671875 0.1640625 0.009375 0.015625
7 0.48359375 0.146875 0.00546875 0.01796875
6 0.471875 0.15078125 0.0046875 0.02421875
4 0.4734375 0.1484375 0.009375 0.0203125
8 0.465625 0.15625 0.01328125 0.03046875
4 0.46328125 0.115625 0.01171875 0.01484375
6 0.459375 0.1078125 0.00390625 0.01953125
6 0.45234375 0.11796875 0.00390625 0.021875
6 0.44375 0.10625 0.00390625 0.0234375
6 0.440625 0.10625 0.00390625 0.0203125
4 0.4609375 0.10078125 0.009375 0.0140625
4 0.459375 0.09609375 0.0109375 0.01328125
7 0.3734375 0.10859375 0.00546875 0.01484375
4 0.3734375 0.11640625 0.00703125 0.01640625
3 0.42109375 0.09140625 0.015625 0.0234375
6 0.409375 0.0859375 0.0046875 0.02421875
4 0.4390625 0.0625 0.01015625 0.0140625
1 0.4375 0.0453125 0.009375 0.0109375
4 0.434375 0.0359375 0.0078125 0.01328125
7 0.221875 0.27578125 0.00703125 0.01953125
6 0.41640625 0.0109375 0.00234375 0.01640625
6 0.39609375 0.04296875 0.00390625 0.01875
3 0.4078125 0.03984375 0.0125 0.0203125
3 0.39609375 0.02109375 0.01015625 0.021875
3 0.396875 0.009375 0.00859375 0.015625
3 0.37734375 0.02734375 0.01015625 0.01796875
3 0.32265625 0.03984375 0.01015625 0.01875
3 0.3296875 0.00703125 0.021875 0.0140625
3 0.30859375 0.0109375 0.01640625 0.015625
3 0.309375 0.03359375 0.0109375 0.01875