3 0.73671875 0.4234375 0.03046875 0.04609375
6 0.753125 0.49765625 0.01171875 0.0453125
3 0.81796875 0.55078125 0.03359375 0.05625
6 0.8578125 0.54765625 0.00859375 0.04140625
6 0.9578125 0.92421875 0.0203125 0.065625
4 0.6046875 0.34140625 0.00703125 0.0203125
1 0.61171875 0.34453125 0.00546875 0.02109375
1 0.625 0.346875 0.00546875 0.02421875
1 0.63203125 0.3484375 0.00703125 0.02578125
1 0.63828125 0.35 0.00703125 0.021875
3 0.65 0.86640625 0.10859375 0.10625
3 0.65859375 0.80078125 0.09453125 0.09453125
3 0.65 0.75625 0.08515625 0.078125
3 0.659375 0.7109375 0.0953125 0.0796875
3 0.66953125 0.678125 0.09453125 0.071875
3 0.66953125 0.64296875 0.08359375 0.078125
3 0.66640625 0.60625 0.08125 0.06875
10 0.65859375 0.5640625 0.0625 0.0515625
3 0.66796875 0.553125 0.0671875 0.05859375
3 0.6609375 0.528125 0.0609375 0.0484375
3 0.6671875 0.50859375 0.06328125 0.0515625
3 0.665625 0.4890625 0.06953125 0.046875
3 0.67265625 0.465625 0.06640625 0.06328125
10 0.68203125 0.4484375 0.065625 0.06640625
10 0.67890625 0.42109375 0.07578125 0.08203125
3 0.60234375 0.421875 0.05859375 0.03671875
3 0.6015625 0.440625 0.06171875 0.04140625
3 0.58828125 0.4515625 0.06015625 0.03828125
3 0.5875 0.4734375 0.06328125 0.04453125
3 0.5796875 0.48984375 0.06484375 0.04296875
3 0.5765625 0.5078125 0.06640625 0.03984375
3 0.57578125 0.528125 0.06953125 0.0515625
3 0.56640625 0.5578125 0.06953125 0.05859375
10 0.57109375 0.571875 0.07734375 0.06328125
3 0.5625 0.60390625 0.08125 0.04921875
3 0.5515625 0.64140625 0.08828125 0.0703125
3 0.54765625 0.67578125 0.08828125 0.075
3 0.53125 0.71953125 0.0921875 0.07890625
3 0.51015625 0.7609375 0.09453125 0.0890625
6 0.528125 0.521875 0.00859375 0.04453125
6 0.51171875 0.515625 0.01328125 0.04375
6 0.51875 0.515625 0.00703125 0.040625
6 0.32890625 0.28203125 0.00546875 0.021875
1 0.26171875 0.26875 0.00703125 0.021875
1 0.25078125 0.26796875 0.009375 0.02109375
6 0.23359375 0.26953125 0.00625 0.028125
1 0.221875 0.2609375 0.00625 0.0203125
1 0.22890625 0.26171875 0.00625 0.01875
1 0.23828125 0.26796875 0.00859375 0.01796875
1 0.2390625 0.26171875 0.01328125 0.01796875
6 0.10390625 0.23984375 0.00703125 0.03125
1 0.1234375 0.253125 0.01484375 0.0203125
6 0.06484375 0.228125 0.0046875 0.02578125
4 0.0734375 0.228125 0.01484375 0.01953125
3 0.01328125 0.25859375 0.0265625 0.0296875
3 0.48359375 0.38125 0.05 0.03984375
3 0.46015625 0.40078125 0.05390625 0.040625
3 0.45703125 0.4171875 0.05078125 0.04140625
3 0.44140625 0.43125 0.0640625 0.0484375
3 0.43828125 0.44921875 0.0515625 0.046875
3 0.421875 0.46796875 0.06484375 0.053125
3 0.41171875 0.48046875 0.0625 0.0515625
3 0.4046875 0.50546875 0.0640625 0.0515625
3 0.3890625 0.52578125 0.06796875 0.06015625
3 0.375 0.5546875 0.071875 0.06328125
3 0.35703125 0.57890625 0.07578125 0.065625
3 0.35 0.61640625 0.08671875 0.0703125
3 0.2671875 0.5609375 0.06796875 0.059375
3 0.28671875 0.53359375 0.06953125 0.0546875
3 0.30703125 0.50625 0.06796875 0.040625
3 0.3140625 0.48359375 0.059375 0.04609375
3 0.3515625 0.45234375 0.06171875 0.0453125
3 0.36640625 0.4296875 0.0578125 0.04453125
3 0.37421875 0.41875 0.05234375 0.04609375
3 0.38671875 0.4015625 0.05546875 0.03984375
3 0.39765625 0.38984375 0.05390625 0.040625
3 0.39609375 0.371875 0.05234375 0.0359375
3 0.41171875 0.35859375 0.05078125 0.0453125
3 0.15859375 0.4625 0.075 0.04921875
3 0.171875 0.44140625 0.06171875 0.04609375
3 0.1921875 0.42734375 0.05859375 0.046875
3 0.215625 0.409375 0.0609375 0.05390625
3 0.23046875 0.3890625 0.05078125 0.0359375
3 0.24921875 0.37890625 0.05546875 0.0515625
3 0.2625 0.36875 0.05 0.03984375
3 0.271875 0.3578125 0.05234375 0.034375
3 0.2859375 0.34453125 0.05078125 0.03671875
3 0.296875 0.33359375 0.04765625 0.0359375
3 0.246875 0.31875 0.04765625 0.0359375
3 0.23203125 0.334375 0.05078125 0.03515625
3 0.21875 0.3421875 0.04921875 0.034375
3 0.19921875 0.35390625 0.053125 0.04453125
3 0.18515625 0.365625 0.046875 0.03828125
3 0.16875 0.3796875 0.04921875 0.04453125
3 0.15 0.39453125 0.04609375 0.04140625
3 0.134375 0.40859375 0.03828125 0.040625
3 0.07734375 0.28359375 0.04921875 0.04140625
3 0.13984375 0.2984375 0.03828125 0.03359375
3 0.12421875 0.30703125 0.04765625 0.0359375
3 0.10546875 0.31796875 0.04921875 0.0359375
3 0.0609375 0.3 0.04609375 0.0390625
3 0.028125 0.3125 0.0453125 0.03203125
3 0.0078125 0.32578125 0.015625 0.03203125
3 0.01875 0.35703125 0.0375 0.0390625
3 0.009375 0.3765625 0.01875 0.0390625