3 0.0234375 0.665625 0.04609375 0.0703125
3 0.06796875 0.68046875 0.090625 0.05546875
10 0.0359375 0.62265625 0.071875 0.0609375
3 0.13046875 0.57265625 0.071875 0.07109375
3 0.58671875 0.65859375 0.06015625 0.0859375
3 0.67890625 0.66953125 0.05859375 0.07578125
3 0.5421875 0.5625 0.04140625 0.05625
3 0.1328125 0.47734375 0.06015625 0.03828125
4 0.23125 0.5875 0.01015625 0.03984375
7 0.23203125 0.57421875 0.01015625 0.02890625
4 0.00859375 0.56484375 0.0171875 0.0328125
4 0.0546875 0.4875 0.01328125 0.025
4 0.08828125 0.43359375 0.01484375 0.0234375
8 0.134375 0.41796875 0.02265625 0.01953125
3 0.18359375 0.40703125 0.03984375 0.03359375
3 0.18359375 0.38828125 0.04296875 0.03203125
9 0.1875 0.36484375 0.0421875 0.03671875
10 0.2265625 0.36015625 0.028125 0.0484375
3 0.19140625 0.33671875 0.03515625 0.021875
3 0.2046875 0.325 0.03046875 0.021875
4 0.165625 0.34140625 0.0078125 0.01875
3 0.2015625 0.31640625 0.03046875 0.01875
6 0.24375 0.3484375 0.00390625 0.02421875
6 0.24609375 0.3453125 0.00546875 0.021875
6 0.25 0.34453125 0.0046875 0.02421875
10 0.27578125 0.32578125 0.01484375 0.03125
3 0.203125 0.29921875 0.02734375 0.01875
3 0.21015625 0.29296875 0.02734375 0.01953125
8 0.23203125 0.29765625 0.01796875 0.0140625
3 0.22109375 0.28203125 0.02421875 0.01640625
3 0.225 0.27734375 0.0234375 0.015625
6 0.2453125 0.28359375 0.00390625 0.015625
3 0.2546875 0.26171875 0.0203125 0.01640625
3 0.23046875 0.259375 0.021875 0.015625
3 0.26875 0.253125 0.01015625 0.01796875
3 0.25078125 0.24140625 0.01953125 0.01171875
3 0.2453125 0.234375 0.02265625 0.01171875
4 0.27734375 0.2390625 0.00390625 0.01171875
8 0.5140625 0.490625 0.02578125 0.05078125
8 0.453125 0.43125 0.0140625 0.02890625
7 0.45078125 0.42265625 0.00859375 0.02109375
6 0.6078125 0.42421875 0.00859375 0.028125
4 0.61640625 0.4046875 0.01640625 0.021875
6 0.58984375 0.37890625 0.00625 0.025
10 0.4765625 0.41796875 0.021875 0.03984375
3 0.53984375 0.3609375 0.0390625 0.0296875
10 0.4625 0.384375 0.0171875 0.034375
3 0.496875 0.3296875 0.03203125 0.0203125
1 0.43984375 0.371875 0.00546875 0.0203125
7 0.43984375 0.3671875 0.00390625 0.02109375
3 0.4640625 0.3140625 0.01484375 0.01875
8 0.4953125 0.3109375 0.01328125 0.01640625
6 0.50703125 0.30546875 0.00390625 0.01796875
3 0.45390625 0.3015625 0.02734375 0.02109375
6 0.4734375 0.278125 0.00390625 0.015625
6 0.4625 0.2796875 0.00390625 0.01640625
9 0.44921875 0.2734375 0.01953125 0.03046875
3 0.44453125 0.271875 0.02421875 0.015625
3 0.43671875 0.259375 0.02109375 0.01328125
3 0.43046875 0.25546875 0.02109375 0.01328125
3 0.40859375 0.2703125 0.0125 0.01875
9 0.35546875 0.321875 0.01640625 0.03671875
6 0.4 0.26015625 0.00390625 0.01484375
3 0.359375 0.2609375 0.009375 0.01484375
3 0.3734375 0.2609375 0.01015625 0.01484375
3 0.36875 0.24609375 0.009375 0.01328125
3 0.38984375 0.2515625 0.00859375 0.01484375
3 0.359375 0.2359375 0.0078125 0.0140625
3 0.38046875 0.24140625 0.01015625 0.01328125
10 0.40859375 0.240625 0.01640625 0.01640625
4 0.38671875 0.2640625 0.003125 0.0109375
7 0.3875 0.2609375 0.00234375 0.009375
6 0.48203125 0.265625 0.003125 0.01640625
6 0.48359375 0.265625 0.00234375 0.01328125
4 0.46875 0.25078125 0.00703125 0.00859375
3 0.4515625 0.22890625 0.01796875 0.0109375
3 0.38203125 0.22578125 0.00703125 0.0109375
6 0.4078125 0.23203125 0.00234375 0.01171875
3 0.4 0.22578125 0.01328125 0.0109375
8 0.39453125 0.2390625 0.00703125 0.0140625
8 0.39921875 0.25078125 0.00703125 0.0140625
8 0.44296875 0.22578125 0.01171875 0.0140625
7 0.44296875 0.221875 0.00390625 0.0109375
6 0.42578125 0.2140625 0.00234375 0.01171875
6 0.42265625 0.2140625 0.00234375 0.01171875
3 0.41796875 0.20390625 0.00703125 0.00859375
10 0.40546875 0.2 0.00625 0.009375
6 0.40390625 0.20390625 0.00234375 0.01015625
10 0.3625 0.20703125 0.00546875 0.01171875
3 0.3171875 0.21015625 0.0078125 0.0109375
3 0.340625 0.20078125 0.00625 0.0109375
3 0.30703125 0.20546875 0.00625 0.01015625
6 0.2875 0.2234375 0.00234375 0.01171875
6 0.2890625 0.2234375 0.00234375 0.01171875
6 0.2859375 0.2015625 0.00234375 0.01015625
3 0.2640625 0.1890625 0.01484375 0.01171875
4 0.30234375 0.2203125 0.0015625 0.00703125
3 0.27734375 0.1953125 0.00625 0.009375
9 0.2734375 0.184375 0.009375 0.01015625
3 0.275 0.184375 0.01015625 0.01015625
7 0.30234375 0.21796875 0.00234375 0.009375
7 0.29296875 0.21796875 0.00234375 0.009375
7 0.296875 0.22421875 0.00234375 0.00859375
7 0.29765625 0.22578125 0.00234375 0.00703125
4 0.29765625 0.228125 0.003125 0.00703125
1 0.29296875 0.21875 0.00234375 0.00859375
6 0.290625 0.2015625 0.00234375 0.009375
8 0.38828125 0.225 0.00546875 0.01328125
6 0.390625 0.225 0.00234375 0.01328125
7 0.3890625 0.225 0.00234375 0.00703125
6 0.39765625 0.1859375 0.00234375 0.009375
4 0.37265625 0.203125 0.00234375 0.00625
7 0.37265625 0.20078125 0.00234375 0.00703125
3 0.29453125 0.18671875 0.00625 0.009375
3 0.29765625 0.18046875 0.00546875 0.00859375
3 0.34453125 0.17265625 0.0046875 0.00625
3 0.35234375 0.171875 0.0046875 0.00625
3 0.3453125 0.1703125 0.00390625 0.00546875
3 0.33671875 0.175 0.00390625 0.00703125
3 0.3359375 0.171875 0.0046875 0.00546875
3 0.30390625 0.16953125 0.0046875 0.00703125
3 0.315625 0.16171875 0.00859375 0.00703125
3 0.30546875 0.16171875 0.00859375 0.00703125
3 0.3015625 0.1609375 0.00859375 0.00625
3 0.3359375 0.16171875 0.0078125 0.00625
3 0.38046875 0.1828125 0.009375 0.00859375
10 0.40390625 0.17734375 0.01015625 0.01015625
3 0.390625 0.16953125 0.0046875 0.00625
2 0.38359375 0.1703125 0.00625 0.01328125
6 0.36171875 0.17109375 0.00234375 0.00703125
6 0.36328125 0.16953125 0.00234375 0.00625
6 0.3109375 0.1703125 0.0015625 0.00703125
1 0.30703125 0.17890625 0.0015625 0.00546875
7 0.30703125 0.1765625 0.0015625 0.00625
6 0.39296875 0.18515625 0.00234375 0.00703125
6 0.39375 0.1734375 0.00078125 0.00625
1 0.35703125 0.171875 0.00234375 0.00546875
7 0.35703125 0.16953125 0.00234375 0.00625