3 0.840625 0.7171875 0.0359375 0.0328125
3 0.46796875 0.6734375 0.0921875 0.065625
3 0.303125 0.58515625 0.06875 0.0671875
3 0.29453125 0.65625 0.071875 0.0703125
3 0.3703125 0.73828125 0.096875 0.0671875
3 0.37734375 0.66484375 0.1125 0.0796875
3 0.4515625 0.74296875 0.0859375 0.0625
3 0.4421875 0.803125 0.0859375 0.0609375
3 0.521875 0.80859375 0.0765625 0.0578125
3 0.53046875 0.86953125 0.08125 0.059375
3 0.5796875 0.84375 0.071875 0.0515625
3 0.675 0.86875 0.0484375 0.0359375
3 0.61953125 0.89921875 0.071875 0.0515625
3 0.57890625 0.91640625 0.0578125 0.0453125
3 0.63359375 0.96328125 0.0546875 0.0421875
3 0.66640625 0.98984375 0.0578125 0.0203125
3 0.65 0.93125 0.0546875 0.0421875
3 0.6859375 0.9640625 0.0546875 0.0421875
3 0.71796875 0.9828125 0.0421875 0.034375
2 0.7703125 0.97109375 0.09375 0.0578125