3 0.63046875 0.58828125 0.04609375 0.05078125
6 0.23046875 0.66875 0.01015625 0.0515625
6 0.246875 0.65859375 0.01328125 0.04453125
6 0.3171875 0.49453125 0.00546875 0.0359375
6 0.32421875 0.496875 0.00703125 0.03515625
9 0.1859375 0.40625 0.0484375 0.06328125
3 0.1734375 0.37578125 0.02578125 0.01875
3 0.20859375 0.41328125 0.03046875 0.0265625
3 0.7875 0.4359375 0.03046875 0.03515625
10 0.9484375 0.43515625 0.09140625 0.06875
9 0.53828125 0.415625 0.04453125 0.03203125
3 0.5390625 0.384375 0.01328125 0.02578125
3 0.66328125 0.4359375 0.03671875 0.021875
3 0.6765625 0.428125 0.03515625 0.02890625
3 0.696875 0.4203125 0.0359375 0.0296875
7 0.6375 0.63515625 0.00859375 0.03359375
7 0.6390625 0.62890625 0.0078125 0.0390625
4 0.640625 0.634375 0.01171875 0.0265625
6 0.5234375 0.62890625 0.00703125 0.03984375
6 0.51640625 0.62890625 0.01015625 0.040625
7 0.19453125 0.7359375 0.0125 0.04453125
1 0.19453125 0.759375 0.01484375 0.03984375
7 0.24453125 0.71953125 0.01015625 0.04296875
1 0.24453125 0.74140625 0.01328125 0.03828125
3 0.38359375 0.42890625 0.040625 0.03125
3 0.403125 0.40625 0.03984375 0.03046875
2 0.45859375 0.41796875 0.05859375 0.05390625
3 0.459375 0.44375 0.0390625 0.02578125
3 0.50390625 0.43984375 0.03984375 0.0296875
6 0.34140625 0.44765625 0.00390625 0.02890625
6 0.34609375 0.4515625 0.00390625 0.0234375
6 0.3375 0.44609375 0.00546875 0.03046875
6 0.34453125 0.4453125 0.0046875 0.028125
7 0.46640625 0.51328125 0.00546875 0.01640625
6 0.465625 0.50078125 0.00546875 0.03203125