3 0.91328125 0.646875 0.1734375 0.215625
7 0.87265625 0.1625 0.2171875 0.0609375
1 0.9125 0.1671875 0.153125 0.0671875
1 0.80625 0.96015625 0.1171875 0.059375
6 0.79765625 0.89296875 0.203125 0.065625
6 0.7578125 0.89453125 0.165625 0.0484375
6 0.7203125 0.8453125 0.1609375 0.053125
6 0.74375 0.765625 0.1828125 0.040625
7 0.77109375 0.72734375 0.1578125 0.0390625
1 0.8359375 0.73125 0.1109375 0.053125
3 0.7125 0.575 0.1375 0.0921875
3 0.6578125 0.46640625 0.1203125 0.0703125
1 0.60859375 0.6984375 0.0484375 0.0203125
4 0.590625 0.67109375 0.0546875 0.0265625
7 0.61953125 0.64453125 0.06875 0.025
1 0.65703125 0.6453125 0.065625 0.0171875
3 0.60703125 0.5453125 0.0765625 0.05
3 0.590625 0.475 0.0578125 0.0484375
3 0.571875 0.48203125 0.0421875 0.0359375
3 0.55859375 0.484375 0.0359375 0.034375
3 0.56796875 0.53984375 0.0453125 0.0359375
3 0.55390625 0.5328125 0.0390625 0.0296875
3 0.5375 0.52265625 0.028125 0.0234375
3 0.51953125 0.5203125 0.0265625 0.0171875
10 0.5140625 0.51796875 0.034375 0.0171875
3 0.521875 0.50234375 0.021875 0.015625
3 0.51171875 0.50234375 0.015625 0.009375
10 0.50546875 0.50234375 0.01875 0.009375
7 0.5328125 0.60859375 0.03125 0.0078125
1 0.54765625 0.6078125 0.0234375 0.0109375
7 0.53515625 0.596875 0.0265625 0.0078125
4 0.55 0.59375 0.025 0.0203125
7 0.53125 0.56015625 0.0125 0.0046875
7 0.525 0.56015625 0.01875 0.00625
1 0.5375 0.56015625 0.01875 0.00625
7 0.653125 0.38125 0.09375 0.021875
1 0.67734375 0.3828125 0.0703125 0.0140625
7 0.65234375 0.3546875 0.0859375 0.025
1 0.6765625 0.35390625 0.071875 0.025
7 0.60078125 0.42578125 0.05 0.0203125
4 0.61953125 0.42890625 0.059375 0.0171875
7 0.60234375 0.39453125 0.0609375 0.015625
1 0.6203125 0.39609375 0.05 0.0140625
7 0.5671875 0.4328125 0.046875 0.0109375
1 0.5828125 0.43359375 0.03125 0.0078125
3 0.55 0.41171875 0.0421875 0.0546875
3 0.5296875 0.38203125 0.0359375 0.0421875
7 0.54140625 0.34765625 0.028125 0.009375
3 0.52265625 0.40859375 0.0265625 0.0359375
3 0.52265625 0.41875 0.028125 0.0296875
3 0.51875 0.425 0.021875 0.025
7 0.51875 0.4453125 0.0203125 0.00625
1 0.53203125 0.44609375 0.01875 0.003125
3 0.51640625 0.4390625 0.015625 0.021875
3 0.51015625 0.4421875 0.01875 0.021875
7 0.5328125 0.453125 0.0203125 0.0046875
1 0.54453125 0.453125 0.0203125 0.003125
7 0.53046875 0.46484375 0.01875 0.00625
7 0.52734375 0.4609375 0.01875 0.003125
1 0.54375 0.4640625 0.01875 0.0046875
1 0.5390625 0.46015625 0.01875 0.003125
7 0.52578125 0.4703125 0.015625 0.00625
1 0.5375 0.4703125 0.015625 0.003125
7 0.528125 0.4765625 0.015625 0.003125
1 0.5390625 0.475 0.0125 0.003125
7 0.51796875 0.4828125 0.01875 0.003125
4 0.5265625 0.48359375 0.0140625 0.003125
7 0.51484375 0.48671875 0.0140625 0.00625
1 0.525 0.48671875 0.0125 0.003125