6 0.03828125 0.321875 0.01796875 0.04140625
6 0.06875 0.26640625 0.0125 0.04140625
6 0.08984375 0.3171875 0.015625 0.03984375
6 0.08828125 0.3578125 0.0125 0.0453125
6 0.1234375 0.3265625 0.01015625 0.03984375
8 0.10234375 0.390625 0.01640625 0.04609375
1 0.08828125 0.41953125 0.02734375 0.03515625
4 0.0671875 0.42578125 0.01796875 0.05390625
6 0.4984375 0.1515625 0.00625 0.03359375
6 0.41640625 0.3 0.00703125 0.0296875
7 0.45625 0.31796875 0.00625 0.01171875
6 0.39453125 0.30078125 0.00859375 0.021875
6 0.40546875 0.30703125 0.00390625 0.01484375
6 0.41015625 0.3125 0.00390625 0.0140625
7 0.390625 0.49140625 0.01171875 0.05078125
7 0.4125 0.49296875 0.0171875 0.040625
7 0.4203125 0.4796875 0.01796875 0.05
7 0.428125 0.46796875 0.0171875 0.04375
7 0.43828125 0.46171875 0.01328125 0.04140625
7 0.4515625 0.44375 0.01328125 0.05390625
6 0.5765625 0.65546875 0.01640625 0.04609375
6 0.61640625 0.68125 0.01875 0.03828125
7 0.59296875 0.63125 0.01796875 0.04921875
7 0.5921875 0.59140625 0.01171875 0.02578125
6 0.45546875 0.69921875 0.01328125 0.01875
7 0.34765625 0.43984375 0.01171875 0.04609375