3 0.62890625 0.8640625 0.06015625 0.10078125
3 0.75625 0.9515625 0.08046875 0.09609375
3 0.54921875 0.57734375 0.03515625 0.053125
3 0.4828125 0.51015625 0.02578125 0.040625
3 0.51171875 0.43046875 0.0203125 0.034375
3 0.45546875 0.38203125 0.01640625 0.02578125
3 0.5078125 0.3828125 0.015625 0.0234375
3 0.48359375 0.37578125 0.015625 0.021875
3 0.48046875 0.359375 0.01484375 0.01875
3 0.47421875 0.34453125 0.01328125 0.0203125
3 0.4515625 0.34609375 0.01328125 0.01875
3 0.5015625 0.33515625 0.0140625 0.0203125
1 0.5015625 0.3625 0.00390625 0.0140625
4 0.50078125 0.35546875 0.00546875 0.0140625
7 0.50234375 0.35625 0.00390625 0.01640625
7 0.50078125 0.3515625 0.00390625 0.015625
9 0.47578125 0.328125 0.015625 0.03046875
3 0.4875 0.3234375 0.0109375 0.01796875
3 0.471875 0.325 0.0109375 0.0203125
3 0.47890625 0.30078125 0.01015625 0.01328125
3 0.46640625 0.3109375 0.01171875 0.01953125
3 0.465625 0.3015625 0.00859375 0.01171875
3 0.46328125 0.2984375 0.009375 0.01328125
3 0.4640625 0.29296875 0.00859375 0.01328125
3 0.46484375 0.28671875 0.009375 0.0109375
3 0.45859375 0.28203125 0.009375 0.01484375
2 0.475 0.278125 0.01640625 0.03046875
3 0.44140625 0.26875 0.00859375 0.01171875
3 0.43828125 0.25859375 0.00703125 0.01015625
4 0.4046875 0.28125 0.00234375 0.009375
7 0.4046875 0.27890625 0.003125 0.00859375
6 0.40078125 0.27890625 0.00234375 0.01484375
6 0.39375 0.275 0.00390625 0.01328125
3 0.46171875 0.278125 0.00703125 0.01171875
3 0.45625 0.27109375 0.00859375 0.01328125
3 0.41171875 0.2546875 0.009375 0.01328125
3 0.40234375 0.2421875 0.01171875 0.00859375
3 0.4171875 0.23671875 0.009375 0.009375
3 0.44140625 0.23671875 0.00703125 0.00859375
3 0.4640625 0.24375 0.01328125 0.009375
10 0.5015625 0.22734375 0.01015625 0.00859375
10 0.43046875 0.23203125 0.00703125 0.0109375
3 0.43828125 0.23203125 0.00625 0.00703125
9 0.90859375 0.31015625 0.03359375 0.02421875
3 0.259375 0.20234375 0.01484375 0.01015625
3 0.2734375 0.2015625 0.01484375 0.0109375
10 0.52734375 0.19921875 0.0125 0.0109375
3 0.48046875 0.2 0.01640625 0.009375
3 0.4984375 0.20078125 0.0140625 0.00859375