1 0.75703125 0.91640625 0.05078125 0.16484375
3 0.446875 0.940625 0.16484375 0.11875
3 0.3921875 0.80078125 0.10703125 0.15859375
3 0.1125 0.6359375 0.0796875 0.0984375
3 0.23515625 0.59609375 0.04609375 0.059375
3 0.275 0.53359375 0.02265625 0.02890625
3 0.18203125 0.54609375 0.0328125 0.0515625
3 0.3703125 0.68984375 0.0703125 0.09453125
3 0.36328125 0.6421875 0.05703125 0.09140625
3 0.353125 0.61328125 0.04140625 0.06875
3 0.346875 0.58984375 0.0359375 0.0515625
3 0.346875 0.57578125 0.03125 0.0546875
3 0.3421875 0.56328125 0.02734375 0.05
3 0.3421875 0.53828125 0.02578125 0.02578125
3 0.3 0.50078125 0.01171875 0.01484375
3 0.23828125 0.515625 0.01796875 0.028125
3 0.25859375 0.5171875 0.01484375 0.02109375
3 0.26953125 0.50703125 0.01640625 0.0140625
3 0.27890625 0.496875 0.01171875 0.0109375
6 0.4765625 0.76015625 0.02578125 0.15
6 0.440625 0.76953125 0.02421875 0.12578125
6 0.3015625 0.61875 0.01484375 0.05859375
6 0.31171875 0.56640625 0.01015625 0.03203125
4 0.31171875 0.58125 0.01171875 0.0359375
4 0.303125 0.6390625 0.01796875 0.05546875
6 0.40078125 0.559375 0.009375 0.04609375