10 0.6125 0.59375 0.09375 0.0296875
3 0.51640625 0.56328125 0.0609375 0.0265625
3 0.44609375 0.61171875 0.05625 0.021875
3 0.3828125 0.584375 0.046875 0.0203125
3 0.36015625 0.61171875 0.040625 0.0171875
3 0.30234375 0.59453125 0.040625 0.01875
3 0.2328125 0.59609375 0.03125 0.015625
3 0.22109375 0.64453125 0.028125 0.025
7 0.64140625 0.6890625 0.034375 0.009375
1 0.64921875 0.6890625 0.0375 0.0078125
3 0.1859375 0.64765625 0.028125 0.0140625
3 0.18203125 0.6828125 0.0265625 0.025
10 0.15546875 0.65546875 0.025 0.0125
10 0.13984375 0.63515625 0.0265625 0.015625
3 0.14296875 0.61875 0.025 0.021875
10 0.13359375 0.6046875 0.028125 0.015625
3 0.1234375 0.63046875 0.025 0.01875
3 0.10703125 0.6359375 0.021875 0.0125
3 0.09921875 0.64921875 0.021875 0.009375
3 0.103125 0.57265625 0.01875 0.021875
10 0.09921875 0.53984375 0.021875 0.025
3 0.1265625 0.50234375 0.01875 0.021875
3 0.115625 0.503125 0.01875 0.025
3 0.1046875 0.5140625 0.021875 0.025
3 0.11171875 0.47265625 0.01875 0.025
3 0.10078125 0.48046875 0.0203125 0.025
3 0.09453125 0.48515625 0.0140625 0.01875
3 0.10859375 0.4421875 0.01875 0.025
3 0.1 0.4484375 0.015625 0.025
3 0.090625 0.44453125 0.015625 0.0234375
10 0.10390625 0.41328125 0.021875 0.021875
3 0.0984375 0.42265625 0.015625 0.021875
3 0.08671875 0.40859375 0.015625 0.0234375
3 0.1015625 0.38515625 0.015625 0.025
3 0.09375 0.39375 0.01875 0.021875
3 0.096875 0.35703125 0.01875 0.0234375
3 0.0890625 0.36328125 0.01875 0.021875
3 0.08203125 0.3703125 0.015625 0.021875
3 0.078125 0.35078125 0.015625 0.0234375
10 0.10078125 0.315625 0.021875 0.021875
3 0.08984375 0.30625 0.015625 0.015625
7 0.08828125 0.49765625 0.0109375 0.003125
4 0.090625 0.496875 0.009375 0.009375
2 0.10234375 0.6109375 0.053125 0.0265625
3 0.08828125 0.603125 0.0203125 0.0140625
2 0.1265625 0.67265625 0.0625 0.0203125
3 0.09453125 0.68515625 0.021875 0.0140625
3 0.07421875 0.67109375 0.01875 0.009375
3 0.071875 0.65 0.01875 0.009375
3 0.0484375 0.65078125 0.0203125 0.009375
3 0.0421875 0.6640625 0.0234375 0.009375
10 0.03359375 0.65 0.01875 0.0078125
2 0.059375 0.62578125 0.0453125 0.01875
9 0.01796875 0.63203125 0.028125 0.009375
3 0.01015625 0.63984375 0.0140625 0.00625
3 0.01953125 0.65234375 0.01875 0.0078125
10 0.0109375 0.66484375 0.015625 0.0078125
3 0.00625 0.653125 0.0078125 0.0078125
3 0.1453125 0.74375 0.025 0.0265625
3 0.1828125 0.7765625 0.025 0.028125
3 0.1734375 0.78515625 0.0234375 0.03125
3 0.1578125 0.77890625 0.021875 0.028125
3 0.2046875 0.80625 0.025 0.0328125
3 0.18984375 0.82109375 0.025 0.03125
3 0.1765625 0.82578125 0.025 0.03125
3 0.1625 0.8125 0.01875 0.025
3 0.14453125 0.80390625 0.025 0.028125
3 0.16796875 0.846875 0.0203125 0.0328125
3 0.196875 0.8671875 0.0234375 0.034375
3 0.1796875 0.86796875 0.021875 0.03125
3 0.1703125 0.88984375 0.025 0.03125
3 0.20234375 0.9109375 0.025 0.03125
3 0.18828125 0.921875 0.025 0.0359375
3 0.1765625 0.9296875 0.021875 0.028125
3 0.20703125 0.959375 0.025 0.0375
3 0.19609375 0.971875 0.025 0.034375
3 0.1796875 0.96875 0.021875 0.03125
3 0.18359375 0.99453125 0.0234375 0.0109375
7 0.23359375 0.68828125 0.0203125 0.00625
4 0.23671875 0.68828125 0.01875 0.00625
7 0.09609375 0.71328125 0.0125 0.003125
1 0.09921875 0.71328125 0.0125 0.00625
7 0.05703125 0.61015625 0.0125 0.003125
1 0.06015625 0.6109375 0.0125 0.003125
7 0.09140625 0.640625 0.0125 0.003125
4 0.0953125 0.63984375 0.0125 0.0046875
6 0.08203125 0.5765625 0.015625 0.003125
6 0.06953125 0.59453125 0.0140625 0.003125
6 0.07109375 0.59765625 0.015625 0.003125
6 0.07109375 0.60546875 0.0140625 0.003125
6 0.06796875 0.6046875 0.015625 0.003125
6 0.09609375 0.57265625 0.0125 0.003125
6 0.0953125 0.578125 0.0140625 0.003125