6 0.19375 0.0640625 0.00703125 0.03359375
6 0.2 0.06484375 0.00625 0.03125
6 0.15625 0.01953125 0.00625 0.02578125
6 0.1515625 0.01875 0.00625 0.02890625
6 0.146875 0.01875 0.00546875 0.028125
6 0.128125 0.0234375 0.00546875 0.028125
6 0.128125 0.01796875 0.0046875 0.02578125
6 0.134375 0.01953125 0.00625 0.03046875
6 0.1390625 0.0203125 0.00703125 0.0296875
3 0.04453125 0.103125 0.06640625 0.03984375
10 0.10546875 0.14140625 0.07109375 0.05859375
3 0.028125 0.171875 0.05546875 0.04921875
3 0.16015625 0.171875 0.0765625 0.05
10 0.2125 0.1484375 0.06171875 0.0484375
3 0.19765625 0.11328125 0.0625 0.04375
7 0.08125 0.440625 0.02890625 0.0640625
7 0.078125 0.45546875 0.01640625 0.04296875
4 0.084375 0.453125 0.01875 0.06953125
8 0.328125 0.15859375 0.04609375 0.053125
3 0.31640625 0.13046875 0.06015625 0.04921875
4 0.3859375 0.1671875 0.02109375 0.03203125
7 0.384375 0.15546875 0.01484375 0.03671875
6 0.3171875 0.3515625 0.01484375 0.0734375
6 0.32265625 0.34609375 0.01796875 0.0640625
7 0.44296875 0.296875 0.01640625 0.05078125
1 0.44375 0.30859375 0.03828125 0.040625
7 0.53515625 0.30390625 0.01875 0.06171875
4 0.53203125 0.31640625 0.03515625 0.04140625
6 0.60625 0.28203125 0.015625 0.05859375
6 0.640625 0.29609375 0.01953125 0.059375
3 0.41484375 0.0921875 0.05859375 0.0359375
3 0.49140625 0.17109375 0.059375 0.06328125
3 0.575 0.08828125 0.053125 0.03359375
10 0.6703125 0.08203125 0.05 0.03984375
10 0.590625 0.1296875 0.04453125 0.04609375
10 0.6953125 0.09609375 0.02578125 0.03828125
3 0.3484375 0.01328125 0.01796875 0.02578125
7 0.32734375 0.034375 0.00859375 0.03046875
4 0.3265625 0.040625 0.00703125 0.021875
7 0.3375 0.03359375 0.00703125 0.025
1 0.3375 0.04140625 0.00546875 0.01796875
3 0.65859375 0.51171875 0.09921875 0.16953125
6 0.515625 0.01796875 0.00703125 0.028125
6 0.503125 0.015625 0.00859375 0.02578125
6 0.4796875 0.01953125 0.00546875 0.02421875
6 0.484375 0.0234375 0.0046875 0.0203125
6 0.48828125 0.01953125 0.00546875 0.025
10 0.69296875 0.04453125 0.03046875 0.03203125
10 0.69375 0.02890625 0.02890625 0.0265625