7 0.7734375 0.71484375 0.01484375 0.0515625
8 0.7640625 0.7359375 0.02578125 0.046875
1 0.1828125 0.7109375 0.0328125 0.040625
1 0.06796875 0.8765625 0.028125 0.06171875
1 0.19375 0.671875 0.009375 0.04375
1 0.221875 0.6390625 0.02890625 0.0296875
6 0.2140625 0.6625 0.01171875 0.04140625
6 0.2046875 0.6796875 0.01171875 0.04609375
10 0.25 0.66875 0.0734375 0.14140625
3 0.34921875 0.59375 0.0421875 0.06875
3 0.40625 0.5328125 0.03203125 0.06015625
3 0.4015625 0.45546875 0.0265625 0.04609375
9 0.334375 0.23671875 0.07265625 0.053125
10 0.45 0.428125 0.02578125 0.0609375
3 0.4796875 0.40625 0.02109375 0.03828125
10 0.58125 0.54296875 0.03203125 0.0609375
3 0.525 0.57109375 0.03359375 0.0609375
3 0.5296875 0.46875 0.0265625 0.03984375
10 0.59453125 0.44296875 0.02734375 0.06015625
3 0.5390625 0.4 0.021875 0.03671875
3 0.5671875 0.3640625 0.01875 0.03046875
3 0.48515625 0.33046875 0.01796875 0.034375
3 0.41171875 0.2703125 0.01953125 0.02421875
3 0.415625 0.19375 0.009375 0.01484375
3 0.41015625 0.18125 0.00859375 0.01015625
3 0.4265625 0.18359375 0.009375 0.0109375
9 0.43359375 0.171875 0.01640625 0.025
10 0.45546875 0.20078125 0.00859375 0.0140625
10 0.46484375 0.19453125 0.0109375 0.01796875
8 0.4734375 0.19140625 0.00546875 0.009375
3 0.46171875 0.27109375 0.01484375 0.021875
3 0.46953125 0.253125 0.0109375 0.01796875
3 0.46640625 0.23671875 0.01171875 0.01796875
3 0.49609375 0.27421875 0.015625 0.02109375
9 0.509375 0.26171875 0.01796875 0.0296875
3 0.51875 0.240625 0.01171875 0.015625
3 0.48984375 0.23828125 0.01171875 0.015625
3 0.5 0.22890625 0.0109375 0.01640625
10 0.47421875 0.2203125 0.01015625 0.01640625
3 0.46875 0.21328125 0.01015625 0.0140625
3 0.471875 0.20546875 0.00859375 0.01171875
9 0.48515625 0.2078125 0.01484375 0.02109375
6 0.5140625 0.21328125 0.003125 0.0140625
6 0.5453125 0.23515625 0.00390625 0.01640625
7 0.57734375 0.26328125 0.0046875 0.0140625
1 0.57734375 0.271875 0.00625 0.00859375
2 0.55 0.29140625 0.02890625 0.06015625
7 0.60703125 0.27109375 0.00625 0.01484375
4 0.60546875 0.27734375 0.01171875 0.0140625
10 0.75703125 0.21015625 0.00859375 0.01484375
10 0.72734375 0.19296875 0.01328125 0.0140625
9 0.69765625 0.28515625 0.04296875 0.0390625
3 0.7125 0.30390625 0.03046875 0.01953125
3 0.73359375 0.303125 0.02578125 0.01953125
3 0.76484375 0.31171875 0.03046875 0.02578125