10 0.12890625 0.21640625 0.0171875 0.0109375
9 0.15390625 0.23359375 0.0453125 0.03203125
3 0.184375 0.21953125 0.01953125 0.01171875
3 0.1765625 0.23046875 0.01796875 0.01328125
3 0.34140625 0.29140625 0.01328125 0.01875
3 0.32734375 0.1859375 0.00625 0.00859375
3 0.3375 0.215625 0.00703125 0.0109375
3 0.35859375 0.203125 0.00625 0.01015625
3 0.32734375 0.17265625 0.00390625 0.00625
3 0.4859375 0.35625 0.01953125 0.0265625
10 0.5390625 0.346875 0.0203125 0.02890625
3 0.32890625 0.15546875 0.00390625 0.00546875
3 0.32578125 0.15625 0.00546875 0.00625
9 0.3390625 0.15234375 0.01171875 0.0140625
9 0.35390625 0.1640625 0.00703125 0.0140625
9 0.403125 0.221875 0.01953125 0.04453125
3 0.42578125 0.21875 0.00859375 0.0109375
3 0.46953125 0.21640625 0.00625 0.01015625
3 0.3734375 0.15078125 0.00703125 0.00546875
3 0.36640625 0.15 0.0078125 0.00546875
3 0.36953125 0.15390625 0.00390625 0.00546875
9 0.35546875 0.15 0.00703125 0.009375
9 0.3640625 0.1578125 0.0078125 0.01796875
10 0.3671875 0.16796875 0.00546875 0.01328125
3 0.38671875 0.1546875 0.00390625 0.00546875
3 0.390625 0.1578125 0.00390625 0.00625
3 0.44765625 0.22578125 0.00859375 0.01328125
3 0.4390625 0.21875 0.00703125 0.01015625
3 0.43671875 0.21328125 0.0078125 0.0109375
9 0.4796875 0.19375 0.01484375 0.0265625
9 0.47109375 0.17734375 0.0140625 0.02109375
9 0.46875 0.1953125 0.0109375 0.021875
9 0.46171875 0.175 0.01328125 0.0203125
3 0.45234375 0.21953125 0.00859375 0.0109375
3 0.45703125 0.2140625 0.009375 0.01015625
3 0.453125 0.209375 0.00625 0.0109375
3 0.446875 0.21484375 0.00703125 0.009375
3 0.44375 0.2109375 0.00703125 0.0109375
3 0.44765625 0.2046875 0.00625 0.0109375
3 0.43125 0.209375 0.00703125 0.009375
3 0.42890625 0.20546875 0.00703125 0.01171875
3 0.43828125 0.20625 0.00703125 0.01015625
3 0.43671875 0.2015625 0.00546875 0.00859375
3 0.425 0.2015625 0.00703125 0.00859375
3 0.44375 0.19921875 0.00546875 0.00859375
3 0.43984375 0.19609375 0.00546875 0.009375
3 0.434375 0.19921875 0.00703125 0.01328125
9 0.45859375 0.196875 0.01015625 0.01796875
3 0.4515625 0.19453125 0.00625 0.00703125
3 0.4484375 0.19140625 0.0046875 0.00546875
3 0.45 0.18125 0.00546875 0.01015625
9 0.440625 0.17890625 0.015625 0.0203125