3 0.73125 0.290625 0.0421875 0.03125
3 0.6765625 0.303125 0.0453125 0.0328125
3 0.72421875 0.32109375 0.0359375 0.0265625
10 0.75703125 0.33125 0.0328125 0.021875
10 0.78125 0.34296875 0.0296875 0.021875
3 0.8234375 0.3390625 0.021875 0.015625
3 0.82578125 0.36328125 0.0171875 0.0140625
3 0.8609375 0.35703125 0.0109375 0.009375
0 0.7640625 0.2453125 0.0296875 0.021875
8 0.74921875 0.25234375 0.028125 0.03125
8 0.76171875 0.2640625 0.028125 0.028125
4 0.6359375 0.35390625 0.01875 0.01875
4 0.62578125 0.3578125 0.0375 0.021875
4 0.7 0.21171875 0.0234375 0.0234375
1 0.640625 0.16640625 0.0265625 0.025
1 0.6578125 0.22890625 0.025 0.0140625
4 0.6625 0.1859375 0.0234375 0.028125
1 0.653125 0.2015625 0.0234375 0.0140625
4 0.68515625 0.20234375 0.0234375 0.028125
4 0.6765625 0.2046875 0.0234375 0.021875
6 0.68828125 0.1859375 0.034375 0.01875
6 0.83359375 0.31015625 0.015625 0.0078125
7 0.6703125 0.23359375 0.0203125 0.0125
7 0.66015625 0.20546875 0.0296875 0.01875
7 0.79453125 0.3015625 0.0125 0.0078125
6 0.80703125 0.3171875 0.015625 0.0078125
6 0.8140625 0.38359375 0.0109375 0.00625
3 0.78984375 0.353125 0.0203125 0.015625
4 0.7984375 0.36796875 0.015625 0.0078125
4 0.7953125 0.3203125 0.01875 0.0109375
3 0.90390625 0.38046875 0.009375 0.00625
3 0.88984375 0.37421875 0.0078125 0.0078125
6 0.84921875 0.38359375 0.0140625 0.0078125
0 0.85703125 0.34921875 0.0125 0.0078125
3 0.84375 0.40546875 0.0140625 0.0109375
6 0.8765625 0.359375 0.0109375 0.00625
3 0.8390625 0.37421875 0.0125 0.009375
7 0.7953125 0.384375 0.0109375 0.00625
7 0.81015625 0.30390625 0.015625 0.0109375
7 0.809375 0.31015625 0.0125 0.0078125
4 0.87890625 0.37265625 0.009375 0.0046875
4 0.8765625 0.3765625 0.009375 0.0046875
6 0.85859375 0.33203125 0.0125 0.0078125
4 0.8875 0.36484375 0.00625 0.0046875
4 0.896875 0.37109375 0.009375 0.00625