6 0.10078125 0.15234375 0.0046875 0.02109375
6 0.10546875 0.1515625 0.00625 0.0203125
7 0.1359375 0.1609375 0.00390625 0.01171875
6 0.13515625 0.134375 0.00390625 0.02109375
6 0.13984375 0.14375 0.00546875 0.02109375
6 0.1421875 0.1484375 0.00390625 0.0203125
6 0.14609375 0.14375 0.00390625 0.01875
8 0.09765625 0.15234375 0.015625 0.025
9 0.11875 0.109375 0.0140625 0.02578125
3 0.103125 0.1765625 0.0390625 0.03046875
3 0.0875 0.2 0.0328125 0.028125
3 0.0859375 0.22890625 0.0265625 0.03984375
3 0.11484375 0.22421875 0.02421875 0.03359375
10 0.1390625 0.2203125 0.0234375 0.04609375
3 0.0734375 0.2828125 0.04296875 0.03828125
3 0.096875 0.3078125 0.0484375 0.0453125
4 0.10390625 0.328125 0.01796875 0.02578125
4 0.11015625 0.3125 0.01796875 0.01953125
10 0.13203125 0.35546875 0.05546875 0.06953125
3 0.13984375 0.328125 0.04765625 0.04921875
3 0.15546875 0.4015625 0.06171875 0.04921875
3 0.16484375 0.4296875 0.06171875 0.05
7 0.08515625 0.5359375 0.01796875 0.028125
7 0.07734375 0.5484375 0.0125 0.0296875
4 0.04921875 0.6375 0.025 0.05625
4 0.071875 0.63828125 0.0203125 0.034375
7 0.0265625 0.66953125 0.01171875 0.01875
7 0.028125 0.65859375 0.01484375 0.01171875
3 0.18984375 0.6140625 0.046875 0.10703125
3 0.23671875 0.63359375 0.03984375 0.115625
3 0.221875 0.515625 0.06796875 0.05625
3 0.23125 0.43125 0.0421875 0.06640625
3 0.26953125 0.40390625 0.03203125 0.07109375
3 0.21640625 0.36171875 0.05859375 0.04921875
3 0.22109375 0.3203125 0.05625 0.0390625
3 0.2296875 0.296875 0.046875 0.03515625
3 0.2546875 0.2796875 0.02265625 0.04296875
3 0.23359375 0.25703125 0.04296875 0.0484375
3 0.25234375 0.23125 0.01796875 0.03984375
3 0.26484375 0.19609375 0.03671875 0.0265625
10 0.24375 0.15703125 0.01796875 0.034375
3 0.27421875 0.16875 0.01640625 0.0265625
3 0.28828125 0.1609375 0.01484375 0.028125
4 0.26015625 0.15390625 0.009375 0.01953125
4 0.303125 0.146875 0.01328125 0.01640625
7 0.32421875 0.14921875 0.00625 0.01875
7 0.334375 0.13046875 0.00390625 0.01484375
3 0.340625 0.18671875 0.0328125 0.02578125
10 0.35703125 0.17109375 0.0375 0.03125
4 0.3609375 0.15078125 0.0140625 0.01796875
1 0.384375 0.15078125 0.0140625 0.015625
4 0.40078125 0.15390625 0.0046875 0.01640625
4 0.4140625 0.15546875 0.0046875 0.0203125
1 0.41484375 0.153125 0.01171875 0.01171875
3 0.396875 0.17421875 0.03203125 0.02421875
6 0.38828125 0.2203125 0.00546875 0.0296875
1 0.41328125 0.22109375 0.0265625 0.02109375
3 0.4015625 0.240625 0.02265625 0.0359375
3 0.39921875 0.2703125 0.01875 0.03515625
3 0.41875 0.29375 0.04375 0.0359375
3 0.38203125 0.3109375 0.021875 0.04140625
3 0.40703125 0.33359375 0.02265625 0.04453125
10 0.40390625 0.371875 0.02421875 0.05390625
3 0.43125 0.4296875 0.06015625 0.05
3 0.43671875 0.4640625 0.06328125 0.0484375
3 0.421875 0.51328125 0.06484375 0.06875
3 0.43125 0.584375 0.04609375 0.10078125
4 0.4625 0.65078125 0.01953125 0.0453125
7 0.5375 0.64921875 0.0046875 0.0203125
7 0.5453125 0.6484375 0.01171875 0.0265625
7 0.52421875 0.6453125 0.01171875 0.03359375
7 0.521875 0.63203125 0.0109375 0.02890625
7 0.5296875 0.62109375 0.00859375 0.02421875
7 0.5390625 0.62421875 0.0078125 0.02890625
7 0.54609375 0.63359375 0.009375 0.0265625
1 0.49765625 0.46484375 0.01953125 0.03125
4 0.49296875 0.44921875 0.02421875 0.0265625
4 0.47734375 0.34140625 0.00625 0.03203125
4 0.4765625 0.3359375 0.00390625 0.01796875
10 0.43984375 0.24140625 0.028125 0.046875
3 0.4625 0.23359375 0.028125 0.04453125
3 0.48515625 0.2359375 0.02890625 0.03984375
7 0.4734375 0.2109375 0.0078125 0.0140625
6 0.47578125 0.2046875 0.00546875 0.01484375
6 0.4578125 0.15546875 0.00546875 0.02109375
7 0.46171875 0.15859375 0.00546875 0.01484375
7 0.46953125 0.1546875 0.00390625 0.01640625
6 0.53671875 0.16171875 0.00390625 0.01640625
4 0.54140625 0.1609375 0.00546875 0.01953125
3 0.43828125 0.1765625 0.034375 0.025