4 0.72265625 0.2421875 0.0171875 0.025
3 0.759375 0.26796875 0.040625 0.0359375
6 0.734375 0.359375 0.0109375 0.025
2 0.725 0.3375 0.0796875 0.109375
4 0.665625 0.3625 0.0203125 0.025
4 0.78984375 0.3 0.0125 0.0234375
7 0.79296875 0.29453125 0.0109375 0.021875
6 0.83515625 0.2046875 0.0078125 0.0140625
3 0.803125 0.31796875 0.0296875 0.0421875
3 0.7953125 0.4859375 0.053125 0.090625
10 0.82109375 0.33671875 0.0296875 0.04375
3 0.82890625 0.22265625 0.0328125 0.028125
3 0.84453125 0.19609375 0.021875 0.01875
3 0.85234375 0.184375 0.025 0.0234375
6 0.878125 0.1703125 0.00625 0.0140625
3 0.8640625 0.21015625 0.0171875 0.021875
3 0.87421875 0.19609375 0.015625 0.0203125
3 0.88671875 0.18125 0.015625 0.0171875
6 0.87734375 0.56171875 0.01875 0.0328125
3 0.940625 0.5453125 0.0703125 0.071875
9 0.91796875 0.42578125 0.0546875 0.1
6 0.94453125 0.32890625 0.0125 0.021875
3 0.98984375 0.2515625 0.0203125 0.021875
6 0.9765625 0.21796875 0.0078125 0.0140625
3 0.996875 0.178125 0.00625 0.015625
3 0.97890625 0.19609375 0.0125 0.0171875
3 0.98203125 0.18671875 0.0125 0.0140625
3 0.9875 0.1734375 0.009375 0.0140625
3 0.9828125 0.165625 0.0109375 0.0140625
3 0.98828125 0.1578125 0.0078125 0.0125
3 0.99140625 0.153125 0.0125 0.0140625
3 0.99375 0.1390625 0.0078125 0.0109375
3 0.996875 0.12578125 0.00625 0.0109375
3 0.990625 0.12734375 0.0078125 0.0109375
3 0.99375 0.12109375 0.00625 0.0109375
3 0.9859375 0.12109375 0.0078125 0.0109375
3 0.98125 0.1171875 0.0078125 0.0109375
3 0.9765625 0.12890625 0.00625 0.0109375
4 0.9625 0.2203125 0.00625 0.0125
7 0.96328125 0.21640625 0.00625 0.0125
4 0.9734375 0.178125 0.0046875 0.009375
7 0.97421875 0.175 0.0046875 0.009375
10 0.90078125 0.16640625 0.0125 0.0171875
3 0.91328125 0.15625 0.0125 0.0140625
10 0.91953125 0.146875 0.0125 0.015625
8 0.928125 0.1640625 0.009375 0.0171875
7 0.92890625 0.16328125 0.0046875 0.009375
3 0.9828125 0.10234375 0.00625 0.0078125
3 0.97890625 0.10703125 0.0046875 0.00625
3 0.9796875 0.1 0.0046875 0.0046875
3 0.97421875 0.10234375 0.0046875 0.00625
8 0.96875 0.1078125 0.0046875 0.009375
3 0.95859375 0.12109375 0.0078125 0.0109375
3 0.93046875 0.134375 0.0078125 0.0109375
3 0.93671875 0.1296875 0.0078125 0.0109375
3 0.940625 0.12578125 0.0078125 0.0109375
3 0.94609375 0.11953125 0.0078125 0.0109375
3 0.934375 0.11328125 0.0109375 0.0125
6 0.9390625 0.11484375 0.0046875 0.00625
3 0.953125 0.11328125 0.0078125 0.0078125
3 0.94609375 0.10546875 0.0109375 0.0078125
10 0.96015625 0.1046875 0.0046875 0.009375
6 0.95625 0.10703125 0.003125 0.009375
3 0.96640625 0.1015625 0.0046875 0.00625
3 0.975 0.1125 0.0078125 0.0078125
4 0.953125 0.15 0.0046875 0.009375
7 0.953125 0.1484375 0.0046875 0.009375
4 0.94296875 0.13828125 0.0046875 0.009375
7 0.94296875 0.13671875 0.003125 0.00625
10 0.7484375 0.19921875 0.0296875 0.0265625