3 0.51953125 0.8390625 0.03828125 0.0890625
3 0.56953125 0.81640625 0.04140625 0.08203125
3 0.51328125 0.69453125 0.03203125 0.06875
3 0.54765625 0.66640625 0.02890625 0.0546875
3 0.50390625 0.57421875 0.02265625 0.0453125
3 0.471875 0.571875 0.02265625 0.046875
3 0.5328125 0.5390625 0.02265625 0.03671875
3 0.4984375 0.50234375 0.0203125 0.034375
3 0.47265625 0.46796875 0.01796875 0.03125
3 0.5234375 0.46953125 0.02109375 0.0390625
3 0.49609375 0.4484375 0.01640625 0.02890625
3 0.475 0.4140625 0.0171875 0.02578125
3 0.51875 0.41640625 0.01796875 0.0265625
3 0.5078125 0.36796875 0.0140625 0.02109375
10 0.49140625 0.38671875 0.015625 0.028125
3 0.41796875 0.39453125 0.015625 0.028125
3 0.396875 0.3796875 0.01484375 0.02421875
3 0.39296875 0.346875 0.01171875 0.02109375
3 0.42578125 0.340625 0.0125 0.02109375
3 0.39921875 0.32734375 0.0125 0.02109375
3 0.4171875 0.32109375 0.01171875 0.01953125
3 0.4703125 0.37734375 0.01328125 0.0234375
3 0.4703125 0.34921875 0.01171875 0.01875
3 0.48671875 0.3390625 0.01328125 0.021875
3 0.471875 0.32890625 0.0109375 0.01640625
3 0.47265625 0.30390625 0.01015625 0.01640625
3 0.48671875 0.30625 0.01015625 0.01640625
3 0.48515625 0.2859375 0.00859375 0.0140625
3 0.47734375 0.2640625 0.0078125 0.01171875
3 0.38515625 0.578125 0.02421875 0.05
2 0.46328125 0.26640625 0.01328125 0.03203125
3 0.0484375 0.321875 0.0265625 0.01953125
3 0.05546875 0.325 0.02109375 0.01875
3 0.065625 0.3234375 0.02109375 0.01875
3 0.11640625 0.37109375 0.02109375 0.0203125
3 0.121875 0.38203125 0.02421875 0.0265625
3 0.14296875 0.38046875 0.02265625 0.0234375
3 0.1359375 0.37109375 0.0203125 0.01875
3 0.17578125 0.36953125 0.01796875 0.0234375
3 0.15546875 0.36953125 0.01953125 0.01640625
3 0.4359375 0.30078125 0.00859375 0.01796875
3 0.41484375 0.2859375 0.01015625 0.01953125
3 0.42890625 0.284375 0.01015625 0.015625
3 0.44140625 0.2859375 0.01015625 0.01640625
3 0.42421875 0.26875 0.009375 0.0140625
3 0.44609375 0.26796875 0.009375 0.0140625
3 0.43984375 0.25703125 0.0078125 0.01328125
3 0.434375 0.2421875 0.00703125 0.01171875
3 0.4859375 0.27109375 0.00859375 0.01484375
3 0.4875 0.25703125 0.00859375 0.0140625
3 0.396875 0.2546875 0.00859375 0.01640625
2 0.4265625 0.22421875 0.01328125 0.021875
3 0.43671875 0.225 0.00625 0.0109375
3 0.4421875 0.2296875 0.00703125 0.0109375
3 0.4515625 0.22890625 0.00625 0.0109375
3 0.4421875 0.24609375 0.00703125 0.01171875
3 0.45390625 0.24609375 0.00703125 0.01015625
3 0.45546875 0.234375 0.0078125 0.0109375
3 0.46015625 0.22578125 0.00625 0.009375
3 0.44765625 0.21796875 0.00625 0.01015625
3 0.45546875 0.22109375 0.00625 0.009375
3 0.43515625 0.21328125 0.00703125 0.009375
3 0.4671875 0.21484375 0.00546875 0.009375
3 0.475 0.221875 0.00546875 0.00859375
3 0.453125 0.2125 0.00546875 0.01015625
3 0.45703125 0.21796875 0.0046875 0.009375
3 0.48828125 0.24921875 0.00625 0.01015625
3 0.49765625 0.275 0.0078125 0.01328125
3 0.49765625 0.26796875 0.00859375 0.009375
3 0.5 0.26171875 0.0078125 0.01171875
3 0.49921875 0.2515625 0.00703125 0.009375
3 0.49921875 0.24609375 0.00703125 0.01015625
3 0.49921875 0.2390625 0.00625 0.009375
3 0.50859375 0.2359375 0.00703125 0.0109375
3 0.5109375 0.2421875 0.00703125 0.01015625
3 0.4890625 0.2421875 0.00625 0.00859375
3 0.490625 0.23671875 0.00625 0.01015625
3 0.49453125 0.23125 0.00625 0.01015625
3 0.49140625 0.2265625 0.00546875 0.00703125
3 0.49296875 0.221875 0.00625 0.00703125
3 0.49296875 0.215625 0.00546875 0.00703125
3 0.48515625 0.21796875 0.00546875 0.009375
3 0.48359375 0.22421875 0.00546875 0.00859375
3 0.48203125 0.23046875 0.00625 0.01015625
3 0.48046875 0.2359375 0.00625 0.0109375
3 0.4796875 0.24375 0.00703125 0.0109375
3 0.4796875 0.25 0.00703125 0.0109375
3 0.47890625 0.21171875 0.00625 0.009375
7 0.11484375 0.87265625 0.01328125 0.0546875
4 0.1140625 0.878125 0.015625 0.046875
7 0.04296875 0.9875 0.01640625 0.025
2 0.4703125 0.69375 0.04453125 0.19609375