6 0.0734375 0.3640625 0.00859375 0.0359375
6 0.06484375 0.36328125 0.00703125 0.03515625
7 0.07578125 0.31171875 0.00546875 0.0234375
1 0.075 0.32109375 0.00703125 0.0203125
3 0.009375 0.2765625 0.01796875 0.0234375
6 0.11015625 0.31796875 0.00703125 0.02421875
3 0.17890625 0.14921875 0.00390625 0.00859375
3 0.19140625 0.14921875 0.00390625 0.00625
3 0.19609375 0.1484375 0.00390625 0.00703125
3 0.2015625 0.14921875 0.00234375 0.00546875
3 0.20625 0.14921875 0.003125 0.00546875
3 0.20390625 0.1515625 0.00390625 0.00625
3 0.209375 0.15078125 0.00390625 0.00625
3 0.21015625 0.1546875 0.0046875 0.00546875
3 0.21015625 0.15859375 0.00546875 0.00859375
3 0.21875 0.15625 0.00546875 0.00703125
3 0.22265625 0.165625 0.00546875 0.00859375
3 0.17890625 0.1578125 0.00546875 0.00625
3 0.18046875 0.1609375 0.00390625 0.00703125
3 0.18359375 0.165625 0.00390625 0.00703125
3 0.18515625 0.16953125 0.0046875 0.00703125
3 0.18671875 0.17265625 0.00546875 0.00859375
3 0.18828125 0.175 0.00546875 0.009375
2 0.17734375 0.1703125 0.01015625 0.0203125
3 0.1875 0.16171875 0.00546875 0.00859375
3 0.1890625 0.1625 0.0046875 0.00625
3 0.18984375 0.1640625 0.00390625 0.00625
3 0.19296875 0.16875 0.00546875 0.00859375
3 0.19609375 0.1734375 0.00546875 0.009375
3 0.19765625 0.17734375 0.00625 0.01015625
3 0.196875 0.1640625 0.00546875 0.01015625
3 0.19921875 0.16640625 0.0046875 0.00703125
3 0.20234375 0.17109375 0.00546875 0.00859375
3 0.20625 0.175 0.00546875 0.009375
3 0.20859375 0.1765625 0.00703125 0.0109375
6 0.2484375 0.18203125 0.00234375 0.01015625
6 0.2484375 0.178125 0.003125 0.0140625
6 0.253125 0.18125 0.00234375 0.01015625
6 0.278125 0.18828125 0.00234375 0.01328125
7 0.2640625 0.18828125 0.003125 0.00546875
1 0.26484375 0.19140625 0.00703125 0.00859375
3 0.24375 0.20078125 0.00859375 0.01328125
3 0.25625 0.2015625 0.01015625 0.01171875
3 0.25078125 0.209375 0.00859375 0.0109375
3 0.25546875 0.215625 0.0109375 0.0140625
3 0.265625 0.21015625 0.00859375 0.01328125
3 0.2703125 0.2015625 0.00859375 0.0109375
3 0.28046875 0.209375 0.009375 0.01171875
2 0.29140625 0.19921875 0.02265625 0.03359375
3 0.28828125 0.21796875 0.009375 0.01015625
3 0.27578125 0.22109375 0.01171875 0.01328125
3 0.26171875 0.22421875 0.01171875 0.015625
3 0.26796875 0.234375 0.01171875 0.015625
3 0.28125 0.228125 0.01015625 0.01328125
3 0.29609375 0.225 0.0109375 0.01484375
3 0.303125 0.215625 0.01171875 0.01796875
3 0.278125 0.24140625 0.01484375 0.01796875
3 0.28125 0.25234375 0.01328125 0.015625
3 0.2890625 0.26328125 0.0140625 0.01875
3 0.296875 0.27578125 0.01484375 0.0234375
3 0.30546875 0.29453125 0.01875 0.02421875
3 0.3125 0.309375 0.01953125 0.02890625
3 0.32109375 0.33125 0.02265625 0.0359375
3 0.3265625 0.359375 0.02578125 0.0390625
10 0.33515625 0.38359375 0.025 0.0546875
3 0.346875 0.4234375 0.03125 0.05390625
3 0.36015625 0.48671875 0.04140625 0.0734375
3 0.04453125 0.65078125 0.08671875 0.1109375
3 0.13203125 0.65859375 0.06640625 0.1
3 0.2359375 0.634375 0.05390625 0.14140625
3 0.3890625 0.59375 0.053125 0.1015625
3 0.2890625 0.23359375 0.01171875 0.01875
3 0.2953125 0.2421875 0.0125 0.01953125
3 0.303125 0.25234375 0.01328125 0.01796875
3 0.3109375 0.26484375 0.01484375 0.0203125
3 0.31796875 0.2765625 0.015625 0.02578125
3 0.328125 0.29375 0.01796875 0.02578125
3 0.34296875 0.31015625 0.02421875 0.03671875
3 0.35546875 0.3359375 0.025 0.03828125
3 0.36875 0.36328125 0.02265625 0.0390625
3 0.38203125 0.3953125 0.03515625 0.04609375
3 0.303125 0.23203125 0.01171875 0.015625
3 0.3078125 0.2390625 0.01171875 0.01640625
3 0.31796875 0.24765625 0.01328125 0.01796875
3 0.325 0.2578125 0.01484375 0.01953125
3 0.3359375 0.26484375 0.0125 0.0203125
2 0.35234375 0.2703125 0.03984375 0.06875
3 0.371875 0.315625 0.02421875 0.03828125
3 0.409375 0.37421875 0.03125 0.04140625
3 0.44375 0.37421875 0.0328125 0.04296875
3 0.31171875 0.22265625 0.01171875 0.015625
3 0.321875 0.23203125 0.01328125 0.01796875
3 0.33046875 0.23984375 0.0125 0.01640625
3 0.3578125 0.20703125 0.01953125 0.01328125
3 0.36015625 0.21484375 0.0171875 0.0109375
3 0.36796875 0.21640625 0.01796875 0.01328125
3 0.375 0.22109375 0.01953125 0.01640625
3 0.384375 0.2234375 0.0171875 0.01796875
3 0.3984375 0.23359375 0.025 0.01796875
7 0.3671875 0.23125 0.00234375 0.01015625
4 0.3671875 0.2375 0.00390625 0.01015625
3 0.36015625 0.23671875 0.00390625 0.01328125
6 0.34296875 0.21640625 0.003125 0.009375
4 0.3421875 0.221875 0.00390625 0.00625
1 0.371875 0.2484375 0.01015625 0.0109375
7 0.38046875 0.23671875 0.00390625 0.0109375
1 0.3796875 0.246875 0.00546875 0.009375
7 0.403125 0.25546875 0.0046875 0.01484375
1 0.40390625 0.26484375 0.00390625 0.0109375
3 0.44296875 0.2765625 0.02265625 0.02421875
3 0.45703125 0.2875 0.0265625 0.03046875
3 0.46640625 0.34375 0.01484375 0.02109375
6 0.48828125 0.303125 0.00390625 0.028125
6 0.49296875 0.3015625 0.00546875 0.028125
6 0.48984375 0.28671875 0.00546875 0.02109375
7 0.50234375 0.3484375 0.00859375 0.02421875
3 0.5 0.35859375 0.01015625 0.02578125
7 0.51796875 0.3484375 0.00703125 0.02109375
1 0.51640625 0.359375 0.01171875 0.02578125
7 0.53125 0.34453125 0.0078125 0.0265625
1 0.5296875 0.35859375 0.01015625 0.0234375
6 0.53359375 0.4171875 0.00859375 0.04921875
6 0.5421875 0.425 0.009375 0.04453125
7 0.56171875 0.42890625 0.0109375 0.03515625
4 0.5609375 0.43984375 0.01328125 0.03671875
7 0.575 0.3984375 0.0109375 0.028125
4 0.5734375 0.409375 0.01328125 0.03046875
4 0.59296875 0.37109375 0.0078125 0.025
7 0.55234375 0.5 0.01171875 0.040625
4 0.5515625 0.51875 0.01015625 0.03125
7 0.596875 0.4953125 0.01171875 0.04609375
1 0.59609375 0.51484375 0.0078125 0.03359375
7 0.646875 0.51640625 0.01953125 0.05390625
1 0.64375 0.5296875 0.0328125 0.04453125
7 0.6703125 0.45078125 0.01328125 0.03984375
1 0.66640625 0.46328125 0.02890625 0.03515625
6 0.6921875 0.490625 0.01484375 0.06015625
6 0.675 0.5828125 0.01484375 0.0640625
6 0.69296875 0.565625 0.01328125 0.05625
7 0.6984375 0.621875 0.01953125 0.04609375
3 0.56875 0.61875 0.09140625 0.10703125