3 0.42734375 0.53359375 0.053125 0.08984375
3 0.371875 0.64296875 0.06640625 0.12578125
10 0.47890625 0.3984375 0.02890625 0.06640625
3 0.228125 0.534375 0.0640625 0.075
3 0.30625 0.3828125 0.04765625 0.04375
3 0.11015625 0.45078125 0.06171875 0.05546875
3 0.0984375 0.51640625 0.06171875 0.06875
3 0.21015625 0.68359375 0.04921875 0.04921875
3 0.24296875 0.30546875 0.03515625 0.03046875
3 0.2625 0.29609375 0.03125 0.02890625
10 0.2734375 0.259375 0.02578125 0.03203125
10 0.1421875 0.35234375 0.04609375 0.0453125
3 0.5609375 0.378125 0.028125 0.04921875
3 0.6734375 0.37890625 0.03046875 0.040625
3 0.5375 0.2734375 0.01796875 0.02578125
3 0.51875 0.25546875 0.0171875 0.0234375
3 0.53515625 0.22890625 0.01328125 0.021875
3 0.58125 0.2546875 0.01484375 0.021875
3 0.5953125 0.24296875 0.01484375 0.021875
10 0.59140625 0.21953125 0.0125 0.02421875
3 0.58515625 0.20859375 0.01015625 0.01484375
3 0.5875 0.19453125 0.009375 0.0140625
10 0.61171875 0.1859375 0.01484375 0.01796875
10 0.58984375 0.1765625 0.00859375 0.01484375
3 0.58125 0.16171875 0.00703125 0.01015625
3 0.5984375 0.1609375 0.00703125 0.009375
3 0.584375 0.14453125 0.00625 0.009375
3 0.61484375 0.15234375 0.00625 0.01015625
3 0.5953125 0.1546875 0.00546875 0.009375
3 0.5984375 0.14921875 0.00625 0.00859375
3 0.61171875 0.146875 0.00625 0.00859375
6 0.6078125 0.16015625 0.00234375 0.009375
3 0.6171875 0.22890625 0.0125 0.01875
7 0.60625 0.2140625 0.00546875 0.01328125
4 0.60625 0.21640625 0.0046875 0.01171875
6 0.56796875 0.1546875 0.00234375 0.009375
7 0.5703125 0.153125 0.0015625 0.00625
7 0.57421875 0.15390625 0.00234375 0.00703125
7 0.03515625 0.6015625 0.01953125 0.06015625
1 0.03828125 0.60703125 0.03046875 0.0390625
6 0.12578125 0.303125 0.00625 0.02890625
6 0.13046875 0.28828125 0.00546875 0.028125
6 0.125 0.284375 0.00703125 0.02421875
4 0.14296875 0.30078125 0.00625 0.02421875
4 0.19375 0.31484375 0.00703125 0.02421875
4 0.1890625 0.2984375 0.009375 0.0203125
7 0.16875 0.34609375 0.00703125 0.03046875
4 0.16953125 0.34921875 0.01875 0.0203125
6 0.23125 0.2703125 0.003125 0.01328125
7 0.2140625 0.26796875 0.00625 0.01484375
4 0.1375 0.31953125 0.0078125 0.02421875
6 0.07421875 0.309375 0.00390625 0.02109375
6 0.059375 0.30703125 0.00703125 0.0265625
6 0.06171875 0.309375 0.0078125 0.028125
7 0.090625 0.31328125 0.00546875 0.01640625
7 0.0828125 0.32109375 0.00703125 0.02578125
6 0.52421875 0.3984375 0.00859375 0.03203125
7 0.4015625 0.36328125 0.0078125 0.028125
4 0.4015625 0.37109375 0.01015625 0.02578125
7 0.35859375 0.31640625 0.00703125 0.02578125
7 0.3625 0.3171875 0.00390625 0.02109375
4 0.36015625 0.321875 0.01171875 0.02109375
7 0.28359375 0.33359375 0.00859375 0.028125
4 0.28359375 0.33671875 0.01796875 0.0234375
7 0.44375 0.24609375 0.0046875 0.01953125
1 0.44375 0.24921875 0.0046875 0.0140625
6 0.42578125 0.2046875 0.003125 0.01640625
6 0.41796875 0.1921875 0.003125 0.015625
3 0.43203125 0.21484375 0.01953125 0.01484375
6 0.42421875 0.17578125 0.00234375 0.01328125
6 0.68515625 0.271875 0.00546875 0.0203125
3 0.7015625 0.24375 0.0140625 0.021875
10 0.69765625 0.23125 0.01328125 0.02109375
3 0.69609375 0.21953125 0.0125 0.0203125
10 0.665625 0.18203125 0.01328125 0.01484375
10 0.66484375 0.153125 0.00703125 0.01171875