3 0.590625 0.659375 0.0796875 0.096875
3 0.5265625 0.44609375 0.06015625 0.0546875
3 0.47421875 0.36796875 0.02734375 0.0390625
3 0.3734375 0.4203125 0.02890625 0.0484375
3 0.328125 0.3828125 0.02109375 0.04375
3 0.24375 0.45 0.034375 0.06875
3 0.26953125 0.34140625 0.021875 0.040625
3 0.33671875 0.23046875 0.01328125 0.025
3 0.30234375 0.22734375 0.01484375 0.025
10 0.31796875 0.20078125 0.01796875 0.01875
3 0.14609375 0.1578125 0.00859375 0.01171875
3 0.1625 0.15859375 0.01328125 0.01171875
3 0.18515625 0.159375 0.01796875 0.0140625
3 0.1734375 0.17109375 0.0234375 0.01171875
3 0.17265625 0.18125 0.02578125 0.01484375
3 0.2171875 0.1609375 0.01171875 0.0140625
3 0.24375 0.1609375 0.00703125 0.01328125
3 0.25390625 0.15859375 0.01640625 0.0109375
3 0.26875 0.15703125 0.0078125 0.01171875
3 0.24375 0.13671875 0.01015625 0.0140625
3 0.271875 0.1515625 0.00703125 0.01171875
3 0.275 0.14765625 0.0078125 0.01171875
3 0.27734375 0.14296875 0.00625 0.01171875
3 0.26796875 0.121875 0.0125 0.00625
3 0.27421875 0.1328125 0.00546875 0.01015625
3 0.28046875 0.12578125 0.01015625 0.00859375
3 0.284375 0.13359375 0.00546875 0.0109375
3 0.2828125 0.13828125 0.00625 0.0109375
3 0.27890625 0.14296875 0.00625 0.009375
3 0.321875 0.128125 0.0046875 0.009375
3 0.33203125 0.12578125 0.0046875 0.009375
3 0.34921875 0.14375 0.00703125 0.01015625
3 0.35 0.1296875 0.00546875 0.009375
3 0.34375 0.1078125 0.0046875 0.00859375
3 0.35078125 0.103125 0.00390625 0.00703125
3 0.34296875 0.09375 0.003125 0.0046875
3 0.346875 0.08828125 0.00234375 0.00546875
3 0.3390625 0.0859375 0.00234375 0.00390625
3 0.3359375 0.084375 0.00234375 0.00390625
3 0.34296875 0.07734375 0.0015625 0.003125
3 0.3390625 0.075 0.00234375 0.00390625
3 0.31953125 0.1140625 0.00703125 0.01015625
3 0.28125 0.11796875 0.00546875 0.00703125
3 0.23125 0.15859375 0.00703125 0.01171875
9 0.13203125 0.15546875 0.00859375 0.01796875
3 0.115625 0.21484375 0.01953125 0.021875
3 0.134375 0.2140625 0.02734375 0.02421875
3 0.15 0.21953125 0.0234375 0.0203125
3 0.18828125 0.26953125 0.02421875 0.02890625
3 0.1890625 0.253125 0.03359375 0.02578125
3 0.18515625 0.2359375 0.03203125 0.0203125
3 0.18125 0.21953125 0.02890625 0.015625
3 0.1484375 0.28671875 0.04609375 0.03125
3 0.1453125 0.3015625 0.046875 0.034375
3 0.13359375 0.33671875 0.034375 0.0515625
3 0.3890625 0.1828125 0.02109375 0.01796875
3 0.4625 0.1859375 0.02265625 0.01484375
3 0.4515625 0.15703125 0.01484375 0.01171875
3 0.465625 0.159375 0.01171875 0.0140625
3 0.47734375 0.1640625 0.01171875 0.01328125
3 0.47265625 0.18359375 0.01640625 0.01171875
3 0.5015625 0.1875 0.02265625 0.015625
3 0.51171875 0.18515625 0.0171875 0.0109375
3 0.53203125 0.1890625 0.02109375 0.0140625
3 0.51640625 0.2125 0.0265625 0.015625
3 0.50234375 0.215625 0.025 0.01640625
3 0.484375 0.21875 0.0265625 0.01875
3 0.478125 0.22265625 0.0265625 0.01953125
3 0.4375 0.23828125 0.01953125 0.0203125
6 0.4296875 0.25546875 0.01484375 0.02109375
3 0.43359375 0.27578125 0.015625 0.02421875
3 0.4609375 0.32578125 0.0203125 0.03203125
3 0.44921875 0.29609375 0.015625 0.0296875
6 0.55625 0.2171875 0.0046875 0.01953125
6 0.5546875 0.24609375 0.0046875 0.021875
3 0.56171875 0.24453125 0.00546875 0.01953125
6 0.51171875 0.23515625 0.003125 0.01875
6 0.50625 0.2359375 0.0015625 0.01640625
6 0.50859375 0.23828125 0.00234375 0.01796875
10 0.4921875 0.27890625 0.0390625 0.02890625
8 0.65625 0.409375 0.0296875 0.0484375
4 0.646875 0.3703125 0.0203125 0.02578125
1 0.66796875 0.346875 0.01875 0.0203125
6 0.61796875 0.290625 0.00546875 0.02890625
6 0.628125 0.62265625 0.01171875 0.05625