3 0.2125 0.66328125 0.05234375 0.090625
3 0.3109375 0.53046875 0.03671875 0.11328125
3 0.35625 0.39140625 0.03359375 0.071875
4 0.615625 0.475 0.028125 0.0296875
6 0.5484375 0.609375 0.0109375 0.0546875
6 0.53359375 0.40625 0.01171875 0.04453125
6 0.4046875 0.3484375 0.0078125 0.03984375
3 0.4140625 0.31796875 0.03203125 0.05
6 0.46484375 0.36875 0.00859375 0.034375
6 0.46640625 0.36171875 0.00703125 0.03984375
1 0.571875 0.3328125 0.01171875 0.034375
1 0.5328125 0.26953125 0.00703125 0.025
4 0.54296875 0.33984375 0.01171875 0.03125
4 0.53125 0.33671875 0.00859375 0.03125
4 0.44375 0.2234375 0.01484375 0.021875
3 0.4546875 0.27578125 0.05625 0.04296875
3 0.44765625 0.2515625 0.04765625 0.03671875
4 0.475 0.1609375 0.00703125 0.025
1 0.21171875 0.54453125 0.01640625 0.04921875
3 0.2109375 0.46796875 0.07109375 0.09453125
3 0.246875 0.39296875 0.03046875 0.0765625
6 0.1109375 0.5234375 0.01015625 0.03984375
6 0.103125 0.51875 0.0140625 0.05078125
4 0.04765625 0.49921875 0.03046875 0.03515625
4 0.0640625 0.4765625 0.02890625 0.04609375
3 0.12421875 0.3734375 0.06484375 0.07109375
3 0.26015625 0.20546875 0.02109375 0.04296875
3 0.38828125 0.2140625 0.02421875 0.03515625
6 0.18828125 0.13515625 0.00546875 0.02578125
4 0.228125 0.146875 0.0140625 0.01484375
4 0.221875 0.140625 0.00703125 0.02109375
4 0.22265625 0.153125 0.00546875 0.02109375
1 0.18671875 0.109375 0.00703125 0.01640625
4 0.19296875 0.0890625 0.00546875 0.01484375
6 0.203125 0.07109375 0.00390625 0.01875
3 0.2609375 0.128125 0.01640625 0.02890625
3 0.29765625 0.05390625 0.01171875 0.0203125
3 0.30546875 0.16171875 0.01953125 0.04140625
3 0.3296875 0.14375 0.015625 0.02890625
3 0.2484375 0.10546875 0.03671875 0.02578125
10 0.2609375 0.08203125 0.01328125 0.03125
3 0.26640625 0.07578125 0.01171875 0.0234375
3 0.21640625 0.00390625 0.0109375 0.0078125
3 0.259375 0.0390625 0.0171875 0.01875
10 0.2671875 0.02890625 0.00859375 0.02421875
3 0.28046875 0.02265625 0.01484375 0.01796875
4 0.278125 0.14140625 0.00546875 0.02421875
7 0.27890625 0.1375 0.00546875 0.0234375
8 0.46484375 0.184375 0.01015625 0.02109375
6 0.4546875 0.18359375 0.00546875 0.0265625
6 0.446875 0.18203125 0.00703125 0.03046875
1 0.440625 0.20234375 0.01015625 0.02109375
3 0.42265625 0.1859375 0.04140625 0.0296875
3 0.41171875 0.1609375 0.0421875 0.034375
3 0.4171875 0.140625 0.02578125 0.03203125
3 0.37578125 0.1734375 0.02109375 0.03359375
3 0.36875 0.14921875 0.0171875 0.0265625
4 0.35078125 0.2046875 0.00703125 0.02421875
7 0.35078125 0.19921875 0.00625 0.025
6 0.3625 0.07109375 0.00390625 0.01953125
1 0.396875 0.034375 0.00546875 0.0109375
3 0.35546875 0.10703125 0.01640625 0.02890625
3 0.3515625 0.09296875 0.01484375 0.02421875
3 0.3453125 0.06484375 0.01328125 0.0203125
3 0.309375 0.0265625 0.01015625 0.01640625
3 0.30546875 0.00546875 0.01015625 0.01015625
4 0.36171875 0.05078125 0.009375 0.01015625
3 0.35703125 0.040625 0.01875 0.01953125
3 0.3375 0.0390625 0.01015625 0.015625
1 0.33046875 0.0515625 0.003125 0.0140625
7 0.33046875 0.04765625 0.00390625 0.015625
3 0.353125 0.01875 0.02109375 0.015625
3 0.33203125 0.0171875 0.0171875 0.01796875
3 0.32734375 0.025 0.01015625 0.01640625
6 0.31953125 0.02578125 0.003125 0.01484375
4 0.32109375 0.046875 0.003125 0.01484375
7 0.3203125 0.04453125 0.00390625 0.015625