3 0.0109375 0.0984375 0.02109375 0.04609375
3 0.10859375 0.075 0.0578125 0.04296875
7 0.22109375 0.078125 0.01171875 0.02890625
8 0.21484375 0.084375 0.03984375 0.0296875
3 0.378125 0.07421875 0.05078125 0.0390625
3 0.40546875 0.01640625 0.046875 0.03125
3 0.52421875 0.015625 0.04609375 0.03046875
3 0.61796875 0.03046875 0.046875 0.03359375
3 0.6015625 0.0734375 0.0484375 0.03671875
3 0.6890625 0.39296875 0.0390625 0.0953125
7 0.5109375 0.3015625 0.01328125 0.040625
1 0.5078125 0.31328125 0.02421875 0.025
3 0.584375 0.575 0.07578125 0.15
6 0.49765625 0.67578125 0.01875 0.0390625
6 0.4625 0.59609375 0.01484375 0.05703125
8 0.48359375 0.6109375 0.059375 0.1234375
6 0.4359375 0.56953125 0.01484375 0.05546875
8 0.44765625 0.46640625 0.059375 0.146875
6 0.4265625 0.38203125 0.01015625 0.0546875
7 0.4125 0.3796875 0.0109375 0.04296875
4 0.4109375 0.3859375 0.0109375 0.04609375
4 0.40390625 0.41640625 0.01328125 0.053125
6 0.3984375 0.421875 0.0109375 0.04296875
6 0.39375 0.478125 0.0109375 0.05546875
6 0.40078125 0.48203125 0.00859375 0.04296875
6 0.37265625 0.57578125 0.00703125 0.03046875
6 0.36484375 0.56875 0.01015625 0.05703125
8 0.33125 0.52734375 0.03671875 0.09921875
6 0.31875 0.509375 0.01171875 0.05078125
6 0.315625 0.48515625 0.0125 0.05546875
6 0.31796875 0.35546875 0.00625 0.0234375
6 0.31328125 0.35390625 0.01015625 0.05078125
6 0.29765625 0.36328125 0.009375 0.046875
4 0.30078125 0.36796875 0.02421875 0.040625
6 0.29609375 0.43203125 0.00859375 0.0484375
8 0.30390625 0.41640625 0.03515625 0.0703125
6 0.215625 0.39375 0.00703125 0.03046875
6 0.2046875 0.4171875 0.0125 0.04921875
1 0.1984375 0.43046875 0.01953125 0.05078125
6 0.246875 0.5859375 0.01640625 0.05859375
6 0.259375 0.6484375 0.01484375 0.059375
3 0.23046875 0.6421875 0.05546875 0.13046875