3 0.66796875 0.85078125 0.0625 0.11484375
3 0.5078125 0.8734375 0.0515625 0.1203125
3 0.41171875 0.84453125 0.04296875 0.10703125
3 0.22421875 0.875 0.06328125 0.128125
3 0.0796875 0.78125 0.07734375 0.11015625
3 0.19296875 0.60859375 0.04453125 0.06640625
3 0.23984375 0.68515625 0.05 0.08671875
3 0.29921875 0.665625 0.04609375 0.08125
3 0.321875 0.7734375 0.0515625 0.10859375
3 0.346875 0.68515625 0.046875 0.09453125
3 0.428125 0.653125 0.03671875 0.065625
3 0.53203125 0.6140625 0.03359375 0.0546875
3 0.3703125 0.60390625 0.03515625 0.06640625
3 0.2703125 0.4796875 0.0328125 0.05
3 0.3140625 0.51640625 0.03046875 0.0546875
10 0.35546875 0.5078125 0.03046875 0.06171875
3 0.3765625 0.5546875 0.03046875 0.05390625
3 0.3921875 0.515625 0.02734375 0.0484375
3 0.44921875 0.528125 0.02578125 0.04921875
3 0.48671875 0.53046875 0.02734375 0.04453125
3 0.52578125 0.509375 0.02890625 0.0484375
3 0.56328125 0.52109375 0.028125 0.04609375
3 0.4765625 0.46328125 0.02109375 0.04140625
3 0.5078125 0.446875 0.02265625 0.034375
3 0.53046875 0.40703125 0.01953125 0.03046875
3 0.303125 0.43984375 0.0265625 0.0390625
3 0.33203125 0.42890625 0.02421875 0.03671875
3 0.37734375 0.44921875 0.02421875 0.04140625
3 0.4625 0.3953125 0.015625 0.0296875
3 0.48671875 0.3859375 0.01796875 0.028125
3 0.51171875 0.384375 0.0171875 0.0296875
3 0.465625 0.353125 0.01796875 0.03125
3 0.50859375 0.353125 0.0140625 0.0234375
7 0.5734375 0.46328125 0.009375 0.03046875
1 0.5734375 0.46796875 0.00703125 0.0265625
3 0.35625 0.37890625 0.01953125 0.034375
10 0.37265625 0.390625 0.01796875 0.040625
3 0.3734375 0.34375 0.01484375 0.02890625
3 0.38828125 0.359375 0.01796875 0.0265625
3 0.40703125 0.3640625 0.0171875 0.03125
3 0.39140625 0.40546875 0.01953125 0.04453125
3 0.40234375 0.47421875 0.02265625 0.04453125
3 0.4109375 0.446875 0.02265625 0.03515625
3 0.41640625 0.41875 0.0203125 0.03046875
3 0.421875 0.4015625 0.01640625 0.02890625
3 0.42421875 0.38046875 0.01953125 0.02578125
3 0.43203125 0.36640625 0.01484375 0.02578125
3 0.434375 0.35390625 0.01328125 0.02109375
3 0.4375 0.34375 0.0125 0.02421875
6 0.60390625 0.5203125 0.00859375 0.04453125
7 0.57734375 0.490625 0.00703125 0.025
1 0.57734375 0.4984375 0.00703125 0.028125
3 0.946875 0.90234375 0.10625 0.0953125
3 0.90859375 0.79921875 0.09921875 0.0734375
3 0.859375 0.72421875 0.09609375 0.06953125
3 0.8328125 0.68828125 0.08359375 0.06484375
3 0.81640625 0.659375 0.07890625 0.05390625
3 0.80546875 0.6328125 0.06796875 0.053125
3 0.72421875 0.5171875 0.06015625 0.04375
3 0.721875 0.5015625 0.0578125 0.03359375
3 0.70859375 0.484375 0.053125 0.03203125
3 0.69296875 0.4734375 0.05234375 0.03515625
3 0.6859375 0.4640625 0.0515625 0.02890625
3 0.68515625 0.44375 0.046875 0.028125
3 0.671875 0.434375 0.040625 0.0265625
3 0.66796875 0.42734375 0.04375 0.0234375
3 0.6609375 0.4171875 0.0390625 0.025
10 0.6546875 0.409375 0.0375 0.0296875
10 0.634375 0.39375 0.02578125 0.0359375
3 0.73046875 0.43203125 0.03125 0.03671875
3 0.75546875 0.45703125 0.03828125 0.04296875
3 0.05859375 0.4890625 0.06171875 0.0453125
3 0.2328125 0.42421875 0.0296875 0.040625
5 0.28046875 0.39921875 0.04140625 0.090625
3 0.31484375 0.35390625 0.03046875 0.02890625
3 0.32578125 0.3484375 0.02578125 0.0265625
10 0.32890625 0.3359375 0.02890625 0.0296875
3 0.3359375 0.3375 0.02421875 0.025
3 0.3421875 0.3296875 0.01953125 0.021875
3 0.35078125 0.32109375 0.01953125 0.02109375
10 0.3515625 0.3109375 0.0296875 0.021875
3 0.48671875 0.340625 0.01328125 0.0265625
3 0.50625 0.33203125 0.01328125 0.0234375
3 0.47109375 0.325 0.01328125 0.0203125
3 0.47265625 0.29921875 0.01171875 0.01953125
3 0.4875 0.30703125 0.01171875 0.01953125
3 0.5125 0.3140625 0.01171875 0.02109375
3 0.503125 0.29765625 0.0109375 0.01953125
2 0.5234375 0.2671875 0.01640625 0.034375
2 0.5171875 0.25625 0.0125 0.03203125
10 0.503125 0.2796875 0.01015625 0.0203125
3 0.475 0.28046875 0.01171875 0.01484375
3 0.4875 0.28828125 0.01171875 0.01875
3 0.49140625 0.27109375 0.01015625 0.0140625
3 0.49140625 0.2546875 0.009375 0.01328125
3 0.47734375 0.26796875 0.009375 0.01328125
3 0.47734375 0.26015625 0.00859375 0.0109375
2 0.4328125 0.25625 0.0171875 0.03359375
3 0.403125 0.325 0.01484375 0.02421875
10 0.42578125 0.32734375 0.01328125 0.02890625
3 0.41640625 0.29453125 0.0109375 0.0203125
3 0.44609375 0.3234375 0.01171875 0.02421875
10 0.44609375 0.31328125 0.01171875 0.0203125
3 0.43125 0.29765625 0.01328125 0.0234375
3 0.42109375 0.28203125 0.01015625 0.01640625
3 0.42265625 0.315625 0.01171875 0.0203125
3 0.39765625 0.3078125 0.01328125 0.02109375
3 0.44921875 0.28046875 0.01171875 0.01796875
3 0.43671875 0.28828125 0.01171875 0.01640625
3 0.38515625 0.30234375 0.015625 0.02109375
3 0.453125 0.2703125 0.01015625 0.01484375
3 0.4484375 0.26484375 0.01015625 0.01484375
3 0.32734375 0.2546875 0.01796875 0.01484375
3 0.34140625 0.26171875 0.01484375 0.01953125
3 0.35390625 0.25390625 0.01328125 0.01484375
6 0.0203125 0.553125 0.01015625 0.0390625
6 0.03515625 0.528125 0.01171875 0.03671875
6 0.06484375 0.55 0.00859375 0.04296875
6 0.06875 0.503125 0.01015625 0.0390625
7 0.01875 0.5078125 0.01015625 0.02109375
6 0.09609375 0.51171875 0.00859375 0.0390625
6 0.103125 0.5109375 0.0078125 0.04140625
6 0.10078125 0.465625 0.0078125 0.03125
7 0.12578125 0.478125 0.00625 0.02421875
6 0.0796875 0.4578125 0.0078125 0.025
1 0.08203125 0.465625 0.01484375 0.01953125
6 0.1875 0.440625 0.00703125 0.03125
6 0.19296875 0.4390625 0.00703125 0.03125
6 0.190625 0.4140625 0.00546875 0.02578125
6 0.196875 0.41328125 0.00546875 0.02578125
6 0.21640625 0.3890625 0.00546875 0.028125
6 0.22734375 0.37578125 0.00546875 0.021875
6 0.2421875 0.37890625 0.00703125 0.025
6 0.25234375 0.378125 0.00546875 0.025
6 0.25703125 0.3625 0.00546875 0.0234375
6 0.24375 0.32734375 0.00546875 0.02109375
6 0.27421875 0.334375 0.0046875 0.01953125
6 0.209375 0.51171875 0.00546875 0.03515625
7 0.16328125 0.5140625 0.01015625 0.02890625
4 0.16328125 0.52578125 0.01171875 0.0265625
7 0.19765625 0.465625 0.00703125 0.025
1 0.19765625 0.4765625 0.00625 0.01953125
6 0.221875 0.3890625 0.00625 0.0234375
6 0.22109375 0.37890625 0.00546875 0.021875
6 0.25 0.3265625 0.00390625 0.02109375
6 0.25234375 0.32734375 0.0046875 0.01953125
6 0.25625 0.31796875 0.00546875 0.02109375
7 0.88828125 0.94453125 0.01953125 0.0484375
6 0.93203125 0.98046875 0.01953125 0.0390625
6 0.95390625 0.98515625 0.0171875 0.0296875
4 0.8515625 0.8640625 0.02109375 0.0609375
7 0.7953125 0.771875 0.01171875 0.04296875
1 0.79453125 0.78984375 0.00859375 0.040625
1 0.72734375 0.61953125 0.01328125 0.0390625
6 0.834375 0.53125 0.0078125 0.0359375
6 0.84296875 0.53046875 0.00703125 0.03671875
6 0.77890625 0.4515625 0.00703125 0.03203125
6 0.78671875 0.45390625 0.00703125 0.03203125
7 0.66640625 0.55703125 0.00859375 0.02109375
1 0.66640625 0.56875 0.00703125 0.03203125
1 0.6875 0.571875 0.009375 0.02421875
7 0.6875 0.55546875 0.01015625 0.021875
6 0.6328125 0.4390625 0.0078125 0.028125
7 0.6328125 0.4875 0.00703125 0.03046875
1 0.63203125 0.49609375 0.00625 0.02578125
1 0.64609375 0.51796875 0.00859375 0.02109375
7 0.64765625 0.509375 0.00546875 0.028125
7 0.6125 0.428125 0.00546875 0.0234375
1 0.6125 0.434375 0.00546875 0.01796875
7 0.6171875 0.44609375 0.00625 0.0203125
1 0.61640625 0.45703125 0.0046875 0.01953125
6 0.9578125 0.6515625 0.01171875 0.05
7 0.02421875 0.59453125 0.0125 0.0390625
4 0.02265625 0.6015625 0.01171875 0.03359375
4 0.0140625 0.63984375 0.028125 0.0296875
6 0.60625 0.39375 0.0046875 0.0234375
6 0.6109375 0.37109375 0.00390625 0.02109375
6 0.6015625 0.37109375 0.00546875 0.025
7 0.59140625 0.4 0.00546875 0.021875
1 0.590625 0.40546875 0.0046875 0.0203125
6 0.60234375 0.3390625 0.0046875 0.01953125
6 0.6046875 0.334375 0.00390625 0.01640625
7 0.5921875 0.36875 0.00546875 0.0140625
4 0.5921875 0.3765625 0.0046875 0.0140625
6 0.58984375 0.334375 0.00390625 0.021875
7 0.59609375 0.33046875 0.00390625 0.01171875
4 0.59609375 0.3375 0.00390625 0.01171875
4 0.59375 0.34921875 0.0046875 0.0109375
7 0.59296875 0.34140625 0.00625 0.0140625
7 0.55 0.37421875 0.00390625 0.01640625
7 0.540625 0.371875 0.00546875 0.01484375
1 0.540625 0.38203125 0.00390625 0.0140625
1 0.55 0.38203125 0.003125 0.0140625
6 0.55234375 0.34140625 0.0046875 0.02109375
6 0.56328125 0.33828125 0.00390625 0.021875
1 0.55859375 0.33984375 0.01015625 0.01484375
7 0.55234375 0.3546875 0.00546875 0.01484375
4 0.55234375 0.3609375 0.00390625 0.01171875
6 0.57109375 0.33125 0.003125 0.01875
6 0.575 0.33125 0.00390625 0.01875
6 0.58046875 0.33046875 0.00390625 0.0203125
7 0.57109375 0.34296875 0.0046875 0.015625
1 0.571875 0.35 0.00859375 0.01328125
4 0.575 0.34296875 0.00859375 0.01484375
6 0.57265625 0.315625 0.003125 0.015625
6 0.57578125 0.31484375 0.00390625 0.01640625
4 0.7328125 0.4 0.01640625 0.01875
6 0.75 0.4203125 0.00703125 0.028125
6 0.7546875 0.42890625 0.00546875 0.025
7 0.6671875 0.38671875 0.00703125 0.01796875
1 0.66640625 0.3953125 0.01171875 0.01875
6 0.68671875 0.38828125 0.00546875 0.025
6 0.6828125 0.3890625 0.00546875 0.0234375
6 0.675 0.40390625 0.0046875 0.0203125
6 0.678125 0.4 0.00546875 0.02578125
6 0.74453125 0.9078125 0.01640625 0.075
6 0.74765625 0.92421875 0.01484375 0.075
6 0.771875 0.96953125 0.01640625 0.06015625
6 0.79375 0.9640625 0.01953125 0.06796875
6 0.12734375 0.5140625 0.00859375 0.028125
6 0.0875 0.40546875 0.0078125 0.0296875
6 0.1 0.40390625 0.0078125 0.0265625
6 0.26953125 0.30703125 0.00390625 0.01875
6 0.27265625 0.30546875 0.0046875 0.0203125
6 0.27890625 0.303125 0.00390625 0.0203125
6 0.28515625 0.33125 0.0046875 0.01953125
6 0.28046875 0.33125 0.00390625 0.0203125
6 0.3 0.28203125 0.0046875 0.01640625
6 0.28359375 0.30390625 0.00390625 0.01875
6 0.28515625 0.3015625 0.00390625 0.01875
7 0.2890625 0.29765625 0.00390625 0.01171875
6 0.3140625 0.2765625 0.003125 0.01328125
6 0.3109375 0.278125 0.00390625 0.01328125
6 0.3046875 0.3109375 0.00390625 0.01875
6 0.3125 0.3140625 0.00390625 0.015625
6 0.30703125 0.3125 0.003125 0.01796875
6 0.32265625 0.31171875 0.00390625 0.015625
6 0.31328125 0.29921875 0.00546875 0.015625
6 0.32578125 0.28671875 0.003125 0.015625
6 0.33203125 0.31171875 0.00390625 0.01484375
6 0.3296875 0.3125 0.00390625 0.0140625
6 0.35390625 0.29296875 0.00390625 0.0140625
6 0.36640625 0.29453125 0.00390625 0.01484375
6 0.3640625 0.2734375 0.00390625 0.01640625
6 0.38203125 0.2359375 0.00390625 0.01328125
6 0.36171875 0.284375 0.003125 0.01328125
6 0.35859375 0.29453125 0.003125 0.0140625