6 0.546875 0.7703125 0.02421875 0.0890625
6 0.4546875 0.721875 0.0203125 0.0859375
6 0.7109375 0.79921875 0.02421875 0.0796875
6 0.76328125 0.7765625 0.02109375 0.09140625
6 0.7640625 0.74296875 0.015625 0.0765625
6 0.746875 0.7421875 0.02109375 0.0765625
6 0.8984375 0.76171875 0.02421875 0.07890625
6 0.88828125 0.7484375 0.02421875 0.08046875
6 0.97578125 0.82421875 0.01953125 0.09609375
6 0.971875 0.81015625 0.02734375 0.09296875
6 0.4078125 0.73828125 0.02109375 0.084375
6 0.36875 0.740625 0.0140625 0.07421875
6 0.3625 0.72109375 0.01484375 0.07578125
6 0.2171875 0.828125 0.01796875 0.07421875
6 0.22578125 0.8015625 0.01953125 0.08359375
6 0.21484375 0.7890625 0.01796875 0.06953125
6 0.14453125 0.8109375 0.01953125 0.0859375
6 0.13515625 0.778125 0.01953125 0.08828125
6 0.23984375 0.74609375 0.01875 0.07578125
6 0.25078125 0.734375 0.01796875 0.078125
6 0.82734375 0.67734375 0.01171875 0.04375
0 0.95 0.5921875 0.0484375 0.06015625
4 0.82109375 0.62265625 0.01953125 0.034375
7 0.82109375 0.6109375 0.0125 0.0359375
6 0.86328125 0.68671875 0.01328125 0.04140625
6 0.8765625 0.6765625 0.015625 0.05546875
6 0.73671875 0.64375 0.00859375 0.03828125
6 0.7265625 0.6921875 0.009375 0.03984375
1 0.7 0.6203125 0.00859375 0.0296875
1 0.6796875 0.61640625 0.0109375 0.02890625
1 0.67109375 0.59921875 0.01796875 0.02578125
1 0.65859375 0.58046875 0.01875 0.02421875
1 0.69453125 0.55390625 0.0125 0.025
7 0.69453125 0.54609375 0.00625 0.03515625
6 0.715625 0.57109375 0.0109375 0.04375
6 0.709375 0.5546875 0.00859375 0.0390625
6 0.72109375 0.5546875 0.00859375 0.040625
6 0.8015625 0.628125 0.009375 0.04375
6 0.809375 0.63125 0.00703125 0.03671875
8 0.8328125 0.5484375 0.0125 0.0296875
6 0.70859375 0.49921875 0.00625 0.03671875
0 0.71640625 0.496875 0.03046875 0.03828125
0 0.6453125 0.51015625 0.02890625 0.03671875
10 0.496875 0.93671875 0.04921875 0.12421875
6 0.80390625 0.93828125 0.01796875 0.06875
6 0.82890625 0.921875 0.01640625 0.05859375
6 0.8359375 0.9640625 0.01328125 0.046875
2 0.14921875 0.86640625 0.146875 0.23515625
7 0.0734375 0.95 0.0171875 0.0390625
6 0.04375 0.95859375 0.0171875 0.04375
6 0.0234375 0.9515625 0.01796875 0.06015625
3 0.2875 0.70703125 0.03671875 0.0703125
3 0.24140625 0.690625 0.046875 0.0734375
6 0.20390625 0.7015625 0.01328125 0.04921875
6 0.19375 0.6984375 0.0140625 0.05859375
6 0.03984375 0.74140625 0.0125 0.0453125
6 0.02734375 0.74453125 0.01171875 0.05
6 0.0703125 0.696875 0.0171875 0.0515625
7 0.10390625 0.6796875 0.01171875 0.03515625
1 0.10625 0.67890625 0.01484375 0.025
7 0.1046875 0.66171875 0.0125 0.04140625
1 0.1328125 0.603125 0.0078125 0.03984375
7 0.13125 0.59453125 0.0109375 0.0359375
6 0.090625 0.58515625 0.0109375 0.0390625
7 0.07109375 0.5359375 0.01171875 0.025
3 0.3515625 0.64453125 0.0328125 0.07109375
3 0.30234375 0.62109375 0.034375 0.06484375
2 0.26328125 0.5515625 0.0625 0.14453125
3 0.32578125 0.54765625 0.02578125 0.05078125
2 0.33671875 0.46796875 0.03828125 0.11328125
2 0.29921875 0.45078125 0.0453125 0.10390625
3 0.321875 0.41640625 0.01328125 0.03671875
3 0.30234375 0.39453125 0.01640625 0.03203125
3 0.37421875 0.478125 0.021875 0.04296875
3 0.4078125 0.471875 0.02109375 0.04140625
3 0.53828125 0.69765625 0.040625 0.06796875
3 0.47421875 0.6296875 0.03203125 0.06328125
3 0.50703125 0.5703125 0.02890625 0.0515625
3 0.46484375 0.52890625 0.02734375 0.04453125
3 0.55546875 0.59140625 0.03515625 0.0609375
2 0.59765625 0.5296875 0.0671875 0.140625
3 0.5375 0.515625 0.03046875 0.04375
10 0.496875 0.49296875 0.0265625 0.04609375
3 0.51953125 0.45625 0.02265625 0.03359375
3 0.47265625 0.4359375 0.021875 0.03671875
3 0.51796875 0.40859375 0.01953125 0.0265625
3 0.4875 0.40625 0.01796875 0.0296875
3 0.43984375 0.40234375 0.01875 0.02890625
3 0.4625 0.38359375 0.01953125 0.025
3 0.3765625 0.43046875 0.02109375 0.03359375
3 0.37109375 0.39453125 0.0171875 0.0296875
3 0.3734375 0.37421875 0.01796875 0.03125
2 0.34765625 0.39375 0.028125 0.078125
3 0.36796875 0.34453125 0.01484375 0.02421875
10 0.34609375 0.35 0.015625 0.03671875
3 0.309375 0.34296875 0.0140625 0.021875
3 0.4328125 0.3765625 0.01796875 0.0234375
3 0.44921875 0.35546875 0.01796875 0.0234375
2 0.478125 0.32421875 0.02421875 0.04921875
3 0.42578125 0.353125 0.0171875 0.0203125
3 0.45703125 0.33203125 0.01640625 0.02421875
3 0.41328125 0.33359375 0.01328125 0.01875
3 0.36171875 0.3203125 0.01328125 0.0203125
6 0.596875 0.4015625 0.00546875 0.02578125
6 0.5765625 0.4390625 0.0046875 0.028125
6 0.58125 0.43359375 0.00390625 0.0296875
6 0.5671875 0.40703125 0.0046875 0.0265625
6 0.57890625 0.40859375 0.00703125 0.0265625
4 0.58671875 0.41015625 0.00703125 0.01875
7 0.5875 0.40390625 0.00390625 0.0203125
3 0.60546875 0.39375 0.01875 0.028125
3 0.45078125 0.31875 0.0125 0.01953125
2 0.43671875 0.32265625 0.02890625 0.05625
3 0.42421875 0.31796875 0.0109375 0.015625
10 0.44375 0.30859375 0.01171875 0.01796875
3 0.40625 0.3171875 0.01328125 0.01953125
3 0.39921875 0.30390625 0.0125 0.01796875
3 0.39296875 0.2953125 0.01171875 0.01875
3 0.4171875 0.30625 0.01328125 0.01875
3 0.41171875 0.296875 0.0125 0.01640625
3 0.42890625 0.29609375 0.0125 0.0140625
3 0.4390625 0.2875 0.01328125 0.015625
3 0.40625 0.2890625 0.0109375 0.01171875
3 0.56328125 0.3515625 0.021875 0.025
3 0.55546875 0.33828125 0.01875 0.02421875
6 0.603125 0.3734375 0.0046875 0.0203125
6 0.60625 0.37265625 0.00390625 0.01953125
1 0.50625 0.30625 0.0046875 0.0140625
7 0.50625 0.30078125 0.00234375 0.01484375
4 0.47890625 0.2921875 0.00546875 0.00859375
7 0.47890625 0.28828125 0.00234375 0.01171875
10 0.46328125 0.2734375 0.01328125 0.01796875
3 0.4234375 0.2890625 0.01171875 0.0140625
3 0.43046875 0.2796875 0.01171875 0.01484375
3 0.38671875 0.28671875 0.01171875 0.01484375
3 0.38515625 0.27890625 0.01171875 0.0140625
3 0.40234375 0.28125 0.01171875 0.01484375
3 0.41640625 0.28125 0.0109375 0.01328125
3 0.4234375 0.27109375 0.01015625 0.01328125
3 0.41171875 0.27421875 0.0109375 0.01328125
3 0.39453125 0.27421875 0.01015625 0.01484375
3 0.37890625 0.2734375 0.00859375 0.01328125
3 0.403125 0.265625 0.01015625 0.0140625
3 0.37421875 0.2671875 0.01015625 0.0140625
2 0.32734375 0.3234375 0.03671875 0.05390625
7 0.1203125 0.41953125 0.00703125 0.015625
1 0.134375 0.44453125 0.0125 0.01875
4 0.13203125 0.434375 0.00859375 0.01875
1 0.1390625 0.421875 0.00703125 0.01640625
1 0.22265625 0.39140625 0.00703125 0.01953125
7 0.22265625 0.384375 0.00546875 0.0203125
6 0.19453125 0.37421875 0.00546875 0.02421875
6 0.18828125 0.36796875 0.00390625 0.01953125
6 0.1703125 0.35078125 0.00546875 0.02421875
6 0.19375 0.35390625 0.00390625 0.021875
6 0.1921875 0.35390625 0.00390625 0.01640625
3 0.159375 0.34609375 0.0390625 0.021875
3 0.18359375 0.29296875 0.015625 0.02578125
10 0.22578125 0.30859375 0.025 0.03359375
3 0.2109375 0.31953125 0.01171875 0.01953125
3 0.22421875 0.23359375 0.0171875 0.015625