4 0.49296875 0.68515625 0.02265625 0.04609375
3 0.34609375 0.696875 0.04375 0.0234375
4 0.4015625 0.69609375 0.01796875 0.025
7 0.4046875 0.6984375 0.0140625 0.01953125
7 0.35078125 0.5890625 0.01953125 0.04140625
1 0.35078125 0.6046875 0.03203125 0.05390625
6 0.6046875 0.4921875 0.01640625 0.04921875
7 0.6125 0.36328125 0.01328125 0.03125
8 0.603125 0.3765625 0.04296875 0.04140625
3 0.67578125 0.315625 0.0640625 0.0484375
7 0.5453125 0.43125 0.01328125 0.0296875
4 0.5453125 0.45234375 0.02890625 0.0265625
7 0.5703125 0.25859375 0.00703125 0.0234375
7 0.5625 0.265625 0.00546875 0.01875
4 0.57109375 0.27734375 0.02265625 0.02109375
7 0.49453125 0.346875 0.0125 0.03046875
4 0.49453125 0.36171875 0.03046875 0.0265625
6 0.13203125 0.634375 0.01796875 0.06875
6 0.1140625 0.6328125 0.02578125 0.06953125
1 0.1109375 0.6484375 0.0234375 0.05625
7 0.01953125 0.484375 0.01640625 0.0296875
6 0.02109375 0.41953125 0.009375 0.0515625
6 0.05234375 0.33125 0.0125 0.0515625
7 0.38046875 0.44140625 0.01171875 0.04140625
1 0.38046875 0.453125 0.0296875 0.04140625
3 0.203125 0.32890625 0.07734375 0.0546875
10 0.38125 0.3375 0.06015625 0.0734375
7 0.3765625 0.33671875 0.00859375 0.021875
3 0.453125 0.3 0.06640625 0.0515625
7 0.4546875 0.29375 0.00546875 0.01171875
4 0.50546875 0.20390625 0.0109375 0.02578125
4 0.50078125 0.1984375 0.01171875 0.0234375
4 0.48125 0.19609375 0.01328125 0.0203125
4 0.48046875 0.18828125 0.01015625 0.0265625
6 0.475 0.18203125 0.00546875 0.03046875
7 0.39765625 0.27109375 0.0109375 0.03828125
1 0.39609375 0.27578125 0.02421875 0.02421875
7 0.41015625 0.23359375 0.00703125 0.03203125
4 0.41015625 0.24296875 0.02109375 0.028125
4 0.44921875 0.14140625 0.01328125 0.01953125
4 0.43046875 0.13828125 0.01484375 0.01953125
3 0.3984375 0.1078125 0.01640625 0.03046875
3 0.36328125 0.09921875 0.01484375 0.025
3 0.39140625 0.06796875 0.01328125 0.02421875
6 0.36953125 0.0390625 0.003125 0.0203125
6 0.37265625 0.0390625 0.003125 0.02109375
7 0.3625 0.01875 0.00390625 0.0109375
4 0.3625 0.02578125 0.00234375 0.009375
3 0.32265625 0.10703125 0.01796875 0.03125
3 0.31796875 0.17890625 0.02109375 0.04375
3 0.278125 0.171875 0.0234375 0.046875
10 0.28515625 0.12734375 0.02578125 0.06953125
3 0.27578125 0.04921875 0.01484375 0.0203125
3 0.28125 0.0359375 0.01328125 0.0203125
3 0.28828125 0.01640625 0.01171875 0.0203125
3 0.29140625 0.01015625 0.01171875 0.01640625
3 0.29609375 0.00546875 0.009375 0.01015625
7 0.309375 0.0046875 0.003125 0.00703125
4 0.309375 0.01171875 0.00390625 0.0109375
7 0.31796875 0.00234375 0.00390625 0.0046875
4 0.31796875 0.00625 0.00390625 0.009375
6 0.26484375 0.021875 0.003125 0.01484375
4 0.26171875 0.02578125 0.01015625 0.00859375
1 0.259375 0.04140625 0.0046875 0.01328125
4 0.2515625 0.0515625 0.01015625 0.01171875
8 0.24453125 0.0703125 0.0140625 0.01640625
4 0.23828125 0.08203125 0.01015625 0.01328125
4 0.24140625 0.08359375 0.01015625 0.0109375
4 0.2 0.07421875 0.00546875 0.0265625
6 0.20546875 0.115625 0.00546875 0.02578125
6 0.20078125 0.11328125 0.00390625 0.02890625
1 0.1796875 0.11953125 0.01484375 0.01796875
1 0.1796875 0.11796875 0.01328125 0.01484375
6 0.19921875 0.1734375 0.00546875 0.028125
6 0.19453125 0.171875 0.00625 0.03125
4 0.184375 0.1640625 0.0125 0.01875
1 0.18359375 0.15859375 0.0109375 0.0234375
4 0.18359375 0.153125 0.01640625 0.0234375
4 0.14453125 0.14453125 0.01640625 0.0234375
4 0.15546875 0.20390625 0.01796875 0.01875
1 0.15625 0.1984375 0.01484375 0.01796875
4 0.1421875 0.18828125 0.01640625 0.021875
8 0.14609375 0.225 0.015625 0.0390625
6 0.11171875 0.16015625 0.0078125 0.03359375
6 0.084375 0.16796875 0.01015625 0.0296875
6 0.07734375 0.1734375 0.0046875 0.0203125
8 0.0671875 0.16953125 0.01328125 0.02578125
4 0.04765625 0.1609375 0.01640625 0.01875
6 0.04296875 0.23125 0.0109375 0.040625
6 0.0375 0.2296875 0.01015625 0.03515625
6 0.028125 0.23125 0.0109375 0.03828125
3 0.01015625 0.21875 0.0203125 0.04609375
6 0.246875 0.2296875 0.009375 0.03359375
7 0.2046875 0.265625 0.009375 0.03046875
4 0.20390625 0.278125 0.02265625 0.028125