3 0.184375 0.5859375 0.13046875 0.1265625
4 0.09765625 0.4625 0.034375 0.053125
7 0.0984375 0.44921875 0.01796875 0.0546875
4 0.259375 0.37578125 0.02421875 0.06328125
7 0.25859375 0.36328125 0.01640625 0.05078125
3 0.19375 0.2734375 0.07109375 0.0890625
3 0.253125 0.228125 0.06328125 0.06171875
6 0.0640625 0.28359375 0.01640625 0.059375
3 0.34765625 0.33828125 0.06640625 0.09296875
3 0.4015625 0.26015625 0.05234375 0.0796875
3 0.4453125 0.21171875 0.04375 0.0609375
3 0.47578125 0.16875 0.040625 0.05703125
3 0.4109375 0.14921875 0.0546875 0.05
10 0.34609375 0.16484375 0.04921875 0.059375
6 0.259375 0.1265625 0.01015625 0.0390625
6 0.3796875 0.10859375 0.00703125 0.0359375
6 0.3859375 0.1109375 0.00625 0.03203125
4 0.365625 0.128125 0.0171875 0.02421875
3 0.4203125 0.1015625 0.04921875 0.03515625
4 0.44921875 0.134375 0.00859375 0.028125
4 0.459375 0.140625 0.00859375 0.02109375
7 0.45 0.12421875 0.00703125 0.02421875
7 0.46015625 0.13203125 0.00703125 0.0234375
10 0.44140625 0.08671875 0.03984375 0.03984375
3 0.50078125 0.0953125 0.03359375 0.0390625
8 0.48515625 0.08828125 0.01875 0.02890625
0 0.528125 0.109375 0.01953125 0.03828125
4 0.53515625 0.08828125 0.0125 0.02109375
7 0.5359375 0.0796875 0.00859375 0.02578125
1 0.471875 0.0640625 0.01015625 0.021875
6 0.525 0.05546875 0.00703125 0.02578125
6 0.521875 0.05625 0.00546875 0.03046875
6 0.51796875 0.05390625 0.00625 0.02890625
3 0.4859375 0.046875 0.0359375 0.03046875