3 0.1515625 0.33203125 0.025 0.01953125
3 0.26015625 0.3109375 0.0265625 0.0234375
3 0.3234375 0.3765625 0.025 0.01953125
3 0.38984375 0.3765625 0.0265625 0.021875
10 0.22734375 0.33359375 0.02109375 0.01875
10 0.3015625 0.33203125 0.021875 0.01640625
8 0.3125 0.29765625 0.01640625 0.0140625
10 0.40234375 0.321875 0.02265625 0.02109375
3 0.353125 0.54140625 0.01171875 0.0484375
3 0.3546875 0.60625 0.0109375 0.04921875
3 0.37109375 0.534375 0.01171875 0.046875
3 0.3734375 0.603125 0.01328125 0.05390625
3 0.46953125 0.3703125 0.0265625 0.021875
3 0.53515625 0.371875 0.028125 0.0203125
3 0.55859375 0.4 0.02734375 0.021875
3 0.52421875 0.4265625 0.02578125 0.02109375
3 0.58984375 0.37734375 0.02578125 0.02109375
3 0.5359375 0.46953125 0.0203125 0.040625
3 0.55078125 0.46171875 0.01953125 0.04921875
3 0.51640625 0.4640625 0.02265625 0.04296875
10 0.50546875 0.33515625 0.03203125 0.021875
10 0.6 0.33671875 0.02265625 0.01640625
3 0.31015625 0.14375 0.01015625 0.04296875
3 0.32578125 0.16796875 0.01171875 0.046875
3 0.32421875 0.10078125 0.01015625 0.0453125
10 0.415625 0.1828125 0.01953125 0.01953125
6 0.35625 0.278125 0.00390625 0.00703125
4 0.446875 0.01328125 0.009375 0.0140625
3 0.409375 0.04296875 0.025 0.02421875
3 0.4484375 0.07890625 0.01015625 0.0390625
3 0.453125 0.4015625 0.02734375 0.0234375
3 0.56953125 0.4578125 0.01796875 0.04375
3 0.5859375 0.4578125 0.0203125 0.04375
3 0.6125 0.45703125 0.02578125 0.03828125
4 0.17265625 0.47890625 0.00546875 0.01640625
3 0.4078125 0.57265625 0.01171875 0.0453125
10 0.40625 0.64296875 0.0109375 0.05546875
3 0.35546875 0.678125 0.01015625 0.04453125
3 0.37734375 0.6609375 0.01640625 0.05
3 0.7 0.38203125 0.01640625 0.01953125
3 0.69765625 0.31796875 0.01953125 0.0203125
3 0.6203125 0.27421875 0.028125 0.03125
3 0.59453125 0.24609375 0.025 0.03203125
3 0.61640625 0.23203125 0.02109375 0.04453125
3 0.5671875 0.271875 0.021875 0.034375
3 0.64921875 0.25390625 0.02109375 0.03984375
3 0.665625 0.23984375 0.02109375 0.04296875
3 0.6890625 0.2484375 0.01640625 0.0453125
4 0.6640625 0.46171875 0.0078125 0.021875
4 0.50625 0.4734375 0.00703125 0.0140625
6 0.4890625 0.43515625 0.0046875 0.00703125
4 0.575 0.4265625 0.01015625 0.00625
7 0.57734375 0.42578125 0.00390625 0.00859375
3 0.2875 0.59296875 0.0265625 0.03046875
3 0.284375 0.64609375 0.0265625 0.03125
4 0.31796875 0.62109375 0.0046875 0.01796875
7 0.31875 0.62265625 0.00390625 0.00625
6 0.55703125 0.49453125 0.00546875 0.00703125
4 0.58359375 0.49921875 0.00859375 0.01484375
4 0.58515625 0.48828125 0.00546875 0.01796875
3 0.03984375 0.46328125 0.01953125 0.03984375
3 0.0734375 0.46640625 0.0203125 0.04296875
6 0.11640625 0.49453125 0.00703125 0.00625
4 0.0859375 0.51328125 0.0125 0.01171875
4 0.0234375 0.515625 0.00546875 0.01875
4 0.01171875 0.51328125 0.00859375 0.01171875
6 0.421875 0.64609375 0.00546875 0.0046875
6 0.5734375 0.18046875 0.00703125 0.00703125
0 0.35390625 0.4078125 0.01484375 0.01171875
7 0.35859375 0.40859375 0.003125 0.00859375
3 0.3234375 0.04765625 0.01171875 0.03828125
4 0.48828125 0.1890625 0.00703125 0.01796875
6 0.45234375 0.28828125 0.00625 0.00546875
6 0.47734375 0.4234375 0.0046875 0.00625
4 0.3046875 0.41328125 0.009375 0.00703125
4 0.4640625 0.30078125 0.0109375 0.00546875
7 0.46484375 0.29921875 0.00390625 0.00859375
4 0.6234375 0.18671875 0.00703125 0.01796875
4 0.6109375 0.30390625 0.01015625 0.0109375
4 0.5 0.40390625 0.01015625 0.00859375
7 0.5 0.4046875 0.0046875 0.009375
4 0.390625 0.35390625 0.00859375 0.01015625