3 0.784375 0.240625 0.078125 0.0546875
3 0.784375 0.2828125 0.071875 0.0625
6 0.75234375 0.38515625 0.0125 0.028125
3 0.94765625 0.3328125 0.0625 0.1015625
3 0.97109375 0.3484375 0.025 0.05
6 0.91953125 0.5609375 0.015625 0.0296875
6 0.88125 0.5984375 0.0140625 0.0296875
6 0.871875 0.5953125 0.0140625 0.0296875
9 0.94453125 0.6140625 0.065625 0.05625
6 0.865625 0.6203125 0.0125 0.0265625
5 0.875 0.5609375 0.065625 0.071875
3 0.88203125 0.6234375 0.04375 0.0375
10 0.79921875 0.65859375 0.05625 0.0453125
7 0.76953125 0.6703125 0.0109375 0.021875
7 0.7578125 0.68125 0.0109375 0.0171875
7 0.76328125 0.67109375 0.0109375 0.025
7 0.7625 0.67421875 0.009375 0.015625
3 0.66640625 0.26953125 0.034375 0.0484375
3 0.6890625 0.39609375 0.0375 0.0734375
3 0.65703125 0.48046875 0.0359375 0.06875
3 0.63203125 0.54140625 0.0296875 0.05625
3 0.56875 0.465625 0.0375 0.0640625
3 0.61484375 0.6078125 0.028125 0.05
3 0.64296875 0.6203125 0.0234375 0.040625
3 0.6375 0.68046875 0.025 0.04375
3 0.66484375 0.75234375 0.021875 0.034375
3 0.69140625 0.76953125 0.01875 0.028125
3 0.72734375 0.78984375 0.0203125 0.0328125
3 0.7015625 0.80859375 0.0171875 0.025
3 0.75703125 0.8875 0.0140625 0.021875
7 0.7546875 0.84921875 0.00625 0.0140625
7 0.76328125 0.8609375 0.0078125 0.015625
1 0.75234375 0.84375 0.00625 0.0125
4 0.76171875 0.85625 0.00625 0.0109375
3 0.7265625 0.875 0.0171875 0.0234375
3 0.74609375 0.90234375 0.01875 0.021875
10 0.72578125 0.8984375 0.0140625 0.0234375
10 0.69453125 0.84375 0.0140625 0.0265625
2 0.70234375 0.88203125 0.0265625 0.0515625
2 0.7171875 0.9296875 0.021875 0.0421875
3 0.76953125 0.91875 0.0125 0.0171875
3 0.75625 0.925 0.0125 0.0171875
3 0.7484375 0.94375 0.0125 0.0171875
3 0.73671875 0.9328125 0.0171875 0.01875
3 0.73671875 0.95234375 0.0140625 0.0140625
3 0.9921875 0.84609375 0.015625 0.0203125
3 0.959375 0.84296875 0.028125 0.0234375
3 0.96953125 0.84609375 0.028125 0.0203125
3 0.97265625 0.85546875 0.025 0.01875
3 0.928125 0.85234375 0.0265625 0.0203125
3 0.9390625 0.85703125 0.028125 0.0203125
3 0.94453125 0.8640625 0.025 0.0203125
3 0.9203125 0.87265625 0.025 0.0203125
3 0.90234375 0.86953125 0.0203125 0.015625
3 0.89765625 0.8609375 0.0265625 0.01875
3 0.8609375 0.8625 0.025 0.01875
3 0.86640625 0.87109375 0.025 0.01875
3 0.871875 0.87890625 0.025 0.01875
3 0.89296875 0.87734375 0.0234375 0.01875
3 0.86484375 0.8875 0.021875 0.0171875
3 0.83671875 0.88203125 0.0234375 0.0203125
3 0.8421875 0.88515625 0.028125 0.0203125
3 0.83984375 0.89453125 0.028125 0.0203125
3 0.88671875 0.89140625 0.025 0.0203125
3 0.7609375 0.94140625 0.009375 0.015625
3 0.7046875 0.9578125 0.028125 0.0203125
3 0.66875 0.96328125 0.021875 0.01875
3 0.65078125 0.965625 0.01875 0.01875
3 0.63515625 0.971875 0.0171875 0.01875
3 0.62578125 0.97265625 0.01875 0.015625
10 0.6109375 0.98046875 0.0234375 0.01875
3 0.59609375 0.97421875 0.01875 0.0140625
3 0.60078125 0.978125 0.0203125 0.015625
3 0.5734375 0.98203125 0.0203125 0.015625
3 0.5796875 0.98359375 0.0203125 0.015625
3 0.57890625 0.9890625 0.0171875 0.0125
3 0.5546875 0.9953125 0.01875 0.009375
3 0.525 0.9953125 0.021875 0.009375
3 0.48984375 0.996875 0.0171875 0.00625
10 0.4328125 0.9953125 0.01875 0.009375