3 0.409375 0.6625 0.04453125 0.09140625
4 0.2109375 0.65078125 0.0265625 0.03125
7 0.20859375 0.64296875 0.01484375 0.02578125
4 0.27109375 0.61875 0.01484375 0.0484375
7 0.2703125 0.60703125 0.0125 0.03828125
7 0.271875 0.5953125 0.01171875 0.028125
6 0.146875 0.59140625 0.01484375 0.0390625
7 0.27265625 0.69375 0.01484375 0.028125
3 0.08828125 0.440625 0.07265625 0.071875
3 0.01953125 0.4109375 0.0390625 0.06171875
4 0.23125 0.41484375 0.02578125 0.03671875
7 0.23046875 0.40859375 0.01328125 0.02890625
4 0.2359375 0.3640625 0.01875 0.0390625
7 0.23515625 0.35625 0.01171875 0.028125
4 0.05234375 0.33203125 0.02421875 0.028125
7 0.05 0.3265625 0.01171875 0.02578125
7 0.0578125 0.33046875 0.0078125 0.0265625
4 0.01171875 0.26953125 0.021875 0.02890625
7 0.015625 0.26875 0.0109375 0.02421875
7 0.01015625 0.26484375 0.01171875 0.02578125
1 0.06484375 0.23125 0.01640625 0.034375
6 0.103125 0.21640625 0.01484375 0.03984375
4 0.11328125 0.2484375 0.01328125 0.03125
1 0.13828125 0.203125 0.01328125 0.03515625
4 0.05 0.165625 0.00859375 0.03359375
4 0.040625 0.16640625 0.01015625 0.03046875
1 0.31875 0.39140625 0.00859375 0.03203125
7 0.31796875 0.38046875 0.00859375 0.03359375
6 0.2921875 0.4078125 0.01015625 0.034375
8 0.3234375 0.3140625 0.02734375 0.03984375
7 0.31953125 0.31171875 0.0109375 0.028125
4 0.30234375 0.2 0.01796875 0.028125
4 0.32890625 0.13203125 0.01328125 0.02890625
4 0.3546875 0.1296875 0.01640625 0.02578125
8 0.37578125 0.2921875 0.01484375 0.04140625
7 0.3734375 0.2890625 0.009375 0.0265625
3 0.421875 0.365625 0.05 0.0734375
3 0.41328125 0.26875 0.028125 0.06875
3 0.4265625 0.1765625 0.02421875 0.0609375
3 0.47265625 0.2015625 0.028125 0.0609375
3 0.51328125 0.1859375 0.02578125 0.05546875
3 0.440625 0.09921875 0.02265625 0.05390625
3 0.52109375 0.08828125 0.02265625 0.046875
3 0.528125 0.05 0.01953125 0.0390625
3 0.48046875 0.06640625 0.02109375 0.0453125
3 0.45390625 0.028125 0.01953125 0.04453125
3 0.43671875 0.0140625 0.0234375 0.028125
4 0.49765625 0.2484375 0.01015625 0.03203125
4 0.396875 0.165625 0.00859375 0.02421875
4 0.3875 0.1390625 0.00859375 0.02421875
4 0.49765625 0.35390625 0.009375 0.034375
4 0.52890625 0.4078125 0.02421875 0.03203125
4 0.4890625 0.5328125 0.01640625 0.046875
4 0.6453125 0.4328125 0.0296875 0.03203125
4 0.68203125 0.46484375 0.03125 0.0296875
4 0.64296875 0.34921875 0.01953125 0.02890625
4 0.6453125 0.31875 0.01015625 0.034375
4 0.61015625 0.3484375 0.01328125 0.03359375
4 0.678125 0.34375 0.01328125 0.03203125
4 0.69609375 0.346875 0.00859375 0.03203125
4 0.5765625 0.27578125 0.02421875 0.0203125
4 0.57734375 0.26171875 0.02265625 0.02578125
4 0.55390625 0.20234375 0.01875 0.025
4 0.54609375 0.1515625 0.01875 0.02109375
8 0.57890625 0.19921875 0.03515625 0.03984375
4 0.55859375 0.03828125 0.01484375 0.01875
4 0.55546875 0.00625 0.0140625 0.0125
1 0.55703125 0.028125 0.015625 0.01953125
1 0.5609375 0.09609375 0.01640625 0.01953125
7 0.3890625 0.13125 0.00703125 0.0265625
7 0.39765625 0.15390625 0.00859375 0.025
7 0.5 0.25 0.00859375 0.0203125
7 0.4984375 0.24140625 0.01015625 0.02421875
7 0.49765625 0.34765625 0.00859375 0.0265625
7 0.48828125 0.52578125 0.01484375 0.02578125
7 0.68671875 0.4625 0.01796875 0.034375
7 0.646875 0.43203125 0.01484375 0.03046875
7 0.65546875 0.4359375 0.01015625 0.0234375
6 0.57890625 0.16875 0.009375 0.03125
6 0.65390625 0.24609375 0.01328125 0.034375
6 0.62421875 0.20546875 0.01015625 0.03125
4 0.67109375 0.225 0.01484375 0.028125
4 0.64296875 0.2015625 0.01953125 0.01796875
6 0.60078125 0.3203125 0.01328125 0.03515625
6 0.62109375 0.32109375 0.01171875 0.03671875
6 0.578125 0.3265625 0.01484375 0.034375
6 0.603125 0.28359375 0.01015625 0.03359375
6 0.61171875 0.30703125 0.0125 0.0359375
6 0.61171875 0.28359375 0.01171875 0.034375
4 0.5796875 0.315625 0.00859375 0.034375
7 0.58984375 0.07421875 0.01015625 0.015625
6 0.571875 0.0296875 0.00703125 0.028125
6 0.58828125 0.01875 0.00859375 0.03125
6 0.6015625 0.02421875 0.00859375 0.02890625
6 0.59296875 0.01171875 0.0078125 0.0234375
6 0.59375 0.65859375 0.01328125 0.04140625
6 0.60625 0.65390625 0.0125 0.03984375
6 0.59765625 0.62890625 0.01484375 0.03125
6 0.6234375 0.5859375 0.01484375 0.0453125
6 0.615625 0.58046875 0.01484375 0.03515625
6 0.68203125 0.425 0.01328125 0.0390625