3 0.06796875 0.83046875 0.07265625 0.08203125
3 0.01484375 0.76328125 0.0296875 0.0671875
3 0.01015625 0.6515625 0.0203125 0.0484375
3 0.0625 0.60078125 0.05703125 0.04921875
3 0.11484375 0.56171875 0.04921875 0.04375
3 0.17109375 0.5953125 0.046875 0.0484375
3 0.259375 0.621875 0.04296875 0.05078125
3 0.25625 0.5734375 0.04296875 0.03984375
3 0.18828125 0.54453125 0.0421875 0.040625
10 0.16875 0.51953125 0.0359375 0.04453125
3 0.1953125 0.49453125 0.040625 0.03828125
3 0.2359375 0.46875 0.03359375 0.03203125
3 0.275 0.51015625 0.034375 0.03671875
3 0.3109375 0.51328125 0.034375 0.0390625
3 0.34765625 0.51171875 0.02734375 0.04453125
3 0.265625 0.44375 0.03046875 0.034375
3 0.30078125 0.421875 0.02890625 0.028125
3 0.328125 0.42890625 0.02578125 0.0265625
10 0.34921875 0.44296875 0.02578125 0.03125
3 0.36953125 0.45625 0.0203125 0.03046875
3 0.38671875 0.4671875 0.02578125 0.0359375
3 0.4125 0.4234375 0.02421875 0.02890625
3 0.3921875 0.4015625 0.02265625 0.0296875
3 0.325 0.4015625 0.0265625 0.025
3 0.34453125 0.38359375 0.025 0.02421875
3 0.36875 0.3703125 0.02109375 0.02421875
3 0.38515625 0.3609375 0.01875 0.0203125
3 0.4 0.34609375 0.0203125 0.01953125
3 0.42890625 0.371875 0.01875 0.021875
3 0.4578125 0.371875 0.01796875 0.0203125
10 0.425 0.346875 0.01796875 0.02578125
3 0.41640625 0.33125 0.01875 0.01875
3 0.42734375 0.321875 0.01953125 0.021875
3 0.4421875 0.3125 0.015625 0.01796875
9 0.459375 0.3109375 0.02109375 0.03828125
3 0.49296875 0.31171875 0.01484375 0.01640625
3 0.51953125 0.2890625 0.01328125 0.015625
3 0.51171875 0.278125 0.0125 0.01484375
3 0.88984375 0.3171875 0.01640625 0.01796875
3 0.89296875 0.31328125 0.01640625 0.01640625
3 0.8609375 0.31171875 0.0171875 0.0140625
10 0.8375 0.30625 0.01875 0.01640625
2 0.85234375 0.29765625 0.05 0.034375
3 0.8109375 0.30390625 0.0203125 0.01640625
9 0.77578125 0.29609375 0.0328125 0.025
3 0.78828125 0.296875 0.01484375 0.01328125
3 0.79296875 0.29296875 0.015625 0.0140625
3 0.75625 0.2921875 0.01875 0.0140625
3 0.74921875 0.2890625 0.015625 0.01328125
3 0.7359375 0.29375 0.01640625 0.01328125
3 0.72734375 0.28828125 0.01953125 0.01328125
3 0.72265625 0.284375 0.01796875 0.01328125
8 0.7109375 0.2890625 0.01328125 0.01640625
10 0.7 0.28203125 0.0203125 0.01640625
3 0.68359375 0.28671875 0.0140625 0.01015625
3 0.6890625 0.27890625 0.015625 0.0109375
3 0.659375 0.28203125 0.01953125 0.01171875
3 0.66796875 0.278125 0.01484375 0.01171875
3 0.65703125 0.275 0.0171875 0.0109375
10 0.63359375 0.2640625 0.01640625 0.01484375
10 0.08046875 0.43515625 0.03515625 0.0390625
10 0.10859375 0.3984375 0.0375 0.03671875
3 0.18125 0.40078125 0.0328125 0.03046875
3 0.22109375 0.36484375 0.02734375 0.02578125
3 0.21171875 0.34921875 0.025 0.0265625
3 0.23515625 0.3234375 0.02265625 0.02109375
3 0.28828125 0.31015625 0.02109375 0.02578125
3 0.3109375 0.3265625 0.02109375 0.0234375
10 0.25546875 0.35703125 0.02421875 0.03203125
3 0.3671875 0.2984375 0.01640625 0.01953125
3 0.3671875 0.26796875 0.01640625 0.01953125
9 0.3859375 0.2625 0.02890625 0.04375
3 0.41484375 0.2546875 0.01484375 0.01640625
3 0.425 0.240625 0.01328125 0.0140625
9 0.4515625 0.2390625 0.02421875 0.03984375
3 0.4421875 0.23046875 0.0109375 0.01484375
9 0.459375 0.22578125 0.01953125 0.02421875
3 0.4359375 0.21640625 0.01484375 0.0140625
7 0.4515625 0.20859375 0.00390625 0.009375
4 0.45234375 0.215625 0.00546875 0.00546875
3 0.125 0.2171875 0.025 0.01953125
3 0.11796875 0.20234375 0.02265625 0.0140625
3 0.1328125 0.209375 0.01953125 0.01328125
3 0.140625 0.21484375 0.01796875 0.01640625
3 0.1453125 0.20703125 0.0171875 0.01484375
3 0.16640625 0.209375 0.01953125 0.01640625
3 0.17265625 0.215625 0.021875 0.015625
3 0.1734375 0.22109375 0.0203125 0.01796875
3 0.15390625 0.221875 0.02109375 0.015625
3 0.1859375 0.22890625 0.021875 0.015625
10 0.19609375 0.21484375 0.01953125 0.01875
3 0.203125 0.22421875 0.01875 0.01796875
3 0.21640625 0.23125 0.01875 0.01484375
3 0.22578125 0.22578125 0.01640625 0.01484375
3 0.24453125 0.2375 0.02109375 0.015625
3 0.27421875 0.24296875 0.01796875 0.01484375
3 0.2390625 0.23046875 0.0171875 0.0140625
3 0.25390625 0.2296875 0.015625 0.01484375
3 0.2640625 0.22890625 0.015625 0.01328125
3 0.29296875 0.23203125 0.01953125 0.01796875
10 0.271875 0.23359375 0.01953125 0.01484375
10 0.28203125 0.23203125 0.01953125 0.01875
9 0.23515625 0.21875 0.02890625 0.025
3 0.22265625 0.26171875 0.0140625 0.01796875
3 0.86328125 0.32578125 0.021875 0.015625
3 0.57890625 0.25390625 0.0109375 0.0140625
3 0.59296875 0.24765625 0.01015625 0.01171875
3 0.62109375 0.234375 0.009375 0.01171875
3 0.56171875 0.2515625 0.009375 0.015625
3 0.54375 0.24765625 0.01015625 0.01171875
3 0.590625 0.23203125 0.0078125 0.01171875
3 0.5765625 0.22265625 0.01015625 0.0140625
3 0.60390625 0.2265625 0.00859375 0.01328125
3 0.60078125 0.215625 0.0078125 0.01171875
3 0.609375 0.2046875 0.00703125 0.009375
3 0.6078125 0.19609375 0.00703125 0.01015625
10 0.51328125 0.21953125 0.01015625 0.015625
3 0.5203125 0.21953125 0.0078125 0.0109375
3 0.52890625 0.21328125 0.00859375 0.0109375
3 0.53359375 0.20859375 0.00546875 0.00859375
3 0.521875 0.2078125 0.00859375 0.01171875
3 0.48828125 0.20703125 0.0125 0.01484375
9 0.4921875 0.2171875 0.01796875 0.03203125
3 0.51640625 0.19921875 0.00859375 0.01171875
3 0.509375 0.196875 0.01015625 0.01171875
3 0.5140625 0.1875 0.0078125 0.00859375
3 0.534375 0.20078125 0.0078125 0.01171875
3 0.53046875 0.19375 0.0078125 0.0109375
3 0.52578125 0.1890625 0.00703125 0.01015625
3 0.55234375 0.2 0.01015625 0.0109375
3 0.5515625 0.18984375 0.00859375 0.0109375
3 0.5484375 0.184375 0.0078125 0.01171875
3 0.54765625 0.1734375 0.00703125 0.009375
3 0.56796875 0.17265625 0.00703125 0.00859375
3 0.63046875 0.18828125 0.00546875 0.00859375
3 0.6296875 0.178125 0.00546875 0.00859375
3 0.61640625 0.18046875 0.00703125 0.00703125
10 0.6265625 0.171875 0.00546875 0.00859375
3 0.63828125 0.18203125 0.00546875 0.00703125
10 0.6421875 0.1765625 0.0046875 0.009375
10 0.6375 0.171875 0.00546875 0.009375
10 0.64609375 0.16484375 0.00546875 0.00703125
3 0.6546875 0.15859375 0.0046875 0.00703125
3 0.6578125 0.15625 0.00390625 0.00546875
3 0.6578125 0.153125 0.00390625 0.00703125
3 0.6671875 0.153125 0.0046875 0.00625
3 0.66640625 0.14375 0.003125 0.00625
10 0.671875 0.14609375 0.00390625 0.00703125
10 0.67578125 0.14453125 0.003125 0.00703125
3 0.66875 0.13671875 0.00390625 0.00546875
3 0.675 0.1359375 0.003125 0.0046875
10 0.6828125 0.1359375 0.00390625 0.00625