3 0.60703125 0.753125 0.05625 0.0203125
3 0.64921875 0.734375 0.04375 0.015625
3 0.74609375 0.75234375 0.025 0.0125
3 0.7796875 0.7671875 0.021875 0.0125
3 0.82265625 0.79921875 0.021875 0.009375
3 0.85390625 0.80078125 0.015625 0.0078125
3 0.828125 0.75625 0.015625 0.009375
3 0.82109375 0.74453125 0.01875 0.009375
3 0.79140625 0.73203125 0.0203125 0.0109375
3 0.71796875 0.70390625 0.028125 0.0171875
3 0.8671875 0.7609375 0.015625 0.009375
3 0.871875 0.803125 0.0125 0.009375
3 0.75625 0.8546875 0.01875 0.025
9 0.68984375 0.671875 0.04375 0.0390625
6 0.68046875 0.70078125 0.0234375 0.009375
6 0.77890625 0.82109375 0.015625 0.00625
3 0.696875 0.88046875 0.0453125 0.0234375
3 0.8828125 0.84453125 0.0140625 0.0125
3 0.88828125 0.828125 0.0109375 0.0125
3 0.88125 0.825 0.0109375 0.0125
3 0.89296875 0.80390625 0.0109375 0.0140625
10 0.9046875 0.7796875 0.0140625 0.0125
7 0.91953125 0.8 0.003125 0.003125
7 0.796875 0.8109375 0.009375 0.0046875
7 0.85625 0.75 0.003125 0.0046875
7 0.871875 0.78828125 0.0046875 0.003125
6 0.84296875 0.73984375 0.009375 0.003125
6 0.84921875 0.73984375 0.0125 0.003125
7 0.84921875 0.8578125 0.00625 0.003125
7 0.85078125 0.85625 0.00625 0.003125
6 0.75078125 0.859375 0.015625 0.0078125
1 0.7890625 0.8109375 0.0109375 0.00625
6 0.7921875 0.725 0.015625 0.003125
4 0.86640625 0.78828125 0.009375 0.00625
4 0.8515625 0.75 0.00625 0.00625
4 0.91640625 0.80078125 0.00625 0.003125
3 0.5921875 0.59375 0.06875 0.0296875
3 0.91015625 0.70078125 0.009375 0.0109375
3 0.91640625 0.690625 0.009375 0.0109375
3 0.915625 0.71171875 0.009375 0.0109375
4 0.9109375 0.7125 0.009375 0.009375