3 0.3515625 0.334375 0.0734375 0.06796875
3 0.17890625 0.60703125 0.1109375 0.096875
3 0.2 0.5234375 0.09453125 0.08125
3 0.21015625 0.4546875 0.09296875 0.06640625
3 0.221875 0.403125 0.08515625 0.05625
3 0.21875 0.36484375 0.0765625 0.05
3 0.23828125 0.33359375 0.06640625 0.05625
3 0.246875 0.29296875 0.06953125 0.0515625
3 0.24765625 0.25859375 0.06015625 0.04921875
3 0.49609375 0.42890625 0.08671875 0.08515625
3 0.48203125 0.33125 0.07109375 0.05625
3 0.46796875 0.284375 0.065625 0.05078125
3 0.4578125 0.2484375 0.0640625 0.04609375
3 0.4546875 0.215625 0.059375 0.04296875
3 0.45703125 0.1953125 0.05859375 0.040625
3 0.45546875 0.17421875 0.053125 0.03984375
3 0.5265625 0.1953125 0.02890625 0.0515625
3 0.62578125 0.46640625 0.059375 0.115625
3 0.67265625 0.596875 0.071875 0.1453125
3 0.69375 0.21640625 0.02890625 0.053125
3 0.496875 0.09296875 0.04375 0.0296875
3 0.54140625 0.053125 0.01875 0.02890625
3 0.5546875 0.01875 0.02265625 0.03125
3 0.5171875 0.08125 0.04140625 0.028125
3 0.5640625 0.075 0.0375 0.03125
10 0.59296875 0.05390625 0.02421875 0.03984375
10 0.45078125 0.14140625 0.0375 0.0453125
3 0.45859375 0.06328125 0.03515625 0.02421875
3 0.41171875 0.0484375 0.040625 0.0265625
10 0.45703125 0.0140625 0.0171875 0.028125
3 0.57734375 0.009375 0.0203125 0.01875
3 0.546875 0.25546875 0.03359375 0.06875
3 0.61328125 0.040625 0.01640625 0.02578125
4 0.0234375 0.37734375 0.02421875 0.0359375
4 0.04609375 0.37578125 0.028125 0.04140625
4 0.06640625 0.3796875 0.028125 0.04609375
4 0.08203125 0.375 0.01640625 0.04609375
8 0.371875 0.22109375 0.01484375 0.04609375
4 0.4 0.33203125 0.01171875 0.040625
1 0.26796875 0.20859375 0.0234375 0.02109375
7 0.4 0.3171875 0.00703125 0.0234375
7 0.40078125 0.33046875 0.00859375 0.021875
6 0.38359375 0.21171875 0.00703125 0.0359375
6 0.39921875 0.27421875 0.009375 0.03828125
6 0.41484375 0.3015625 0.00703125 0.04921875
6 0.42578125 0.30390625 0.00625 0.04296875
6 0.4296875 0.2625 0.0078125 0.0359375
6 0.35859375 0.14453125 0.00703125 0.0359375
6 0.34921875 0.1328125 0.00703125 0.03046875
6 0.33984375 0.17578125 0.009375 0.03671875
6 0.32109375 0.21171875 0.00546875 0.0359375
6 0.30625 0.20703125 0.00859375 0.04140625
6 0.29609375 0.1609375 0.01015625 0.0390625
6 0.29140625 0.24296875 0.00625 0.04296875
6 0.2859375 0.23125 0.00546875 0.03671875
6 0.2984375 0.234375 0.00703125 0.04140625
7 0.66796875 0.453125 0.01015625 0.04140625
7 0.37265625 0.171875 0.00703125 0.021875
6 0.13984375 0.2765625 0.01171875 0.040625
6 0.16875 0.27109375 0.01328125 0.04453125
1 0.371875 0.18359375 0.01015625 0.0140625
4 0.3484375 0.14453125 0.01015625 0.02578125
4 0.66484375 0.47265625 0.01484375 0.04375
4 0.55234375 0.090625 0.0125 0.015625
7 0.55234375 0.08359375 0.00546875 0.02421875
7 0.45625 0.4875 0.01484375 0.03828125
7 0.46328125 0.61015625 0.0171875 0.04296875
7 0.4609375 0.59453125 0.01328125 0.040625
4 0.290625 0.184375 0.00859375 0.0265625
6 0.41328125 0.2890625 0.00703125 0.03671875
6 0.43203125 0.0359375 0.00703125 0.02109375
7 0.1671875 0.40546875 0.01328125 0.03125