10 0.5046875 0.44765625 0.0859375 0.11875
10 0.6890625 0.55234375 0.1265625 0.1453125
3 0.696875 0.65703125 0.1203125 0.0734375
3 0.84140625 0.50546875 0.1390625 0.153125
3 0.6453125 0.33203125 0.0859375 0.0921875
10 0.65390625 0.40078125 0.1 0.1296875
3 0.51953125 0.32578125 0.0890625 0.0921875
3 0.53046875 0.26171875 0.065625 0.071875
10 0.49375 0.1828125 0.0578125 0.059375
3 0.59921875 0.21796875 0.0671875 0.059375
3 0.93515625 0.22109375 0.05 0.0734375
3 0.878125 0.178125 0.046875 0.0640625
10 0.84296875 0.13515625 0.046875 0.059375
3 0.39453125 0.14140625 0.059375 0.05
10 0.3640625 0.13125 0.046875 0.0546875
3 0.29609375 0.09921875 0.0484375 0.0453125
3 0.84140625 0.09609375 0.0609375 0.053125
3 0.8359375 0.078125 0.05625 0.0390625
3 0.86171875 0.06484375 0.053125 0.0421875
3 0.88515625 0.0578125 0.046875 0.04375
3 0.8953125 0.03515625 0.05 0.0359375
3 0.9203125 0.0125 0.05 0.025
6 0.82109375 0.18046875 0.015625 0.0484375
6 0.8109375 0.1546875 0.0171875 0.0453125
6 0.78984375 0.196875 0.0140625 0.040625
6 0.79921875 0.19140625 0.0140625 0.040625
6 0.65234375 0.4515625 0.021875 0.0671875
6 0.640625 0.44375 0.01875 0.065625
3 0.38125 0.24609375 0.0625 0.065625
7 0.44375 0.20703125 0.0140625 0.0375
4 0.44609375 0.215625 0.0234375 0.0296875
8 0.31328125 0.1453125 0.025 0.0328125
4 0.39453125 0.17734375 0.01875 0.0265625
4 0.45859375 0.146875 0.0203125 0.0359375
6 0.44296875 0.1484375 0.0140625 0.0390625
6 0.44453125 0.13125 0.0109375 0.034375
6 0.4390625 0.1328125 0.0109375 0.0265625
6 0.43203125 0.13671875 0.0109375 0.034375
7 0.99375 0.48203125 0.0125 0.0609375
4 0.98828125 0.47890625 0.0234375 0.0390625
1 0.3265625 0.115625 0.0140625 0.0203125
1 0.3203125 0.11328125 0.015625 0.021875
3 0.26171875 0.0765625 0.0359375 0.04375