6 0.28046875 0.6890625 0.009375 0.03828125
3 0.2359375 0.4734375 0.06484375 0.06015625
10 0.3015625 0.38984375 0.025 0.05390625
3 0.6046875 0.66640625 0.084375 0.08125
8 0.54375 0.5109375 0.03828125 0.0515625
3 0.52421875 0.40703125 0.05546875 0.0453125
1 0.578125 0.4484375 0.01796875 0.02109375
6 0.56328125 0.4359375 0.00546875 0.01953125
6 0.55703125 0.43828125 0.00859375 0.02890625
4 0.56015625 0.46875 0.02109375 0.0296875
4 0.57109375 0.48203125 0.00859375 0.034375
4 0.58125 0.47890625 0.00859375 0.03515625
8 0.553125 0.45078125 0.0296875 0.028125
1 0.5125 0.29921875 0.015625 0.0203125
8 0.51328125 0.30625 0.01484375 0.028125
8 0.5 0.26484375 0.02421875 0.021875
3 0.48125 0.24609375 0.0375 0.0296875
8 0.48125 0.234375 0.0234375 0.02109375
6 0.45625 0.2515625 0.00546875 0.025
6 0.446875 0.2390625 0.00546875 0.0234375
6 0.45078125 0.27421875 0.00546875 0.02578125
3 0.4546875 0.1578125 0.02421875 0.01796875
3 0.43203125 0.159375 0.0171875 0.01875
10 0.44140625 0.18515625 0.01484375 0.028125
3 0.38203125 0.215625 0.01484375 0.028125
6 0.11640625 0.45078125 0.009375 0.046875
6 0.090625 0.434375 0.00859375 0.040625
6 0.07421875 0.44296875 0.00859375 0.04296875
6 0.078125 0.43671875 0.01015625 0.03671875
7 0.06953125 0.54453125 0.01484375 0.0390625
7 0.05078125 0.56171875 0.01796875 0.05078125
7 0.04453125 0.534375 0.01484375 0.03828125
4 0.11484375 0.33671875 0.01953125 0.0234375
4 0.11171875 0.328125 0.01875 0.02109375
4 0.10703125 0.32109375 0.01796875 0.01796875
8 0.33359375 0.25078125 0.01015625 0.02109375
8 0.27265625 0.33828125 0.03671875 0.03125
3 0.23125 0.2203125 0.0359375 0.02421875
3 0.2421875 0.240625 0.03984375 0.0265625
3 0.2625 0.30625 0.04609375 0.03671875
3 0.271875 0.28828125 0.04140625 0.03359375
4 0.26484375 0.165625 0.009375 0.01015625
4 0.2625 0.16328125 0.01015625 0.01171875
4 0.2734375 0.15859375 0.01015625 0.01328125
3 0.29453125 0.11484375 0.01953125 0.01328125
3 0.3 0.203125 0.03203125 0.02109375
3 0.30390625 0.19140625 0.028125 0.021875
3 0.30546875 0.18046875 0.025 0.01875
10 0.31953125 0.11484375 0.02734375 0.01875
6 0.346875 0.12578125 0.003125 0.01328125
6 0.35859375 0.14921875 0.003125 0.01640625
3 0.3484375 0.15390625 0.01171875 0.0234375
4 0.35859375 0.23515625 0.00390625 0.01640625
7 0.35859375 0.2296875 0.00390625 0.01875
3 0.3640625 0.075 0.00625 0.009375
6 0.359375 0.11015625 0.003125 0.01328125
6 0.3625 0.1109375 0.00234375 0.01171875
3 0.3765625 0.0984375 0.00703125 0.0109375
6 0.41015625 0.10625 0.00234375 0.01171875
6 0.4125 0.10625 0.00234375 0.0109375
9 0.42578125 0.125 0.01015625 0.021875
3 0.43515625 0.11015625 0.01484375 0.01328125
8 0.40625 0.09453125 0.0046875 0.0109375
7 0.40625 0.09296875 0.00234375 0.00625
1 0.41484375 0.1265625 0.00234375 0.009375
7 0.415625 0.12421875 0.00234375 0.01015625
9 0.3796875 0.071875 0.0078125 0.01484375