3 0.5359375 0.24453125 0.134375 0.0734375
3 0.55234375 0.32265625 0.1125 0.0578125
3 0.65390625 0.30234375 0.071875 0.05
3 0.65546875 0.3640625 0.065625 0.0359375
3 0.70703125 0.4375 0.053125 0.0296875
3 0.7109375 0.49765625 0.040625 0.028125
3 0.58828125 0.65234375 0.0765625 0.0625
3 0.6140625 0.06953125 0.0703125 0.0671875
3 0.6734375 0.12890625 0.0703125 0.065625
3 0.80625 0.140625 0.0375 0.0375
3 0.878125 0.4546875 0.01875 0.0109375
3 0.91015625 0.46484375 0.0109375 0.0109375
3 0.65703125 0.6203125 0.0578125 0.046875
3 0.86796875 0.39375 0.0296875 0.015625
3 0.87578125 0.40078125 0.0203125 0.009375
3 0.890625 0.40390625 0.0171875 0.0171875
10 0.77578125 0.18359375 0.053125 0.0296875
3 0.72265625 0.178125 0.05625 0.0421875
3 0.759375 0.2203125 0.0484375 0.040625
3 0.81171875 0.23046875 0.0375 0.0328125
10 0.82890625 0.17109375 0.0421875 0.0296875
3 0.840625 0.19921875 0.0359375 0.03125
6 0.8203125 0.37578125 0.0265625 0.0078125
7 0.3234375 0.29140625 0.03125 0.025
6 0.6078125 0.01328125 0.0578125 0.015625
8 0.9078125 0.43828125 0.009375 0.0078125
4 0.740625 0.128125 0.0296875 0.0140625
4 0.73828125 0.02578125 0.0296875 0.015625
4 0.75 0.034375 0.0359375 0.01875
4 0.86015625 0.22421875 0.0171875 0.0203125
3 0.81640625 0.60078125 0.028125 0.0359375
2 0.9640625 0.465625 0.0125 0.0078125
3 0.95859375 0.47421875 0.00625 0.00625
3 0.84375 0.303125 0.040625 0.028125
3 0.865625 0.32578125 0.0328125 0.0375
7 0.91171875 0.4390625 0.009375 0.0046875
7 0.90390625 0.4265625 0.00625 0.003125
7 0.91015625 0.4203125 0.0125 0.0046875
4 0.90703125 0.41953125 0.009375 0.0078125
4 0.9015625 0.42578125 0.009375 0.0046875