3 0.31640625 0.90859375 0.0046875 0.00625
3 0.3015625 0.89296875 0.00625 0.00625
3 0.2921875 0.8890625 0.00625 0.00625
3 0.2796875 0.86015625 0.00625 0.009375
3 0.2953125 0.875 0.00625 0.009375
6 0.31953125 0.88125 0.0015625 0.009375
6 0.3390625 0.8484375 0.0015625 0.0125
6 0.3453125 0.84609375 0.0015625 0.009375
3 0.34296875 0.8578125 0.00625 0.0109375
3 0.2953125 0.846875 0.00625 0.009375
3 0.29140625 0.8265625 0.00625 0.009375
3 0.2484375 0.80859375 0.009375 0.0140625
9 0.3015625 0.86953125 0.0078125 0.015625
4 0.30625 0.81640625 0.003125 0.009375
7 0.30625 0.81796875 0.003125 0.0109375
8 0.3125 0.83125 0.0015625 0.009375
3 0.33203125 0.8140625 0.0078125 0.0125
6 0.33828125 0.79921875 0.003125 0.009375
6 0.3359375 0.796875 0.0015625 0.00625
8 0.33203125 0.79765625 0.0046875 0.009375
7 0.33203125 0.8 0.003125 0.009375
4 0.31171875 0.7984375 0.003125 0.009375
7 0.3125 0.8 0.003125 0.00625
7 0.3125 0.8 0.003125 0.009375
6 0.11015625 0.83203125 0.003125 0.015625
6 0.18359375 0.86484375 0.003125 0.0109375
6 0.1859375 0.8640625 0.0015625 0.009375
6 0.1875 0.865625 0.003125 0.0109375
6 0.18828125 0.8015625 0.003125 0.0125
6 0.190625 0.80078125 0.003125 0.0125
6 0.171875 0.740625 0.0015625 0.009375
9 0.27109375 0.7953125 0.0171875 0.05
9 0.28984375 0.79296875 0.0125 0.0265625
9 0.24375 0.74453125 0.0265625 0.071875
9 0.2078125 0.7484375 0.01875 0.040625
9 0.2359375 0.53828125 0.0390625 0.0859375
4 0.01171875 0.525 0.015625 0.021875
7 0.09921875 0.7015625 0.00625 0.0109375
10 0.12890625 0.72578125 0.021875 0.021875
3 0.13125 0.70234375 0.0171875 0.025
4 0.125 0.653125 0.0125 0.0140625
3 0.1828125 0.66875 0.01875 0.034375
4 0.06484375 0.63125 0.0109375 0.0140625
7 0.06484375 0.63671875 0.0046875 0.01875
7 0.0625 0.63515625 0.003125 0.015625
7 0.06015625 0.63515625 0.0046875 0.015625
7 0.42734375 0.61484375 0.0046875 0.0109375
6 0.4625 0.596875 0.00625 0.0234375
10 0.44453125 0.6203125 0.034375 0.053125
8 0.45 0.65234375 0.0125 0.025
4 0.3015625 0.690625 0.0046875 0.015625
7 0.30234375 0.69140625 0.003125 0.0125
7 0.30234375 0.69296875 0.003125 0.015625
1 0.37421875 0.76171875 0.009375 0.009375
6 0.37421875 0.7640625 0.003125 0.0140625
4 0.3765625 0.71640625 0.009375 0.0140625
7 0.3765625 0.71796875 0.0046875 0.015625
7 0.37578125 0.71796875 0.003125 0.0125
8 0.39140625 0.64609375 0.01875 0.01875
7 0.396875 0.64921875 0.0046875 0.0125
0 0.42890625 0.759375 0.0171875 0.01875
0 0.4390625 0.72578125 0.015625 0.01875
7 0.4359375 0.72265625 0.00625 0.0140625
7 0.44140625 0.7234375 0.003125 0.00625
7 0.44296875 0.75859375 0.003125 0.0125
7 0.44765625 0.75625 0.003125 0.009375
4 0.4546875 0.734375 0.0109375 0.0109375
7 0.4546875 0.7359375 0.003125 0.0125
4 0.4640625 0.740625 0.009375 0.009375
7 0.4640625 0.7453125 0.00625 0.0125
4 0.48515625 0.7328125 0.009375 0.0125
7 0.4859375 0.7359375 0.00625 0.0140625
4 0.4921875 0.725 0.009375 0.0109375
7 0.49296875 0.72734375 0.0046875 0.0125