6 0.78984375 0.284375 0.0921875 0.0390625
6 0.81171875 0.26640625 0.0859375 0.0375
6 0.840625 0.315625 0.0703125 0.028125
6 0.865625 0.34296875 0.0640625 0.0265625
6 0.89453125 0.26328125 0.0609375 0.025
6 0.88046875 0.2 0.0671875 0.0265625
6 0.871875 0.13828125 0.0765625 0.034375
6 0.97109375 0.2625 0.0421875 0.01875
6 0.96484375 0.11640625 0.0515625 0.025
6 0.8671875 0.271875 0.0609375 0.025
6 0.88046875 0.32109375 0.0609375 0.025
6 0.85703125 0.32421875 0.0625 0.0265625
6 0.840625 0.28046875 0.059375 0.0390625
6 0.89921875 0.37578125 0.0515625 0.0203125
6 0.94453125 0.3203125 0.0421875 0.01875
6 0.95390625 0.19453125 0.0515625 0.0265625
6 0.95390625 0.17734375 0.040625 0.0203125
6 0.940625 0.1828125 0.0375 0.0171875
6 0.94453125 0.18828125 0.0328125 0.015625
6 0.99375 0.26953125 0.0125 0.0109375
6 0.95625 0.3125 0.040625 0.015625
6 0.9625 0.30078125 0.0390625 0.0171875
6 0.9640625 0.29296875 0.0375 0.0140625
6 0.9875 0.30859375 0.0234375 0.0109375
6 0.97578125 0.29140625 0.0359375 0.0171875
6 0.97109375 0.29765625 0.0390625 0.0171875
6 0.99375 0.31796875 0.0125 0.0109375
6 0.96796875 0.31640625 0.0390625 0.015625
6 0.96796875 0.32109375 0.0328125 0.0140625
6 0.9859375 0.3296875 0.028125 0.0125
6 0.99140625 0.325 0.0171875 0.009375
7 0.98984375 0.33828125 0.0171875 0.009375
7 0.98828125 0.3375 0.009375 0.0046875
7 0.97578125 0.33828125 0.0140625 0.0125
7 0.9765625 0.3375 0.0125 0.0078125
7 0.96796875 0.3453125 0.0203125 0.0109375
7 0.96953125 0.34296875 0.0140625 0.0125
6 0.9625 0.3609375 0.0359375 0.0171875
4 0.96171875 0.3515625 0.0265625 0.0140625
7 0.92265625 0.36484375 0.0359375 0.01875
7 0.928125 0.36171875 0.0359375 0.01875
7 0.92265625 0.38359375 0.028125 0.01875
6 0.91171875 0.3765625 0.04375 0.015625
6 0.93515625 0.3734375 0.040625 0.015625
6 0.94453125 0.36875 0.0375 0.015625
1 0.81796875 0.4 0.05625 0.0421875
6 0.63671875 0.50625 0.1 0.0484375
6 0.86796875 0.4640625 0.05 0.0203125
6 0.87421875 0.4578125 0.0421875 0.01875
6 0.8671875 0.53671875 0.0328125 0.0171875
6 0.88671875 0.44296875 0.025 0.0109375
7 0.8828125 0.4453125 0.025 0.0203125
7 0.85546875 0.55703125 0.0140625 0.0125
7 0.85078125 0.56640625 0.0140625 0.0125
7 0.85625 0.56875 0.0203125 0.015625
7 0.85703125 0.57734375 0.0234375 0.0140625
6 0.93203125 0.49453125 0.03125 0.0125
6 0.934375 0.4953125 0.021875 0.0109375
6 0.921875 0.48359375 0.03125 0.0125
6 0.921875 0.48125 0.034375 0.0140625