6 0.1140625 0.084375 0.009375 0.003125
6 0.13125 0.0890625 0.0125 0.003125
6 0.13125 0.09140625 0.009375 0.003125
10 0.14140625 0.09453125 0.01875 0.0140625
6 0.21328125 0.09765625 0.021875 0.0046875
6 0.20703125 0.08984375 0.015625 0.003125
6 0.209375 0.09140625 0.015625 0.003125
0 0.21953125 0.090625 0.0265625 0.0140625
10 0.2296875 0.06328125 0.05 0.0328125
6 0.21953125 0.05546875 0.015625 0.003125
4 0.26875 0.0109375 0.01875 0.00625
4 0.2796875 0.01171875 0.015625 0.0046875
4 0.28359375 0.01640625 0.0265625 0.0109375
7 0.32734375 0.00859375 0.021875 0.00625
7 0.31640625 0.01484375 0.015625 0.00625
7 0.315625 0.0265625 0.021875 0.009375
4 0.26171875 0.065625 0.015625 0.009375
6 0.26875 0.0859375 0.025 0.0078125
0 0.28046875 0.07890625 0.034375 0.0140625
8 0.2921875 0.0671875 0.0265625 0.0203125
6 0.29765625 0.09296875 0.015625 0.003125
6 0.2953125 0.096875 0.025 0.0078125
7 0.28203125 0.0984375 0.01875 0.0078125
4 0.20546875 0.1171875 0.01875 0.0125
6 0.21015625 0.1109375 0.0203125 0.003125
7 0.2265625 0.1109375 0.0125 0.00625
6 0.24375 0.11328125 0.0234375 0.00625
7 0.2421875 0.1109375 0.009375 0.003125
6 0.24609375 0.10859375 0.01875 0.003125
1 0.24921875 0.1109375 0.015625 0.003125
7 0.2546875 0.13671875 0.0125 0.009375
7 0.25546875 0.14765625 0.01875 0.00625
7 0.25390625 0.15390625 0.021875 0.00625
6 0.32109375 0.13359375 0.025 0.0078125
7 0.47734375 0.11484375 0.015625 0.0078125
6 0.2078125 0.1296875 0.01875 0.003125
6 0.203125 0.13046875 0.01875 0.0046875
7 0.2140625 0.12421875 0.009375 0.00625
6 0.20625 0.13984375 0.015625 0.003125
6 0.22109375 0.16796875 0.0125 0.003125
6 0.21875 0.1625 0.01875 0.003125
6 0.21015625 0.16875 0.015625 0.003125
7 0.20078125 0.2015625 0.015625 0.003125
7 0.20078125 0.20546875 0.0140625 0.003125
7 0.19609375 0.20703125 0.0140625 0.00625
6 0.1921875 0.196875 0.009375 0.003125
7 0.19609375 0.19375 0.0109375 0.003125
4 0.20390625 0.1921875 0.0125 0.00625
6 0.1859375 0.22421875 0.015625 0.003125
6 0.19375 0.2234375 0.0140625 0.003125
6 0.21484375 0.215625 0.01875 0.0046875
6 0.2203125 0.2 0.01875 0.0046875
6 0.23125 0.1890625 0.01875 0.0046875
6 0.23671875 0.20703125 0.021875 0.00625
7 0.25078125 0.19921875 0.015625 0.00625
7 0.24609375 0.2109375 0.0125 0.003125
6 0.2453125 0.21640625 0.021875 0.00625
6 0.23984375 0.22578125 0.0203125 0.0046875
4 0.24921875 0.1640625 0.015625 0.00625
4 0.2453125 0.17421875 0.015625 0.00625
4 0.24296875 0.18125 0.015625 0.00625
6 0.225 0.1953125 0.021875 0.0046875
7 0.2265625 0.24296875 0.015625 0.00625
7 0.2234375 0.24921875 0.015625 0.00625
7 0.2234375 0.25546875 0.01875 0.003125
6 0.2171875 0.24375 0.015625 0.003125
6 0.2171875 0.2875 0.0203125 0.003125
6 0.2484375 0.27890625 0.021875 0.003125
7 0.25 0.27109375 0.015625 0.0046875
6 0.2578125 0.2640625 0.009375 0.003125
7 0.25390625 0.26171875 0.009375 0.003125
6 0.253125 0.259375 0.021875 0.0046875
6 0.253125 0.25390625 0.0125 0.00625
6 0.2578125 0.25234375 0.025 0.00625
6 0.27265625 0.2734375 0.0125 0.003125
6 0.284375 0.2984375 0.01875 0.00625
6 0.2875 0.3125 0.01875 0.0078125
6 0.28203125 0.3421875 0.015625 0.00625
6 0.296875 0.33984375 0.0125 0.003125
7 0.30859375 0.35859375 0.015625 0.00625
7 0.3109375 0.36796875 0.01875 0.00625
6 0.28671875 0.3890625 0.025 0.0078125
7 0.234375 0.3875 0.009375 0.003125
6 0.240625 0.38828125 0.01875 0.003125
6 0.20390625 0.30625 0.01875 0.003125
6 0.203125 0.31328125 0.01875 0.00625
6 0.2015625 0.2921875 0.015625 0.0046875
10 0.13515625 0.2765625 0.01875 0.0125
5 0.125 0.30234375 0.015625 0.0171875
10 0.140625 0.3078125 0.025 0.025
6 0.159375 0.3171875 0.0109375 0.003125
6 0.16015625 0.3203125 0.015625 0.003125
10 0.11328125 0.25859375 0.0140625 0.01875
7 0.3515625 0.225 0.0234375 0.009375
6 0.34921875 0.2171875 0.0234375 0.0046875
6 0.34609375 0.2109375 0.03125 0.0078125
6 0.33671875 0.2140625 0.021875 0.0046875
6 0.3390625 0.2171875 0.015625 0.003125
6 0.3421875 0.22578125 0.015625 0.003125
6 0.33984375 0.22890625 0.0140625 0.003125
6 0.3328125 0.2328125 0.015625 0.003125
6 0.35390625 0.23125 0.015625 0.003125
6 0.35078125 0.23515625 0.015625 0.003125
6 0.34296875 0.23828125 0.0125 0.003125
6 0.3328125 0.23984375 0.0234375 0.0046875
6 0.365625 0.25234375 0.0296875 0.0078125
6 0.41484375 0.25078125 0.034375 0.0078125
6 0.3515625 0.30625 0.03125 0.00625
6 0.36484375 0.3125 0.03125 0.0078125
6 0.3609375 0.31875 0.03125 0.0078125
6 0.371875 0.3390625 0.03125 0.0078125
6 0.35546875 0.35390625 0.028125 0.0109375
6 0.371875 0.359375 0.025 0.0078125
6 0.3640625 0.3609375 0.028125 0.0078125
6 0.38984375 0.3640625 0.0203125 0.0046875
1 0.31953125 0.3796875 0.015625 0.015625
6 0.3421875 0.40546875 0.01875 0.0046875
6 0.35 0.41171875 0.01875 0.0046875
7 0.4015625 0.41328125 0.025 0.0109375
7 0.37578125 0.40703125 0.0125 0.003125
6 0.38359375 0.4078125 0.03125 0.0109375
6 0.35546875 0.42265625 0.03125 0.0078125
6 0.3546875 0.4234375 0.0234375 0.0078125
6 0.22578125 0.48046875 0.021875 0.003125
6 0.22421875 0.47421875 0.021875 0.00625
6 0.278125 0.49140625 0.025 0.0078125
6 0.26796875 0.4546875 0.025 0.0078125
6 0.31875 0.4734375 0.028125 0.009375
6 0.3984375 0.49375 0.034375 0.0109375
6 0.4765625 0.4796875 0.03125 0.0109375
6 0.4671875 0.471875 0.0375 0.0140625
7 0.490625 0.46875 0.015625 0.009375
6 0.33828125 0.50078125 0.028125 0.009375