3 0.25390625 0.534375 0.0390625 0.0515625
6 0.25 0.45859375 0.0203125 0.046875
3 0.1953125 0.39453125 0.04375 0.0609375
6 0.15625 0.390625 0.015625 0.0421875
6 0.121875 0.01796875 0.03125 0.0359375
4 0.36953125 0.63828125 0.009375 0.0203125
1 0.36328125 0.63359375 0.009375 0.021875
1 0.35 0.62890625 0.0109375 0.025
1 0.34375 0.6265625 0.0109375 0.025
1 0.3375 0.6234375 0.009375 0.021875
3 0.415625 0.11328125 0.1265625 0.1234375
3 0.39609375 0.1765625 0.109375 0.109375
3 0.396875 0.221875 0.096875 0.0921875
3 0.3796875 0.26484375 0.1078125 0.0953125
3 0.3640625 0.2953125 0.10625 0.0875
3 0.3578125 0.3296875 0.096875 0.0921875
3 0.3546875 0.36640625 0.0921875 0.08125
10 0.3546875 0.409375 0.0703125 0.0609375
3 0.34375 0.41875 0.0765625 0.0703125
3 0.34609375 0.44453125 0.06875 0.0578125
3 0.33671875 0.4625 0.0703125 0.0609375
3 0.33515625 0.48203125 0.0765625 0.0578125
3 0.32421875 0.50390625 0.075 0.0734375
10 0.31171875 0.51953125 0.0765625 0.0765625
10 0.31015625 0.546875 0.0875 0.09375
3 0.3859375 0.559375 0.065625 0.046875
3 0.38984375 0.540625 0.06875 0.0515625
3 0.4046875 0.53203125 0.065625 0.046875
3 0.409375 0.5109375 0.06875 0.0546875
3 0.41953125 0.49609375 0.071875 0.0546875
3 0.42578125 0.47890625 0.071875 0.0515625
3 0.43046875 0.459375 0.0765625 0.0625
3 0.44453125 0.43125 0.078125 0.0703125
10 0.4421875 0.4171875 0.0875 0.075
3 0.45625 0.38671875 0.0890625 0.0640625
3 0.4734375 0.3515625 0.0984375 0.084375
3 0.48359375 0.31875 0.0984375 0.0890625
3 0.50703125 0.278125 0.1046875 0.0921875
3 0.53515625 0.24140625 0.1078125 0.1046875
6 0.47578125 0.4734375 0.0171875 0.0453125
6 0.49140625 0.4828125 0.0203125 0.0453125
6 0.484375 0.48125 0.0125 0.040625
6 0.63046875 0.74453125 0.009375 0.021875
1 0.69453125 0.76875 0.009375 0.021875
1 0.70546875 0.771875 0.0125 0.0234375
6 0.72265625 0.7734375 0.0109375 0.028125
1 0.73203125 0.78359375 0.009375 0.0203125
1 0.72578125 0.78203125 0.009375 0.0203125
1 0.7171875 0.77421875 0.0125 0.0203125
1 0.715625 0.7796875 0.015625 0.0203125
6 0.84453125 0.825 0.0109375 0.03125
1 0.828125 0.80859375 0.01875 0.0234375
6 0.88125 0.84296875 0.009375 0.025
4 0.87265625 0.8421875 0.01875 0.021875
3 0.9375 0.821875 0.03125 0.034375
3 0.4953125 0.61953125 0.05625 0.0484375
3 0.521875 0.6046875 0.059375 0.05
3 0.528125 0.5890625 0.05625 0.0484375
3 0.54609375 0.578125 0.071875 0.059375
3 0.55234375 0.5609375 0.059375 0.0546875
3 0.57109375 0.5453125 0.0734375 0.0640625
3 0.58359375 0.534375 0.0703125 0.0609375
3 0.59453125 0.5109375 0.071875 0.0625
3 0.6140625 0.49375 0.078125 0.0703125
3 0.6328125 0.46796875 0.08125 0.0734375
3 0.6546875 0.446875 0.0859375 0.078125
3 0.66796875 0.41171875 0.0984375 0.084375
3 0.73984375 0.48046875 0.078125 0.0703125
3 0.715625 0.50390625 0.0765625 0.065625
3 0.69140625 0.52734375 0.075 0.0515625
3 0.68046875 0.5484375 0.0671875 0.05625
3 0.63828125 0.57265625 0.06875 0.05625
3 0.61953125 0.5921875 0.0640625 0.053125
3 0.609375 0.6015625 0.0609375 0.0546875
3 0.59453125 0.61640625 0.0625 0.05
3 0.58203125 0.6265625 0.059375 0.05
3 0.58046875 0.64453125 0.0578125 0.0453125
3 0.5625 0.6546875 0.0578125 0.053125
3 0.8296875 0.59609375 0.0828125 0.0625
3 0.81328125 0.61484375 0.0703125 0.05625
3 0.790625 0.625 0.0671875 0.05625
3 0.7640625 0.63828125 0.06875 0.0625
3 0.74609375 0.65625 0.05625 0.04375
3 0.72578125 0.6625 0.0640625 0.0609375
3 0.7109375 0.6703125 0.05625 0.0484375
3 0.7 0.6796875 0.0578125 0.04375
3 0.68359375 0.690625 0.05625 0.0453125
3 0.67109375 0.69921875 0.053125 0.04375
3 0.71796875 0.72265625 0.053125 0.04375
3 0.73515625 0.709375 0.0546875 0.0421875
3 0.74921875 0.70390625 0.0546875 0.0421875
3 0.77109375 0.69609375 0.059375 0.0515625
3 0.78671875 0.68671875 0.053125 0.0453125
3 0.80546875 0.67578125 0.05625 0.0515625
3 0.8265625 0.66484375 0.053125 0.05
3 0.84453125 0.653125 0.04375 0.046875
3 0.87890625 0.78671875 0.05625 0.0484375
3 0.81953125 0.7609375 0.0421875 0.040625
3 0.83671875 0.75546875 0.053125 0.04375
3 0.85703125 0.74765625 0.05625 0.04375
3 0.89765625 0.7734375 0.053125 0.046875
3 0.93203125 0.76640625 0.05 0.0390625
3 0.9546875 0.75703125 0.0203125 0.0328125
3 0.94921875 0.72421875 0.04375 0.0453125
3 0.96171875 0.70703125 0.025 0.0421875