3 0.04765625 0.24140625 0.04296875 0.0265625
10 0.0546875 0.21953125 0.053125 0.0359375
4 0.08984375 0.20078125 0.01015625 0.009375
7 0.0796875 0.246875 0.00703125 0.01875
4 0.08203125 0.25390625 0.0140625 0.01484375
7 0.0453125 0.2453125 0.00625 0.01484375
6 0.065625 0.26796875 0.00625 0.01875
7 0.0546875 0.31171875 0.00703125 0.021875
0 0.09609375 0.28671875 0.01328125 0.03515625
7 0.11015625 0.2796875 0.00859375 0.02421875
3 0.115625 0.25859375 0.02578125 0.028125
7 0.1046875 0.23203125 0.0046875 0.01640625
4 0.10625 0.2390625 0.0140625 0.0140625
7 0.1140625 0.21640625 0.00546875 0.0203125
4 0.1546875 0.16640625 0.01015625 0.01328125
2 0.165625 0.19375 0.04765625 0.0484375
7 0.11875 0.23125 0.00703125 0.01875
4 0.121875 0.23828125 0.0140625 0.01171875
0 0.1390625 0.2515625 0.02109375 0.02890625
0 0.16640625 0.2140625 0.01796875 0.02109375
4 0.1890625 0.21875 0.01171875 0.01640625
7 0.1671875 0.234375 0.00546875 0.01875
7 0.17109375 0.2390625 0.00625 0.01796875
4 0.1671875 0.240625 0.009375 0.0109375
4 0.17421875 0.246875 0.01015625 0.0109375
3 0.16796875 0.26171875 0.0265625 0.0265625
0 0.15234375 0.2734375 0.0140625 0.03125
6 0.15390625 0.290625 0.00625 0.02578125
7 0.1453125 0.3046875 0.00546875 0.01640625
4 0.146875 0.315625 0.01015625 0.015625
0 0.178125 0.284375 0.01171875 0.034375
7 0.16015625 0.29765625 0.00625 0.0234375
6 0.1671875 0.30859375 0.00703125 0.025
6 0.1625 0.309375 0.00390625 0.0234375
7 0.19609375 0.26796875 0.00546875 0.01796875
4 0.19609375 0.278125 0.00703125 0.01640625
6 0.20625 0.25546875 0.00390625 0.021875
6 0.209375 0.25625 0.0046875 0.02890625
6 0.21328125 0.24375 0.0046875 0.0234375
6 0.21953125 0.253125 0.00546875 0.025
6 0.22734375 0.24453125 0.00546875 0.0234375
3 0.23984375 0.22421875 0.028125 0.02578125
3 0.25859375 0.240625 0.01796875 0.025
10 0.26015625 0.28203125 0.02109375 0.03359375
6 0.2546875 0.21328125 0.00390625 0.01875
6 0.2625 0.21171875 0.00546875 0.0203125
6 0.2703125 0.209375 0.00546875 0.02109375
6 0.25546875 0.19375 0.00390625 0.015625
4 0.25546875 0.196875 0.01328125 0.0109375
6 0.28125 0.2078125 0.0046875 0.01953125
7 0.278125 0.19765625 0.00546875 0.01796875
3 0.18203125 0.16796875 0.00859375 0.01484375
9 0.2328125 0.171875 0.01328125 0.03515625
3 0.2359375 0.15625 0.01171875 0.01796875
3 0.23828125 0.13828125 0.01015625 0.01640625
3 0.3125 0.1484375 0.0109375 0.01484375
3 0.31171875 0.13671875 0.0109375 0.01171875
0 0.23046875 0.11015625 0.00625 0.01640625
10 0.29375 0.090625 0.0078125 0.01953125
3 0.2609375 0.05703125 0.0078125 0.01015625
2 0.2734375 0.034375 0.00703125 0.01484375
3 0.27578125 0.04453125 0.00546875 0.01171875
3 0.27421875 0.06171875 0.00625 0.01015625
6 0.36953125 0.15078125 0.003125 0.01640625
6 0.3828125 0.20390625 0.0046875 0.0203125
6 0.37890625 0.21328125 0.00390625 0.02109375
10 0.4328125 0.209375 0.02734375 0.02421875
6 0.3875 0.2921875 0.00546875 0.0265625
6 0.41640625 0.2828125 0.00390625 0.0234375
6 0.45078125 0.290625 0.00390625 0.0234375
6 0.446875 0.29453125 0.00390625 0.0234375
6 0.4453125 0.36171875 0.0046875 0.02890625
6 0.43984375 0.35625 0.00546875 0.02421875
6 0.434375 0.35703125 0.00546875 0.03203125
6 0.4328125 0.3234375 0.0046875 0.025
4 0.53046875 0.39609375 0.00625 0.0234375
0 0.5140625 0.40703125 0.01640625 0.03515625
6 0.3921875 0.39375 0.00625 0.03203125
7 0.40859375 0.38515625 0.00625 0.02421875
0 0.40078125 0.40859375 0.01171875 0.03671875
6 0.37421875 0.45703125 0.00703125 0.0359375
6 0.3546875 0.4609375 0.00546875 0.03359375
3 0.39140625 0.48203125 0.0234375 0.04453125
0 0.4 0.4453125 0.01328125 0.04296875
6 0.4265625 0.61640625 0.0109375 0.046875
6 0.446875 0.5125 0.00703125 0.04140625
6 0.465625 0.55078125 0.00859375 0.0453125
4 0.48359375 0.58671875 0.02578125 0.025
4 0.48125 0.5734375 0.0234375 0.02421875
3 0.08203125 0.44921875 0.04140625 0.0515625
3 0.4578125 0.6953125 0.01171875 0.0484375
6 0.44453125 0.71484375 0.00703125 0.04296875
6 0.4515625 0.71171875 0.00703125 0.03828125
6 0.40703125 0.70390625 0.00859375 0.04296875
4 0.5015625 0.6875 0.01328125 0.05625
4 0.47421875 0.69375 0.00859375 0.04375
4 0.45703125 0.665625 0.0109375 0.0234375
4 0.4875 0.68984375 0.0109375 0.0390625
0 0.4890625 0.74140625 0.02109375 0.05859375
4 0.56171875 0.6828125 0.02421875 0.0265625
7 0.553125 0.75078125 0.00703125 0.025
7 0.55625 0.75390625 0.00625 0.05078125
4 0.5515625 0.76484375 0.034375 0.03515625
6 0.57109375 0.5703125 0.00859375 0.0484375
0 0.59453125 0.5890625 0.03125 0.084375
4 0.53125 0.51328125 0.02265625 0.02421875
4 0.56796875 0.47265625 0.01015625 0.0234375
1 0.59140625 0.72421875 0.01171875 0.04453125
9 0.58671875 0.8046875 0.08828125 0.090625
7 0.29765625 0.98046875 0.02109375 0.03515625
6 0.3484375 0.85546875 0.0125 0.065625
0 0.3234375 0.859375 0.021875 0.11171875
6 0.29375 0.775 0.0109375 0.0609375
1 0.303125 0.78359375 0.0109375 0.05546875
0 0.375 0.72421875 0.0328125 0.08828125
0 0.08125 0.3140625 0.02421875 0.0359375
0 0.10859375 0.3140625 0.01796875 0.03984375
7 0.103125 0.34375 0.00859375 0.025
1 0.10234375 0.35390625 0.0125 0.015625
7 0.115625 0.34921875 0.00703125 0.02578125
7 0.0703125 0.38359375 0.00859375 0.02421875
4 0.07109375 0.39296875 0.0125 0.03125
0 0.1328125 0.35390625 0.02265625 0.0453125
7 0.1578125 0.34921875 0.00625 0.01796875
7 0.175 0.32578125 0.00703125 0.01875
4 0.17421875 0.334375 0.00625 0.02109375
7 0.17265625 0.3671875 0.00703125 0.0234375
4 0.1734375 0.37578125 0.01015625 0.0203125
3 0.0953125 0.4046875 0.034375 0.04609375
6 0.03515625 0.509375 0.0109375 0.0453125
7 0.06953125 0.43125 0.00703125 0.025
7 0.01328125 0.5078125 0.0109375 0.0265625
6 0.0046875 0.45859375 0.0078125 0.034375
6 0.01171875 0.45625 0.00859375 0.03828125
3 0.04375 0.49296875 0.04765625 0.05859375
3 0.0171875 0.553125 0.034375 0.06015625
2 0.0390625 0.68125 0.07734375 0.190625
4 0.75234375 0.78125 0.01640625 0.0546875
0 0.84921875 0.77890625 0.0390625 0.1
1 0.80390625 0.7734375 0.00859375 0.046875
1 0.81640625 0.775 0.0109375 0.0515625
0 0.9859375 0.78203125 0.028125 0.06640625
4 0.72578125 0.96796875 0.028125 0.0640625
4 0.74453125 0.953125 0.02421875 0.0859375
4 0.76484375 0.959375 0.02578125 0.07109375
4 0.78046875 0.95078125 0.01640625 0.0765625
4 0.79921875 0.9546875 0.01953125 0.07421875
4 0.81484375 0.95078125 0.01640625 0.06640625
4 0.8359375 0.94921875 0.025 0.06484375
4 0.86796875 0.94609375 0.0328125 0.06484375
4 0.8828125 0.95390625 0.0296875 0.0515625
4 0.9015625 0.93984375 0.03359375 0.06640625
4 0.91875 0.93046875 0.02578125 0.078125
4 0.93828125 0.92890625 0.040625 0.065625
4 0.9578125 0.925 0.03671875 0.06640625
4 0.984375 0.9171875 0.03125 0.06875
10 0.90546875 0.76328125 0.08203125 0.10078125