9 0.46484375 0.36328125 0.13125 0.1578125
9 0.36953125 0.30234375 0.1375 0.159375
3 0.3359375 0.2765625 0.0453125 0.0609375
3 0.3 0.26796875 0.05 0.059375
3 0.28125 0.25625 0.05 0.059375
3 0.2625 0.23515625 0.0515625 0.05625
3 0.24921875 0.21953125 0.046875 0.0484375
9 0.20078125 0.20859375 0.1078125 0.11875
10 0.196875 0.159375 0.05 0.0375
3 0.140625 0.0109375 0.0296875 0.0203125
9 0.56953125 0.35234375 0.1515625 0.1546875
3 0.69921875 0.3875 0.0640625 0.09375
9 0.290625 0.60390625 0.1140625 0.1640625
9 0.17109375 0.53359375 0.109375 0.1765625
9 0.11875 0.140625 0.109375 0.08125
9 0.103125 0.16953125 0.1078125 0.078125
9 0.08984375 0.19453125 0.10625 0.071875
9 0.07421875 0.24375 0.090625 0.0671875
9 0.0640625 0.26484375 0.078125 0.0625
9 0.05546875 0.31015625 0.0734375 0.0640625
9 0.0453125 0.325 0.05625 0.059375
9 0.0390625 0.375 0.059375 0.05
3 0.07890625 0.534375 0.0296875 0.025
3 0.0703125 0.53984375 0.03125 0.025
10 0.06015625 0.5453125 0.0390625 0.0296875
3 0.05 0.54765625 0.0296875 0.025
9 0.02890625 0.59296875 0.0578125 0.1046875