3 0.2125 0.3640625 0.0578125 0.11015625
3 0.2453125 0.25859375 0.04765625 0.0859375
3 0.2140625 0.196875 0.04453125 0.06796875
3 0.271875 0.2015625 0.03671875 0.06171875
9 0.290625 0.15078125 0.03359375 0.05390625
3 0.33125 0.034375 0.015625 0.02578125
3 0.36640625 0.07734375 0.01953125 0.0359375
3 0.21171875 0.09375 0.05390625 0.034375
10 0.22890625 0.07265625 0.04453125 0.0359375
10 0.15625 0.1734375 0.05234375 0.05
3 0.0625 0.28125 0.07578125 0.07421875
3 0.07578125 0.1265625 0.04296875 0.04921875
8 0.26953125 0.06796875 0.01484375 0.02890625
4 0.2515625 0.15546875 0.00546875 0.02890625
4 0.23828125 0.1140625 0.00703125 0.02109375
4 0.07265625 0.45859375 0.0328125 0.05390625
4 0.12265625 0.45 0.01953125 0.08125
4 0.0921875 0.3984375 0.02109375 0.06015625
7 0.07265625 0.43828125 0.01484375 0.05859375
7 0.1203125 0.42890625 0.0171875 0.053125
6 0.09296875 0.38203125 0.01796875 0.0546875
3 0.02109375 0.35390625 0.0390625 0.1140625
6 0.0421875 0.3390625 0.0171875 0.05859375
7 0.253125 0.14375 0.00703125 0.03203125
6 0.4609375 0.5515625 0.01640625 0.0703125
6 0.46640625 0.5703125 0.01953125 0.078125
6 0.2 0.0625 0.00546875 0.0359375
6 0.20625 0.06328125 0.0046875 0.028125
6 0.1859375 0.06328125 0.00703125 0.03515625
6 0.525 0.209375 0.00703125 0.021875
3 0.2609375 0.0265625 0.0296875 0.0296875
3 0.4890625 0.28828125 0.0609375 0.04453125
0 0.309375 0.11171875 0.015625 0.040625