3 0.19921875 0.2015625 0.00546875 0.01015625
3 0.215625 0.196875 0.0078125 0.00859375
3 0.2015625 0.2109375 0.00703125 0.01015625
3 0.20703125 0.2265625 0.00546875 0.01171875
3 0.196875 0.23671875 0.00703125 0.01484375
3 0.15 0.43515625 0.0171875 0.040625
3 0.134375 0.484375 0.0171875 0.03046875
3 0.2765625 0.37890625 0.01484375 0.02890625
3 0.26953125 0.296875 0.00703125 0.01484375
10 0.24375 0.28125 0.00859375 0.01875
10 0.20859375 0.203125 0.0046875 0.01328125
3 0.25078125 0.24765625 0.0078125 0.01171875
3 0.2359375 0.23203125 0.00546875 0.0109375
3 0.23359375 0.21484375 0.0046875 0.009375
3 0.23828125 0.19609375 0.00546875 0.01015625
3 0.24140625 0.20859375 0.00390625 0.00859375
9 0.23203125 0.203125 0.00703125 0.0140625
3 0.2484375 0.22890625 0.0078125 0.0109375
0 0.259375 0.35703125 0.00703125 0.02890625
7 0.29375 0.4140625 0.003125 0.01171875
7 0.2953125 0.41640625 0.00390625 0.01171875
4 0.29375 0.4203125 0.00390625 0.01640625
3 0.24921875 0.21640625 0.00390625 0.00703125
4 0.20703125 0.29375 0.00234375 0.01015625
7 0.20703125 0.2890625 0.00234375 0.009375
3 0.209375 0.178125 0.0046875 0.00703125
3 0.209375 0.17109375 0.0046875 0.00625
3 0.209375 0.16640625 0.00546875 0.00546875
3 0.209375 0.1609375 0.003125 0.00625
3 0.21015625 0.15625 0.00546875 0.00625
3 0.209375 0.153125 0.00390625 0.00625
3 0.20078125 0.18203125 0.00546875 0.00703125
3 0.2015625 0.1765625 0.0046875 0.00625
3 0.2015625 0.16796875 0.0046875 0.00625
3 0.20234375 0.16171875 0.00390625 0.00625
3 0.203125 0.15390625 0.00390625 0.00625
3 0.203125 0.15 0.00390625 0.00703125
3 0.209375 0.14921875 0.00390625 0.00625
3 0.209375 0.14453125 0.00390625 0.00390625
3 0.2109375 0.1359375 0.00390625 0.00625
3 0.20703125 0.140625 0.00234375 0.00703125
3 0.2109375 0.140625 0.00390625 0.0046875
3 0.22890625 0.175 0.003125 0.00703125
3 0.2265625 0.16328125 0.0046875 0.00625
3 0.23125 0.15625 0.00390625 0.00703125
3 0.2265625 0.14453125 0.003125 0.00546875
3 0.228125 0.140625 0.00390625 0.00546875
6 0.30234375 0.38125 0.00390625 0.01640625
6 0.26640625 0.2515625 0.00234375 0.01015625