3 0.025 0.15703125 0.02734375 0.01640625
3 0.03046875 0.14375 0.02265625 0.01796875
3 0.03515625 0.1328125 0.01640625 0.0140625
6 0.10546875 0.6109375 0.00625 0.021875
6 0.10390625 0.5984375 0.00546875 0.0234375
4 0.0921875 0.57734375 0.01171875 0.0234375
1 0.03515625 0.6703125 0.009375 0.0203125
6 0.05625 0.7015625 0.00703125 0.0140625
3 0.12734375 0.67890625 0.03203125 0.05859375
3 0.17421875 0.51640625 0.02578125 0.0609375
3 0.18671875 0.39453125 0.034375 0.0265625
10 0.19296875 0.3046875 0.02734375 0.028125
10 0.17578125 0.27890625 0.015625 0.03828125
3 0.196875 0.2765625 0.01640625 0.03359375
1 0.2234375 0.13125 0.00859375 0.00859375
3 0.2390625 0.175 0.0109375 0.02421875
3 0.25546875 0.178125 0.0125 0.02109375
3 0.24609375 0.20703125 0.01484375 0.02890625
10 0.23828125 0.23828125 0.0125 0.0296875
3 0.2296875 0.2765625 0.0140625 0.028125
4 0.290625 0.26796875 0.00546875 0.01640625
6 0.290625 0.26171875 0.00390625 0.01484375
3 0.334375 0.44765625 0.01484375 0.04375
4 0.3734375 0.62109375 0.00546875 0.0296875
6 0.37421875 0.6140625 0.00703125 0.015625
4 0.38671875 0.62578125 0.00703125 0.02578125
6 0.38671875 0.61953125 0.00546875 0.015625
1 0.43515625 0.61484375 0.00546875 0.0296875
6 0.4359375 0.6078125 0.00546875 0.015625
1 0.4515625 0.67890625 0.00546875 0.03203125
6 0.4515625 0.67421875 0.00703125 0.01953125
10 0.57890625 0.51328125 0.03671875 0.03515625
6 0.578125 0.52421875 0.00546875 0.025
2 0.3515625 0.2890625 0.0203125 0.075
3 0.3328125 0.12421875 0.01015625 0.02109375
3 0.35546875 0.09375 0.00859375 0.01640625
6 0.403125 0.06796875 0.00234375 0.01328125
6 0.4015625 0.06875 0.00234375 0.01171875
3 0.4703125 0.0765625 0.00859375 0.01640625
3 0.48515625 0.140625 0.01171875 0.0234375
7 0.45390625 0.06875 0.003125 0.00703125
3 0.46796875 0.0390625 0.009375 0.01484375
3 0.48046875 0.040625 0.009375 0.015625
3 0.490625 0.04140625 0.0078125 0.0140625
3 0.40859375 0.0375 0.00703125 0.0140625
3 0.40859375 0.0265625 0.00703125 0.01328125
10 0.36875 0.01796875 0.00703125 0.01484375
10 0.359375 0.00703125 0.00703125 0.0140625
6 0.459375 0.19609375 0.00234375 0.0140625
7 0.440625 0.196875 0.00234375 0.009375
4 0.43984375 0.21328125 0.00703125 0.0109375
6 0.48203125 0.23203125 0.003125 0.01640625
6 0.31484375 0.05625 0.00390625 0.0140625
3 0.2796875 0.06328125 0.00859375 0.015625
6 0.2421875 0.1015625 0.00234375 0.0109375
6 0.24375 0.103125 0.00234375 0.01171875