10 0.6921875 0.41953125 0.03203125 0.046875
3 0.67578125 0.59609375 0.06484375 0.06484375
3 0.60625 0.62421875 0.06796875 0.1234375
6 0.47421875 0.6390625 0.009375 0.05390625
6 0.4703125 0.62578125 0.01015625 0.053125
3 0.4515625 0.5828125 0.03515625 0.084375
3 0.553125 0.5265625 0.04765625 0.06796875
3 0.57109375 0.4671875 0.0546875 0.053125
6 0.62265625 0.43203125 0.01015625 0.0390625
10 0.646875 0.4265625 0.0484375 0.04609375
6 0.0828125 0.62421875 0.01640625 0.05859375
3 0.025 0.61875 0.04921875 0.11953125
3 0.096875 0.38359375 0.0453125 0.0484375
6 0.57734375 0.41328125 0.00546875 0.0359375
4 0.5859375 0.415625 0.009375 0.028125
7 0.5859375 0.4109375 0.01015625 0.0359375
4 0.55625 0.40625 0.02265625 0.01953125
4 0.56171875 0.34921875 0.01171875 0.0203125
4 0.54453125 0.4390625 0.02265625 0.0234375
7 0.5453125 0.43125 0.01015625 0.0296875
3 0.50390625 0.384375 0.02890625 0.03984375
10 0.46640625 0.35625 0.02109375 0.04453125
3 0.503125 0.353125 0.0390625 0.0359375
6 0.44765625 0.3015625 0.0046875 0.01953125
7 0.484375 0.2890625 0.00546875 0.021875
4 0.4765625 0.27109375 0.01484375 0.01953125
3 0.465625 0.26328125 0.02578125 0.02421875
3 0.44765625 0.253125 0.01640625 0.021875
6 0.4375 0.234375 0.00390625 0.0203125
3 0.440625 0.2265625 0.01796875 0.021875
1 0.48671875 0.23046875 0.00859375 0.0140625
4 0.45625 0.22578125 0.01171875 0.0140625
10 0.43671875 0.20859375 0.01015625 0.0234375
10 0.43671875 0.20078125 0.01640625 0.0203125
3 0.4296875 0.1984375 0.01328125 0.01640625
1 0.4109375 0.18359375 0.003125 0.0109375
7 0.4109375 0.18046875 0.003125 0.0109375
3 0.4078125 0.16796875 0.0203125 0.01171875
3 0.3875 0.16875 0.01953125 0.0140625
3 0.38828125 0.18359375 0.01015625 0.01875
3 0.38984375 0.2140625 0.01328125 0.01796875
3 0.4 0.259375 0.01328125 0.02109375
3 0.346875 0.13515625 0.00703125 0.01328125
3 0.36015625 0.15078125 0.0078125 0.01171875
6 0.36640625 0.165625 0.003125 0.015625
3 0.38359375 0.1609375 0.00859375 0.01328125
3 0.365625 0.196875 0.0109375 0.015625
3 0.3578125 0.171875 0.01015625 0.0140625
3 0.38125 0.1515625 0.00703125 0.0109375
10 0.35703125 0.22734375 0.0125 0.0265625
10 0.36015625 0.30859375 0.01640625 0.03515625
1 0.37421875 0.1515625 0.003125 0.01015625
7 0.3734375 0.1484375 0.00234375 0.01015625
7 0.36875 0.15234375 0.00234375 0.00859375
4 0.36875 0.1546875 0.00234375 0.009375
3 0.33984375 0.15625 0.00859375 0.015625
3 0.3359375 0.16953125 0.01015625 0.01484375
3 0.340625 0.178125 0.00859375 0.01484375
3 0.33125 0.1484375 0.01328125 0.0109375
3 0.3359375 0.11640625 0.0046875 0.00703125
3 0.34765625 0.11328125 0.00546875 0.00703125
4 0.33125 0.13828125 0.00234375 0.00625
7 0.33125 0.13671875 0.00234375 0.00625
3 0.2953125 0.13984375 0.00703125 0.01328125
3 0.3046875 0.134375 0.00703125 0.0109375
3 0.3046875 0.1296875 0.00703125 0.009375
3 0.2796875 0.17109375 0.01015625 0.01484375
3 0.2703125 0.16640625 0.01015625 0.01484375
3 0.2640625 0.19609375 0.01484375 0.0234375
3 0.2515625 0.1828125 0.0234375 0.015625
3 0.25234375 0.21484375 0.0140625 0.01875
3 0.315625 0.17421875 0.01015625 0.01484375
3 0.31875 0.1640625 0.01015625 0.01953125
3 0.34765625 0.10546875 0.00390625 0.00625
3 0.32734375 0.28515625 0.01640625 0.0296875
3 0.37578125 0.38515625 0.02109375 0.0390625
3 0.29375 0.3265625 0.02421875 0.03984375
10 0.3265625 0.3609375 0.02734375 0.06015625
4 0.29375 0.23515625 0.00390625 0.01640625
6 0.29140625 0.23203125 0.00546875 0.02109375
4 0.2765625 0.2765625 0.00546875 0.01875
7 0.27578125 0.2734375 0.00546875 0.0203125