3 0.2828125 0.46875 0.05625 0.0921875
3 0.240625 0.56171875 0.0484375 0.075
6 0.32265625 0.59609375 0.0125 0.034375
3 0.190625 0.65703125 0.0421875 0.06875
8 0.1734375 0.59296875 0.034375 0.0515625
3 0.16484375 0.71875 0.0390625 0.0671875
3 0.1453125 0.7671875 0.034375 0.053125
3 0.071875 0.453125 0.04375 0.0875
3 0.03984375 0.5109375 0.04375 0.084375
6 0.02421875 0.77109375 0.0140625 0.034375
3 0.0609375 0.9390625 0.0265625 0.0359375
4 0.06796875 0.35078125 0.01875 0.0578125
10 0.6578125 0.6546875 0.0421875 0.059375
10 0.703125 0.67109375 0.0375 0.0640625
10 0.68828125 0.703125 0.0421875 0.065625
6 0.675 0.43515625 0.015625 0.040625
4 0.58125 0.384375 0.01875 0.0421875
7 0.58359375 0.3953125 0.015625 0.0359375
4 0.63828125 0.5515625 0.0171875 0.0265625
7 0.6421875 0.55703125 0.0109375 0.028125
10 0.5 0.58046875 0.0578125 0.065625
3 0.328125 0.79921875 0.0359375 0.040625
3 0.4046875 0.8734375 0.0328125 0.025
3 0.48359375 0.8734375 0.025 0.0328125
3 0.4703125 0.88203125 0.0265625 0.0296875
3 0.45625 0.89375 0.0359375 0.0328125
3 0.390625 0.8875 0.0328125 0.03125
3 0.4453125 0.9046875 0.028125 0.0296875
3 0.44140625 0.91796875 0.0265625 0.028125
3 0.41484375 0.93046875 0.0265625 0.0296875
3 0.29921875 0.90234375 0.03125 0.0296875
6 0.28125 0.90078125 0.0109375 0.0234375
9 0.28359375 0.93359375 0.0359375 0.0328125
3 0.34140625 0.92890625 0.034375 0.0265625
3 0.37734375 0.9671875 0.0296875 0.0265625
3 0.37109375 0.94375 0.0296875 0.0234375
3 0.39765625 0.95234375 0.0234375 0.0265625
6 0.2546875 0.8921875 0.009375 0.025
6 0.253125 0.90390625 0.0078125 0.03125
6 0.2609375 0.90234375 0.0125 0.034375
8 0.2328125 0.9390625 0.0171875 0.0296875
6 0.2171875 0.94375 0.009375 0.0234375
3 0.30546875 0.9609375 0.0296875 0.0328125
9 0.271875 0.98515625 0.034375 0.0296875
3 0.328125 0.996875 0.021875 0.00625