7 0.27734375 0.659375 0.01484375 0.05703125
4 0.27734375 0.67421875 0.01484375 0.05859375
7 0.13359375 0.60390625 0.01640625 0.0453125
8 0.1328125 0.6125 0.01640625 0.046875
8 0.13046875 0.63828125 0.021875 0.05703125
6 0.16796875 0.57734375 0.01328125 0.06015625
6 0.06953125 0.5109375 0.021875 0.05390625
3 0.10390625 0.5171875 0.05390625 0.075
3 0.07265625 0.42890625 0.0875 0.05
3 0.0890625 0.39453125 0.08046875 0.05078125
3 0.1125 0.3515625 0.07421875 0.0359375
3 0.134375 0.32265625 0.06796875 0.0359375
6 0.24375 0.27734375 0.0046875 0.02109375
7 0.23671875 0.26328125 0.00546875 0.01796875
0 0.234375 0.265625 0.01171875 0.03046875
7 0.309375 0.25859375 0.00703125 0.025
1 0.309375 0.2640625 0.01484375 0.01796875
6 0.2421875 0.215625 0.0046875 0.02109375
2 0.234375 0.190625 0.021875 0.04296875
3 0.2359375 0.1609375 0.02421875 0.01796875
3 0.29296875 0.16953125 0.01015625 0.01796875
3 0.25703125 0.15546875 0.01015625 0.01640625
6 0.26875 0.16328125 0.00390625 0.01328125
6 0.271875 0.16171875 0.00234375 0.01328125
6 0.2734375 0.1625 0.00234375 0.0140625
3 0.26484375 0.13828125 0.01015625 0.01328125
3 0.26171875 0.134375 0.01953125 0.01171875
3 0.2578125 0.12265625 0.0171875 0.00859375
3 0.2671875 0.13203125 0.00703125 0.0140625
6 0.27109375 0.12109375 0.00234375 0.01015625
6 0.2796875 0.115625 0.0015625 0.009375
7 0.6703125 0.5765625 0.0171875 0.034375
1 0.66875 0.59375 0.0171875 0.053125
3 0.67578125 0.44140625 0.06484375 0.046875
10 0.6625 0.40078125 0.06171875 0.05625
7 0.65859375 0.31328125 0.009375 0.0203125
7 0.6328125 0.30625 0.00859375 0.028125
1 0.63203125 0.31328125 0.00703125 0.0234375
3 0.61640625 0.35625 0.06328125 0.04296875
9 0.60234375 0.378125 0.07578125 0.05
3 0.53828125 0.34609375 0.0328125 0.04140625
3 0.584375 0.32109375 0.05234375 0.03828125
7 0.54296875 0.4078125 0.00625 0.01953125
7 0.54140625 0.40390625 0.00703125 0.02421875
4 0.540625 0.41015625 0.01328125 0.0296875
7 0.44375 0.33125 0.00703125 0.02578125
4 0.44296875 0.33828125 0.00859375 0.0296875
7 0.509375 0.29375 0.00703125 0.028125
8 0.5125 0.29921875 0.025 0.025
7 0.43828125 0.24921875 0.00546875 0.01953125
4 0.43828125 0.2578125 0.009375 0.0265625
1 0.48125 0.25078125 0.01484375 0.01875
7 0.47734375 0.2453125 0.00546875 0.0203125
7 0.48125 0.24609375 0.00703125 0.02109375
6 0.51171875 0.23984375 0.00625 0.02421875
6 0.51015625 0.234375 0.00703125 0.025
6 0.50234375 0.22265625 0.0046875 0.02109375
6 0.4875 0.2109375 0.00390625 0.01640625
3 0.4609375 0.221875 0.02421875 0.021875
7 0.3703125 0.1828125 0.00390625 0.0140625
4 0.3703125 0.1859375 0.00390625 0.0140625
3 0.3734375 0.1703125 0.01171875 0.01640625
3 0.30078125 0.1125 0.00625 0.01015625
3 0.359375 0.14375 0.00859375 0.01328125
3 0.35546875 0.13359375 0.00859375 0.0140625
3 0.34375 0.13203125 0.00859375 0.01328125
3 0.33359375 0.140625 0.00859375 0.01171875
3 0.30078125 0.103125 0.00546875 0.009375
3 0.30390625 0.09375 0.00703125 0.00859375
3 0.30390625 0.08828125 0.00546875 0.00703125
3 0.3109375 0.08125 0.00390625 0.00703125
10 0.321875 0.05859375 0.00234375 0.0046875
6 0.33984375 0.11875 0.0015625 0.01015625
3 0.346875 0.109375 0.00625 0.01015625
3 0.340625 0.09609375 0.0046875 0.00859375
3 0.33203125 0.08046875 0.003125 0.00546875
3 0.33359375 0.07421875 0.00234375 0.0046875
3 0.33203125 0.10625 0.00625 0.01015625
3 0.33203125 0.0890625 0.00546875 0.00625
10 0.32734375 0.10078125 0.00546875 0.009375
10 0.33046875 0.0984375 0.0046875 0.009375
10 0.328125 0.09453125 0.0046875 0.00859375
3 0.32578125 0.0890625 0.00390625 0.00546875
3 0.44296875 0.20703125 0.021875 0.0234375
8 0.434375 0.1984375 0.01484375 0.015625
3 0.42734375 0.190625 0.0125 0.01796875
4 0.43203125 0.175 0.009375 0.0109375
4 0.42734375 0.16875 0.009375 0.01015625
6 0.4109375 0.178125 0.00390625 0.01796875
3 0.41953125 0.18125 0.0125 0.01796875
3 0.41328125 0.171875 0.01328125 0.01640625
10 0.41015625 0.1609375 0.01171875 0.01953125
10 0.40078125 0.15234375 0.00859375 0.01796875
10 0.39765625 0.14375 0.00703125 0.015625
3 0.39140625 0.14140625 0.00859375 0.01328125
10 0.3875 0.134375 0.0078125 0.015625
3 0.37578125 0.103125 0.0109375 0.00859375
3 0.3671875 0.1046875 0.00703125 0.009375
6 0.375 0.1234375 0.00234375 0.01328125
3 0.38515625 0.12890625 0.01640625 0.0109375
3 0.38671875 0.125 0.01484375 0.0109375
3 0.378125 0.1203125 0.00703125 0.009375
3 0.375 0.1171875 0.00703125 0.01015625
3 0.37421875 0.1109375 0.01015625 0.00703125