3 0.38046875 0.859375 0.06171875 0.13359375
3 0.4953125 0.73984375 0.0453125 0.08359375
3 0.49296875 0.546875 0.0375 0.05859375
3 0.3984375 0.446875 0.02421875 0.03515625
3 0.5078125 0.434375 0.02265625 0.03125
3 0.47421875 0.3859375 0.0171875 0.0265625
3 0.43828125 0.37421875 0.01640625 0.02421875
3 0.4203125 0.35703125 0.01484375 0.02578125
3 0.49375 0.3515625 0.015625 0.025
3 0.5109375 0.3140625 0.01328125 0.0203125
10 0.48203125 0.29765625 0.01171875 0.01796875
10 0.4640625 0.29453125 0.0125 0.02109375
3 0.484375 0.284375 0.00859375 0.0109375
3 0.4796875 0.2734375 0.009375 0.0109375
3 0.4640625 0.259375 0.00859375 0.01484375
9 0.4796875 0.25625 0.00859375 0.02109375
3 0.47578125 0.2546875 0.00859375 0.01328125
3 0.475 0.2421875 0.00703125 0.01171875