3 0.4109375 0.403125 0.0875 0.090625
6 0.30625 0.346875 0.034375 0.0140625
4 0.55625 0.4640625 0.0328125 0.0265625
6 0.6359375 0.44375 0.046875 0.0125
6 0.62578125 0.4875 0.040625 0.0109375
6 0.63671875 0.47734375 0.03125 0.0078125
3 0.5765625 0.52265625 0.096875 0.0484375
3 0.65546875 0.540625 0.078125 0.04375
3 0.725 0.55078125 0.0703125 0.0375
3 0.79609375 0.56015625 0.0578125 0.0296875
3 0.8515625 0.57109375 0.0453125 0.0296875
3 0.9140625 0.60078125 0.040625 0.0296875
3 0.93515625 0.584375 0.034375 0.0234375
3 0.96328125 0.59921875 0.0359375 0.0328125
3 0.98671875 0.59453125 0.0265625 0.0203125
3 0.94140625 0.64765625 0.0375 0.0203125
3 0.98046875 0.65390625 0.0296875 0.01875
3 0.9890625 0.7015625 0.021875 0.01875
4 0.91953125 0.775 0.025 0.0171875
4 0.928125 0.79921875 0.0234375 0.0078125
3 0.3640625 0.8515625 0.121875 0.0609375
8 0.49453125 0.81796875 0.0703125 0.03125
3 0.3640625 0.94296875 0.115625 0.1
3 0.4859375 0.903125 0.128125 0.0984375
4 0.65546875 0.85 0.0375 0.0234375
6 0.67578125 0.8125 0.04375 0.0125
6 0.76640625 0.8078125 0.040625 0.0109375
1 0.7546875 0.8375 0.0296875 0.0203125
4 0.85625 0.79453125 0.034375 0.0140625
3 0.71796875 0.78125 0.0828125 0.034375
3 0.78515625 0.77265625 0.0671875 0.0328125
3 0.85390625 0.76171875 0.0671875 0.0296875
3 0.8921875 0.7546875 0.0515625 0.025
3 0.93671875 0.746875 0.05 0.0234375
3 0.9640625 0.7390625 0.0375 0.0203125
3 0.98828125 0.73359375 0.0234375 0.0203125
6 0.99375 0.72109375 0.0125 0.0046875
6 0.99296875 0.7171875 0.0140625 0.003125
4 0.61484375 0.46796875 0.034375 0.0203125
4 0.63046875 0.4734375 0.03125 0.0234375
6 0.73046875 0.46015625 0.040625 0.0109375
6 0.725 0.45390625 0.0390625 0.0109375
7 0.79453125 0.4890625 0.025 0.0109375
4 0.69609375 0.49140625 0.028125 0.0203125
4 0.70859375 0.4984375 0.028125 0.0234375
6 0.675 0.5171875 0.0375 0.0109375
6 0.6796875 0.5203125 0.03125 0.009375
1 0.78984375 0.52734375 0.021875 0.01875
1 0.7984375 0.528125 0.021875 0.01875
1 0.81640625 0.47265625 0.03125 0.0109375
7 0.86953125 0.51171875 0.015625 0.00625
7 0.87265625 0.51171875 0.01875 0.0078125
4 0.86015625 0.54453125 0.01875 0.015625
4 0.91796875 0.55546875 0.015625 0.015625
4 0.9296875 0.55703125 0.01875 0.0125
4 0.9578125 0.571875 0.015625 0.0125
4 0.98984375 0.625 0.0203125 0.00625
7 0.99140625 0.625 0.0171875 0.00625
7 0.99140625 0.625 0.0171875 0.00625