4 0.29375 0.234375 0.01796875 0.02421875
4 0.29453125 0.2203125 0.01640625 0.0203125
4 0.28984375 0.225 0.01875 0.01640625
4 0.290625 0.2078125 0.01640625 0.02109375
4 0.29140625 0.22890625 0.01328125 0.0203125
6 0.6171875 0.35390625 0.0265625 0.04375
4 0.54765625 0.3484375 0.01640625 0.0359375
4 0.6796875 0.41796875 0.02265625 0.03671875
3 0.6859375 0.62265625 0.04453125 0.1453125
3 0.64609375 0.61953125 0.08359375 0.16796875
3 0.57890625 0.6015625 0.06875 0.15078125
3 0.4875 0.59453125 0.07265625 0.1390625
3 0.42734375 0.5890625 0.05703125 0.1546875
1 0.5015625 0.334375 0.01171875 0.03515625
6 0.49140625 0.2765625 0.00625 0.034375
6 0.4984375 0.28203125 0.00703125 0.04140625
6 0.4140625 0.2640625 0.01015625 0.04140625
6 0.41171875 0.2734375 0.00546875 0.0359375
6 0.4078125 0.2734375 0.00625 0.03828125
3 0.41640625 0.32109375 0.04140625 0.0609375
6 0.39609375 0.32421875 0.00625 0.04140625
4 0.44921875 0.3140625 0.0078125 0.03828125
4 0.453125 0.32421875 0.02265625 0.03828125
6 0.4484375 0.346875 0.00859375 0.0484375
6 0.45625 0.3546875 0.0109375 0.04453125
6 0.45859375 0.34453125 0.009375 0.04609375
3 0.3734375 0.3234375 0.03046875 0.06015625
6 0.38125 0.3515625 0.009375 0.04296875
6 0.3890625 0.37890625 0.0125 0.04453125
4 0.4171875 0.41328125 0.02734375 0.034375
7 0.4171875 0.41328125 0.01484375 0.0484375
6 0.4125 0.39296875 0.01171875 0.06171875
6 0.3671875 0.39921875 0.00859375 0.0546875
6 0.3640625 0.38515625 0.0109375 0.04296875
3 0.33046875 0.3234375 0.03046875 0.05703125
3 0.2921875 0.3125 0.03046875 0.06171875
3 0.3515625 0.59921875 0.04921875 0.15078125
3 0.284375 0.57734375 0.06796875 0.13984375
3 0.20859375 0.5890625 0.08203125 0.153125
7 0.271875 0.2859375 0.00703125 0.02421875
3 0.25703125 0.31640625 0.03125 0.065625
3 0.22421875 0.315625 0.0375 0.06328125
3 0.1765625 0.3140625 0.0390625 0.0640625
3 0.1296875 0.309375 0.04453125 0.06640625
3 0.06640625 0.3140625 0.05078125 0.06953125
3 0.02421875 0.31796875 0.04765625 0.08046875
6 0.0453125 0.45390625 0.02265625 0.0546875
4 0.00703125 0.49609375 0.0140625 0.0421875
7 0.0625 0.50703125 0.01015625 0.03515625
6 0.55546875 0.45390625 0.01484375 0.053125
6 0.55078125 0.4734375 0.01171875 0.05078125
6 0.54609375 0.45859375 0.01484375 0.0484375
8 0.52578125 0.4515625 0.05390625 0.0453125