3 0.409375 0.63671875 0.009375 0.0109375
3 0.38359375 0.61875 0.0046875 0.00625
3 0.375 0.63671875 0.00625 0.0109375
3 0.39609375 0.50859375 0.0046875 0.00625
3 0.34140625 0.65625 0.009375 0.0140625
3 0.353125 0.6453125 0.00625 0.0109375
3 0.34765625 0.66015625 0.009375 0.0109375
3 0.35625 0.621875 0.00625 0.009375
3 0.35234375 0.63203125 0.00625 0.009375
3 0.37421875 0.571875 0.00625 0.009375
3 0.3703125 0.58203125 0.00625 0.009375
3 0.37109375 0.565625 0.00625 0.009375
3 0.365625 0.571875 0.00625 0.009375
3 0.36484375 0.5796875 0.0046875 0.00625
3 0.35703125 0.5859375 0.0046875 0.00625
3 0.359375 0.57265625 0.00625 0.009375
3 0.36171875 0.56484375 0.00625 0.009375
10 0.35390625 0.6015625 0.0078125 0.0140625
3 0.35078125 0.61328125 0.00625 0.0109375
3 0.3484375 0.62578125 0.00625 0.0109375
3 0.371875 0.5453125 0.00625 0.009375
3 0.38203125 0.52421875 0.00625 0.009375
3 0.37578125 0.5296875 0.00625 0.009375
9 0.3671875 0.53984375 0.0125 0.0234375
9 0.371875 0.51796875 0.0125 0.0203125
10 0.384375 0.50390625 0.0046875 0.00625
3 0.3875 0.4859375 0.0046875 0.00625
3 0.38046875 0.5 0.0046875 0.0046875
3 0.38984375 0.47109375 0.0046875 0.0046875
3 0.38515625 0.4734375 0.0046875 0.0046875
3 0.39921875 0.4640625 0.0046875 0.0046875
3 0.421875 0.4421875 0.0046875 0.0046875
9 0.41953125 0.41953125 0.00625 0.0109375
3 0.4015625 0.4375 0.0046875 0.0046875
3 0.40703125 0.43203125 0.0046875 0.00625
3 0.34609375 0.646875 0.0078125 0.0140625
3 0.346875 0.63671875 0.00625 0.009375
9 0.3796875 0.4796875 0.0125 0.021875
3 0.3765625 0.49453125 0.00625 0.0109375
3 0.375 0.50390625 0.0078125 0.0125