3 0.05 0.40546875 0.0859375 0.08515625
3 0.17734375 0.278125 0.0203125 0.04375
3 0.178125 0.23203125 0.0171875 0.03203125
3 0.2328125 0.27109375 0.02734375 0.0359375
3 0.28984375 0.3609375 0.053125 0.059375
3 0.20546875 0.196875 0.015625 0.021875
3 0.2 0.17109375 0.01328125 0.02109375
3 0.17734375 0.20625 0.015625 0.0296875
3 0.18125 0.184375 0.015625 0.0265625
3 0.175 0.1703125 0.0140625 0.02421875
3 0.1796875 0.159375 0.0109375 0.01953125
3 0.178125 0.146875 0.01015625 0.01875
3 0.1796875 0.13828125 0.0109375 0.0109375
3 0.178125 0.09609375 0.00625 0.0109375
3 0.18359375 0.07734375 0.00390625 0.00625
3 0.18203125 0.071875 0.00390625 0.009375
3 0.2296875 0.17109375 0.01171875 0.01875
3 0.26484375 0.18125 0.01953125 0.01796875
3 0.38984375 0.30078125 0.05234375 0.040625
7 0.06015625 0.253125 0.00703125 0.01953125
7 0.0703125 0.25078125 0.0078125 0.0203125
6 0.07890625 0.21796875 0.00546875 0.021875
6 0.140625 0.2859375 0.00703125 0.02578125
6 0.12265625 0.2578125 0.00703125 0.02109375
6 0.15625 0.17109375 0.00390625 0.0140625
6 0.15 0.159375 0.00390625 0.01015625
6 0.15625 0.1609375 0.00390625 0.01328125
6 0.16015625 0.1515625 0.00390625 0.01015625
6 0.15078125 0.15078125 0.003125 0.01328125
6 0.221875 0.23515625 0.0046875 0.01875
6 0.22578125 0.21875 0.00546875 0.01796875
6 0.22890625 0.20078125 0.00546875 0.01328125
6 0.2234375 0.18671875 0.00546875 0.01328125
6 0.2390625 0.1859375 0.00625 0.01484375
6 0.2359375 0.18203125 0.00390625 0.01484375
6 0.2328125 0.18203125 0.003125 0.01171875
6 0.25234375 0.18828125 0.00390625 0.01953125
6 0.29765625 0.30546875 0.00859375 0.02578125
6 0.31953125 0.4171875 0.01015625 0.0359375
6 0.2765625 0.390625 0.01015625 0.040625
6 0.32890625 0.27265625 0.009375 0.03046875
6 0.365625 0.28125 0.00625 0.0203125
6 0.2078125 0.14296875 0.00390625 0.01015625
6 0.2 0.134375 0.003125 0.01171875
6 0.1703125 0.1359375 0.003125 0.01015625
4 0.12265625 0.26640625 0.00859375 0.021875
4 0.140625 0.29375 0.0078125 0.028125
4 0.27578125 0.4015625 0.01015625 0.03984375
4 0.31953125 0.4265625 0.01015625 0.0390625
4 0.296875 0.315625 0.01328125 0.034375
4 0.328125 0.27890625 0.01015625 0.028125
4 0.22109375 0.24140625 0.00703125 0.0203125
4 0.22578125 0.2234375 0.00703125 0.01640625
4 0.22890625 0.2046875 0.00546875 0.01640625
4 0.2234375 0.18984375 0.00625 0.01328125
4 0.23515625 0.18671875 0.00859375 0.01015625
4 0.29453125 0.27109375 0.00703125 0.025
4 0.309375 0.26640625 0.01796875 0.01796875
4 0.2828125 0.24375 0.00703125 0.01953125
4 0.30234375 0.25078125 0.0125 0.01875
4 0.3046875 0.25625 0.0125 0.01953125
4 0.3921875 0.2703125 0.00703125 0.02421875
4 0.3703125 0.26015625 0.01015625 0.01875
4 0.36640625 0.25625 0.0125 0.015625
4 0.33203125 0.22109375 0.01328125 0.01484375
6 0.3328125 0.23203125 0.0046875 0.02578125
6 0.35234375 0.2765625 0.0078125 0.03046875
4 0.20859375 0.14453125 0.00390625 0.00859375
4 0.2 0.13671875 0.003125 0.009375
4 0.2125 0.1625 0.00390625 0.01171875
6 0.2125 0.16015625 0.003125 0.009375
6 0.2125 0.15859375 0.00390625 0.01328125
3 0.21796875 0.1390625 0.0078125 0.01484375
4 0.1640625 0.146875 0.0046875 0.01640625
3 0.18984375 0.1 0.00546875 0.009375
4 0.23828125 0.19296875 0.00546875 0.015625
4 0.24296875 0.1984375 0.00546875 0.01875
8 0.2453125 0.21015625 0.01015625 0.02578125
4 0.26171875 0.21171875 0.0109375 0.01328125
4 0.27421875 0.21015625 0.01171875 0.01328125
4 0.3125 0.2 0.01484375 0.01328125
7 0.128125 0.34921875 0.01015625 0.0296875
7 0.1328125 0.35078125 0.01015625 0.03203125
8 0.13359375 0.35078125 0.02421875 0.06640625
3 0.234375 0.45859375 0.0515625 0.08203125
0 0.26328125 0.428125 0.03125 0.06875
7 0.26796875 0.41875 0.0140625 0.034375
8 0.45546875 0.29921875 0.01328125 0.040625
4 0.4171875 0.28671875 0.0125 0.02578125
4 0.43515625 0.2875 0.01171875 0.03046875
7 0.44609375 0.42890625 0.01484375 0.053125
7 0.4546875 0.4296875 0.01328125 0.040625
4 0.44609375 0.42890625 0.040625 0.0515625