8 0.4484375 0.5296875 0.04296875 0.09296875
10 0.32578125 0.3640625 0.05078125 0.07421875
3 0.2671875 0.38046875 0.0484375 0.0859375
3 0.40859375 0.23046875 0.025 0.0484375
3 0.34609375 0.19765625 0.025 0.0453125
3 0.296875 0.1609375 0.02109375 0.0515625
3 0.28515625 0.24296875 0.028125 0.0640625
3 0.36640625 0.140625 0.01796875 0.034375
3 0.3609375 0.09453125 0.01640625 0.02890625
3 0.325 0.0765625 0.01796875 0.03125
3 0.28828125 0.09765625 0.01796875 0.0359375
3 0.2609375 0.04375 0.01640625 0.0359375
3 0.2578125 0.01875 0.0140625 0.0265625
3 0.0859375 0.01875 0.0265625 0.02890625
3 0.0671875 0.06171875 0.03828125 0.03046875
3 0.05546875 0.0890625 0.04296875 0.03125
10 0.5328125 0.25 0.04765625 0.05703125
9 0.20625 0.41875 0.05078125 0.1453125
10 0.1875 0.54609375 0.04921875 0.134375
9 0.0390625 0.5015625 0.078125 0.15625
9 0.04296875 0.39140625 0.0859375 0.0703125
6 0.08203125 0.40078125 0.01328125 0.0515625
8 0.18203125 0.0515625 0.015625 0.0359375
10 0.2203125 0.05078125 0.01328125 0.0296875
8 0.2078125 0.1015625 0.0109375 0.03046875
9 0.23203125 0.1375 0.02109375 0.053125
8 0.2 0.13203125 0.02265625 0.021875
9 0.18203125 0.15859375 0.03203125 0.02578125
6 0.16953125 0.2234375 0.01015625 0.03828125
6 0.16171875 0.23046875 0.01015625 0.03828125
6 0.18828125 0.11328125 0.00546875 0.028125
6 0.18359375 0.1140625 0.00546875 0.02578125
6 0.17734375 0.13046875 0.00625 0.028125
6 0.053125 0.1640625 0.00859375 0.02890625
6 0.046875 0.16328125 0.00703125 0.02890625
6 0.0375 0.16328125 0.00859375 0.02890625
6 0.0296875 0.16328125 0.0078125 0.02890625
4 0.13671875 0.29765625 0.01328125 0.0359375
4 0.09453125 0.31171875 0.02421875 0.028125
6 0.2203125 0.16484375 0.00703125 0.03125
6 0.2125 0.23828125 0.0078125 0.034375
4 0.21875 0.29296875 0.02109375 0.0390625
6 0.21796875 0.2859375 0.01015625 0.03203125
4 0.19921875 0.28515625 0.00703125 0.0296875
8 0.184375 0.2828125 0.0234375 0.05625
6 0.17734375 0.2734375 0.00625 0.03828125
6 0.19296875 0.27578125 0.00703125 0.0390625
6 0.19609375 0.2703125 0.00546875 0.03671875
8 0.2234375 0.23828125 0.03125 0.0265625
8 0.2109375 0.15859375 0.01328125 0.02578125
8 0.22578125 0.07890625 0.021875 0.01640625
9 0.04375 0.27109375 0.08671875 0.078125
6 0.03671875 0.3234375 0.015625 0.03984375
6 0.06328125 0.41328125 0.01015625 0.04453125
6 0.13125 0.259375 0.00625 0.03359375
6 0.12578125 0.24296875 0.00859375 0.04296875
6 0.23359375 0.15625 0.00546875 0.03046875
3 0.2546875 0.15390625 0.0125 0.03203125
8 0.26015625 0.11875 0.0109375 0.03828125
6 0.25546875 0.12109375 0.00625 0.03359375
6 0.265625 0.07109375 0.00390625 0.021875
8 0.275 0.08203125 0.0109375 0.025
6 0.2734375 0.07734375 0.00546875 0.01796875
3 0.30703125 0.11875 0.01640625 0.03671875
8 0.3328125 0.02109375 0.01328125 0.03046875
8 0.24921875 0.22578125 0.015625 0.040625
7 0.246875 0.2203125 0.00859375 0.021875
7 0.21875 0.22421875 0.0078125 0.01796875
8 0.20078125 0.21875 0.03671875 0.02109375
8 0.1921875 0.23984375 0.02890625 0.02578125
3 0.02890625 0.10078125 0.01796875 0.0203125
6 0.01875 0.10625 0.00703125 0.025
6 0.05 0.04921875 0.00546875 0.01875
8 0.03359375 0.0765625 0.0171875 0.02109375
6 0.428125 0.03671875 0.0046875 0.02421875
6 0.4359375 0.0484375 0.00234375 0.01953125
6 0.43984375 0.04921875 0.00390625 0.0203125
6 0.54921875 0.03515625 0.00390625 0.02578125
6 0.5375 0.04140625 0.0046875 0.02421875
6 0.53359375 0.04296875 0.00390625 0.01796875
4 0.56875 0.08046875 0.0078125 0.0265625
6 0.56796875 0.053125 0.00546875 0.021875
6 0.55859375 0.3015625 0.00859375 0.03671875
6 0.578125 0.365625 0.01328125 0.04375
6 0.6296875 0.24453125 0.0078125 0.0390625
6 0.66328125 0.52109375 0.0125 0.04921875
6 0.65078125 0.51484375 0.01171875 0.0484375