6 0.77890625 0.99609375 0.0078125 0.0078125
3 0.7703125 0.99140625 0.021875 0.0171875
6 0.69140625 0.87578125 0.0078125 0.015625
6 0.6921875 0.86640625 0.00625 0.009375
6 0.68671875 0.86953125 0.0046875 0.00625
6 0.684375 0.86953125 0.00625 0.009375
6 0.68359375 0.859375 0.0109375 0.0203125
6 0.68125 0.85390625 0.00625 0.0109375
6 0.659375 0.85234375 0.0078125 0.0125
6 0.65625 0.8515625 0.009375 0.01875
6 0.71484375 0.80859375 0.0140625 0.025
6 0.75 0.8 0.0140625 0.0234375
6 0.709375 0.78046875 0.0125 0.021875
0 0.690625 0.8015625 0.0203125 0.01875
6 0.80078125 0.775 0.015625 0.0296875
10 0.6578125 0.38125 0.1171875 0.109375
6 0.565625 0.7296875 0.0140625 0.025
6 0.58046875 0.80859375 0.0078125 0.0125
6 0.584375 0.8625 0.0078125 0.015625
6 0.59140625 0.8625 0.0046875 0.00625
10 0.446875 0.89765625 0.015625 0.0140625
7 0.40546875 0.84765625 0.0078125 0.0109375
1 0.40625 0.84609375 0.009375 0.0109375
3 0.25 0.771875 0.021875 0.01875
3 0.240625 0.7609375 0.0296875 0.0234375
3 0.2203125 0.759375 0.028125 0.021875
3 0.19140625 0.75546875 0.028125 0.0234375
6 0.2125 0.7203125 0.009375 0.01875
6 0.20859375 0.71640625 0.0078125 0.015625
6 0.2078125 0.70859375 0.0078125 0.015625
6 0.20390625 0.70625 0.0078125 0.015625
6 0.20859375 0.69296875 0.0078125 0.015625
6 0.25 0.721875 0.0078125 0.0140625
1 0.25390625 0.71796875 0.0125 0.015625
6 0.2390625 0.7 0.009375 0.01875
0 0.2234375 0.703125 0.015625 0.021875
0 0.2203125 0.69140625 0.0140625 0.0203125
3 0.25078125 0.70625 0.0203125 0.028125
1 0.24765625 0.690625 0.0125 0.015625
6 0.2796875 0.69453125 0.009375 0.0109375
6 0.30703125 0.67890625 0.009375 0.01875
6 0.253125 0.6609375 0.0109375 0.021875
6 0.259375 0.6890625 0.0109375 0.0234375
6 0.23828125 0.66171875 0.009375 0.01875
6 0.2328125 0.659375 0.009375 0.01875
6 0.2421875 0.6703125 0.009375 0.0125
9 0.26484375 0.6640625 0.0265625 0.03125
6 0.27265625 0.62109375 0.0140625 0.025
3 0.303125 0.6546875 0.0328125 0.040625
6 0.2875 0.63203125 0.0140625 0.025
6 0.2828125 0.62734375 0.015625 0.028125
6 0.29140625 0.6359375 0.0109375 0.021875
10 0.303125 0.64140625 0.028125 0.040625
0 0.3234375 0.625 0.03125 0.04375
6 0.3578125 0.60234375 0.0140625 0.0265625
6 0.35234375 0.5984375 0.0125 0.028125
6 0.35390625 0.5921875 0.015625 0.028125
6 0.35234375 0.58046875 0.0125 0.025
6 0.34765625 0.55625 0.0140625 0.028125
6 0.34453125 0.55234375 0.0078125 0.015625
6 0.34296875 0.56328125 0.0171875 0.03125
6 0.33125 0.56640625 0.0125 0.028125
6 0.33359375 0.55078125 0.0203125 0.034375
6 0.29765625 0.54375 0.0109375 0.0203125
7 0.303125 0.5359375 0.0140625 0.025
3 0.30703125 0.56328125 0.0421875 0.0515625
6 0.2609375 0.55859375 0.0109375 0.0171875
6 0.28515625 0.5265625 0.0171875 0.03125
3 0.3703125 0.6125 0.0453125 0.0546875
6 0.425 0.55859375 0.01875 0.03125
6 0.38359375 0.5703125 0.0171875 0.034375
10 0.40078125 0.5734375 0.0546875 0.0703125
1 0.31015625 0.60390625 0.015625 0.0125
10 0.32109375 0.4921875 0.059375 0.0859375
6 0.35234375 0.446875 0.0171875 0.03125
6 0.35703125 0.45703125 0.0203125 0.040625
0 0.3984375 0.4953125 0.040625 0.05625
7 0.3703125 0.47578125 0.0140625 0.025
7 0.365625 0.484375 0.01875 0.0296875
4 0.3703125 0.4734375 0.021875 0.03125
6 0.43359375 0.4859375 0.0171875 0.025
0 0.4375 0.46171875 0.046875 0.0578125
6 0.4671875 0.428125 0.028125 0.0453125
7 0.45859375 0.4171875 0.0140625 0.0203125
6 0.4625 0.4078125 0.028125 0.0484375
6 0.44765625 0.409375 0.0234375 0.0453125
6 0.4421875 0.40703125 0.0234375 0.0390625
6 0.3 0.7296875 0.0078125 0.0140625
6 0.3015625 0.73359375 0.009375 0.01875
6 0.65625 0.9140625 0.0078125 0.015625
6 0.76484375 0.8921875 0.009375 0.015625
7 0.840625 0.79296875 0.015625 0.0203125
7 0.80546875 0.7859375 0.009375 0.0140625