3 0.0921875 0.46171875 0.03984375 0.02890625
7 0.1015625 0.484375 0.009375 0.01015625
4 0.065625 0.40625 0.01015625 0.01875
7 0.0515625 0.403125 0.0046875 0.01171875
7 0.05546875 0.40078125 0.00546875 0.01328125
3 0.24609375 0.4390625 0.01484375 0.04296875
3 0.265625 0.4046875 0.01796875 0.03671875
3 0.22578125 0.37421875 0.0125 0.02890625
6 0.12109375 0.35078125 0.00390625 0.015625
6 0.11875 0.334375 0.00390625 0.015625
6 0.10625 0.30625 0.00390625 0.01328125
6 0.10078125 0.35078125 0.003125 0.0109375
6 0.103125 0.34921875 0.00390625 0.0140625
7 0.1078125 0.28359375 0.00234375 0.00703125
7 0.1109375 0.28125 0.00234375 0.009375
3 0.21953125 0.31953125 0.01015625 0.0203125
3 0.2328125 0.2875 0.01015625 0.01796875
3 0.2203125 0.29375 0.00859375 0.01796875
3 0.21796875 0.27578125 0.00703125 0.015625
3 0.2171875 0.25625 0.00703125 0.01484375
3 0.23046875 0.26796875 0.009375 0.01796875
3 0.2296875 0.253125 0.00546875 0.0109375
7 0.21015625 0.28671875 0.003125 0.00703125
4 0.2109375 0.29140625 0.00234375 0.01015625
7 0.24296875 0.24609375 0.003125 0.009375
4 0.24296875 0.2515625 0.00234375 0.00859375
3 0.3109375 0.19296875 0.0046875 0.00859375
3 0.29375 0.1953125 0.01015625 0.00703125
3 0.275 0.196875 0.0078125 0.00703125
6 0.30859375 0.1890625 0.00234375 0.00703125
6 0.31015625 0.18828125 0.00078125 0.00625
6 0.28515625 0.28125 0.003125 0.009375
6 0.275 0.27578125 0.00234375 0.01171875
6 0.27109375 0.27578125 0.003125 0.01015625
7 0.24140625 0.21328125 0.00234375 0.0046875
4 0.24140625 0.21640625 0.00234375 0.00546875
3 0.23203125 0.2015625 0.01015625 0.009375
3 0.2171875 0.209375 0.01015625 0.009375
3 0.19921875 0.21484375 0.01171875 0.009375
3 0.20546875 0.2046875 0.009375 0.009375
9 0.19296875 0.2015625 0.0125 0.00859375
3 0.17421875 0.21953125 0.01015625 0.00703125
0 0.14140625 0.234375 0.00859375 0.01015625
7 0.159375 0.2109375 0.0015625 0.00625
1 0.159375 0.2140625 0.00234375 0.00546875
7 0.165625 0.20546875 0.0015625 0.00546875
1 0.165625 0.20859375 0.0046875 0.0046875
3 0.19140625 0.18671875 0.00390625 0.00859375
3 0.19453125 0.16875 0.00390625 0.00859375
3 0.19609375 0.15078125 0.003125 0.00625
3 0.196875 0.14375 0.00234375 0.0046875
3 0.20234375 0.1390625 0.003125 0.00390625
3 0.215625 0.14140625 0.003125 0.00546875
3 0.21484375 0.13359375 0.003125 0.0046875
10 0.203125 0.1296875 0.00234375 0.00390625