3 0.56484375 0.48359375 0.03671875 0.04609375
3 0.5859375 0.44140625 0.04609375 0.0359375
3 0.56953125 0.41484375 0.0390625 0.03359375
6 0.51328125 0.42421875 0.00625 0.02890625
6 0.48671875 0.69296875 0.00703125 0.03125
3 0.415625 0.61953125 0.03359375 0.07578125
6 0.47890625 0.3265625 0.003125 0.01953125
6 0.5046875 0.375 0.0046875 0.028125
8 0.52265625 0.3875 0.028125 0.02890625
9 0.44453125 0.31796875 0.01484375 0.03125
6 0.43515625 0.365625 0.0046875 0.02421875
3 0.42265625 0.36640625 0.0171875 0.028125
10 0.3984375 0.43671875 0.01953125 0.04453125
9 0.34296875 0.4546875 0.03125 0.07578125
3 0.384375 0.37421875 0.01796875 0.028125
9 0.38671875 0.33046875 0.0140625 0.02578125
3 0.390625 0.3078125 0.01171875 0.02109375
3 0.3734375 0.28359375 0.01171875 0.01875
3 0.34765625 0.25546875 0.0109375 0.01640625
3 0.3515625 0.28046875 0.01328125 0.0234375
3 0.33515625 0.26953125 0.01171875 0.0203125
3 0.3171875 0.278125 0.01328125 0.021875
3 0.33984375 0.30078125 0.0125 0.02421875
4 0.396875 0.2640625 0.003125 0.0109375
6 0.396875 0.2609375 0.00390625 0.01171875
3 0.35703125 0.15625 0.00546875 0.00625
3 0.3671875 0.15625 0.00234375 0.0046875
3 0.36953125 0.171875 0.00546875 0.00859375
3 0.3625 0.1640625 0.0046875 0.00859375
3 0.36171875 0.190625 0.00625 0.009375
3 0.34609375 0.215625 0.00703125 0.01328125
10 0.340625 0.19765625 0.00625 0.0140625
8 0.37421875 0.21640625 0.00703125 0.015625
4 0.37578125 0.23125 0.00234375 0.00859375
7 0.3765625 0.22890625 0.0015625 0.0109375
7 0.37578125 0.22890625 0.003125 0.01171875
6 0.42109375 0.321875 0.0046875 0.0234375
10 0.41328125 0.30546875 0.0125 0.028125
4 0.40546875 0.35703125 0.00703125 0.021875
7 0.40546875 0.35390625 0.00625 0.02109375
6 0.36953125 0.3265625 0.00390625 0.0203125
1 0.37265625 0.3265625 0.00625 0.01484375
6 0.375 0.32265625 0.00234375 0.0234375
4 0.3609375 0.3296875 0.0046875 0.01640625
7 0.3609375 0.3265625 0.00625 0.01953125
4 0.33359375 0.353125 0.00390625 0.01953125
7 0.3328125 0.34921875 0.00546875 0.02109375
4 0.321875 0.3015625 0.0046875 0.0109375
7 0.32265625 0.3 0.003125 0.01484375
3 0.3203125 0.31875 0.01953125 0.028125
3 0.33203125 0.15546875 0.00546875 0.00546875
6 0.32890625 0.16796875 0.00234375 0.00859375
4 0.3328125 0.178125 0.0015625 0.00703125
7 0.33203125 0.17734375 0.00234375 0.00625
10 0.33515625 0.23203125 0.0078125 0.015625
3 0.334375 0.22421875 0.00859375 0.01484375
6 0.3171875 0.2359375 0.00390625 0.0140625
10 0.25078125 0.23203125 0.01015625 0.01640625
3 0.25625 0.2515625 0.0203125 0.0203125
3 0.2828125 0.28671875 0.01484375 0.02109375
6 0.2609375 0.28515625 0.00234375 0.01640625
6 0.25078125 0.28359375 0.003125 0.015625
8 0.2875 0.31875 0.021875 0.0203125
7 0.29921875 0.3078125 0.00390625 0.01171875
6 0.2984375 0.3875 0.00390625 0.0265625
6 0.296875 0.36484375 0.0046875 0.02578125
4 0.29453125 0.36640625 0.01484375 0.0203125
4 0.2921875 0.40546875 0.00546875 0.021875
7 0.2921875 0.40078125 0.0078125 0.0296875
4 0.21484375 0.26171875 0.00859375 0.01171875
4 0.21796875 0.26171875 0.01015625 0.01015625
3 0.2359375 0.2734375 0.0296875 0.01875
4 0.190625 0.29140625 0.01015625 0.01328125
4 0.19375 0.29140625 0.0078125 0.0140625
4 0.19921875 0.2890625 0.0078125 0.0140625
8 0.20234375 0.284375 0.009375 0.01640625
3 0.22734375 0.31171875 0.03203125 0.0265625
4 0.21953125 0.33203125 0.01328125 0.01171875
7 0.21953125 0.328125 0.00546875 0.0140625
6 0.178125 0.31171875 0.0046875 0.0234375
3 0.18984375 0.33828125 0.03046875 0.02890625
0 0.203125 0.3484375 0.02890625 0.03828125
3 0.1546875 0.38515625 0.0390625 0.03125
3 0.13828125 0.43203125 0.05234375 0.0390625
3 0.1 0.31171875 0.03046875 0.0265625
3 0.059375 0.31015625 0.03046875 0.021875
3 0.05625 0.33515625 0.028125 0.028125
4 0.071875 0.3578125 0.0140625 0.01796875
6 0.1875 0.5375 0.00859375 0.0453125
9 0.12890625 0.5875 0.0640625 0.15859375
8 0.14453125 0.46328125 0.01484375 0.0296875
3 0.125 0.490625 0.06015625 0.03828125
4 0.10625 0.4734375 0.0203125 0.0203125
4 0.1203125 0.45390625 0.01953125 0.01796875
4 0.10546875 0.4578125 0.01640625 0.025
4 0.06796875 0.4609375 0.00625 0.03046875
3 0.07578125 0.48046875 0.03359375 0.05859375
3 0.05703125 0.53671875 0.046875 0.05859375
10 0.0203125 0.5953125 0.03984375 0.08359375
7 0.02734375 0.453125 0.00546875 0.03203125
4 0.02734375 0.46171875 0.01640625 0.01875
8 0.01171875 0.4359375 0.02265625 0.03359375
4 0.0125 0.47109375 0.02109375 0.03046875
3 0.0140625 0.5109375 0.02734375 0.04921875
3 0.0203125 0.53828125 0.040625 0.0640625