3 0.66953125 0.42109375 0.04609375 0.05859375
1 0.6609375 0.52578125 0.01796875 0.04140625
7 0.6625 0.51171875 0.01640625 0.04296875
8 0.33203125 0.615625 0.0203125 0.0640625
7 0.33515625 0.60078125 0.01328125 0.034375
6 0.27265625 0.59921875 0.01171875 0.0546875
3 0.1921875 0.61875 0.0578125 0.10546875
4 0.36953125 0.5921875 0.0125 0.046875
7 0.36875 0.578125 0.01328125 0.04375
3 0.11484375 0.5390625 0.07421875 0.05625
3 0.128125 0.4765625 0.0703125 0.05859375
3 0.1484375 0.43828125 0.0703125 0.05703125
6 0.0234375 0.43046875 0.01328125 0.040625
10 0.05234375 0.378125 0.06484375 0.08125
3 0.2515625 0.4234375 0.03828125 0.071875
3 0.26875 0.365625 0.03359375 0.0515625
3 0.19921875 0.36953125 0.04765625 0.04453125
3 0.21015625 0.34140625 0.0625 0.04375
3 0.43125 0.28125 0.0203125 0.04140625
3 0.31640625 0.28203125 0.04609375 0.03359375
3 0.2875 0.2609375 0.04296875 0.02890625
9 0.209375 0.28125 0.06171875 0.05625
3 0.16640625 0.2125 0.03828125 0.0265625
3 0.34921875 0.26328125 0.0453125 0.02890625
3 0.3390625 0.2390625 0.02890625 0.0265625
3 0.38359375 0.2109375 0.02265625 0.03046875
3 0.41796875 0.21640625 0.01640625 0.03203125
0 0.475 0.190625 0.01171875 0.0265625
10 0.31640625 0.215625 0.03359375 0.034375
9 0.23203125 0.20703125 0.065625 0.04296875
6 0.23359375 0.21640625 0.00390625 0.021875
4 0.2375 0.2265625 0.00859375 0.01875
7 0.2375 0.2234375 0.00546875 0.025
6 0.23984375 0.21875 0.00625 0.02421875
6 0.2453125 0.21796875 0.00546875 0.02421875
6 0.2515625 0.21953125 0.0046875 0.02578125
6 0.2734375 0.1890625 0.00546875 0.02421875
3 0.32421875 0.184375 0.01875 0.02578125
3 0.33046875 0.1640625 0.01484375 0.02421875
3 0.3375 0.1328125 0.0109375 0.01953125
3 0.34296875 0.121875 0.0125 0.0203125
3 0.346875 0.109375 0.01171875 0.021875
3 0.35078125 0.090625 0.01171875 0.0140625
6 0.346875 0.08828125 0.00390625 0.01796875
4 0.3609375 0.1046875 0.00390625 0.01328125
7 0.3609375 0.1015625 0.00390625 0.0140625
10 0.32734375 0.06328125 0.00859375 0.01796875
10 0.36015625 0.059375 0.0078125 0.01640625
3 0.36484375 0.04296875 0.00703125 0.01171875
6 0.36953125 0.04375 0.00234375 0.0109375
1 0.3703125 0.04453125 0.00234375 0.009375
3 0.3703125 0.02578125 0.00625 0.01015625
4 0.5640625 0.40859375 0.01328125 0.03203125
6 0.56328125 0.40234375 0.01015625 0.03046875
6 0.60546875 0.296875 0.0046875 0.0203125
6 0.59453125 0.28828125 0.009375 0.03125
8 0.3875 0.19140625 0.00859375 0.01796875
7 0.38828125 0.1875 0.0046875 0.0140625
6 0.3859375 0.1859375 0.0046875 0.01796875
3 0.4515625 0.071875 0.0078125 0.01171875
3 0.421875 0.05625 0.00859375 0.01171875
6 0.48984375 0.0734375 0.003125 0.0140625
8 0.475 0.05546875 0.0046875 0.009375
6 0.4734375 0.0546875 0.00234375 0.01328125
4 0.44375 0.06328125 0.00546875 0.00859375
7 0.44375 0.0609375 0.00390625 0.01328125
3 0.403125 0.03359375 0.00703125 0.01171875
6 0.44296875 0.04453125 0.003125 0.0109375
3 0.42890625 0.0265625 0.00546875 0.009375
3 0.5109375 0.03203125 0.00703125 0.01015625
3 0.50859375 0.0265625 0.01328125 0.00859375
3 0.49609375 0.0234375 0.00703125 0.00859375
10 0.415625 0.00390625 0.0046875 0.00703125
6 0.375 0.01328125 0.00234375 0.00625
6 0.11015625 0.390625 0.00703125 0.03359375
6 0.103125 0.38828125 0.01015625 0.03984375