6 0.278125 0.23671875 0.00703125 0.03515625
6 0.275 0.27265625 0.0078125 0.04375
6 0.25390625 0.2609375 0.00625 0.0390625
6 0.24609375 0.25859375 0.00703125 0.03359375
6 0.23359375 0.24453125 0.00859375 0.03828125
6 0.24453125 0.24765625 0.00703125 0.03046875
6 0.24609375 0.24296875 0.00390625 0.01484375
6 0.31015625 0.09765625 0.00390625 0.0140625
6 0.30625 0.09921875 0.00390625 0.01484375
6 0.30234375 0.09765625 0.003125 0.01796875
6 0.3125 0.08203125 0.00234375 0.01015625
6 0.31796875 0.06875 0.00234375 0.0109375
6 0.30625 0.08046875 0.0015625 0.01328125
6 0.3046875 0.08125 0.00234375 0.0140625
6 0.303125 0.08046875 0.00234375 0.01328125
6 0.30234375 0.07265625 0.00234375 0.01171875