1 0.06015625 0.79609375 0.1046875 0.0609375
1 0.05546875 0.8171875 0.1109375 0.0625
6 0.16875 0.74765625 0.134375 0.071875
1 0.14453125 0.753125 0.0984375 0.08125
1 0.15703125 0.73359375 0.0640625 0.0671875
7 0.03359375 0.6625 0.0671875 0.115625
6 0.25546875 0.690625 0.071875 0.0421875
3 0.17734375 0.65 0.1515625 0.140625
6 0.340625 0.63515625 0.053125 0.0296875
6 0.35 0.62578125 0.05 0.028125
3 0.10078125 0.4921875 0.2015625 0.196875
3 0.2734375 0.46171875 0.14375 0.115625
3 0.30078125 0.5421875 0.1046875 0.0890625
3 0.340625 0.54140625 0.0765625 0.065625
7 0.3359375 0.40390625 0.08125 0.05
4 0.31328125 0.39453125 0.0765625 0.0578125
7 0.25625 0.2765625 0.1296875 0.08125
1 0.20859375 0.2609375 0.125 0.0765625
1 0.409375 0.42265625 0.0453125 0.0328125
1 0.2625 0.67265625 0.0578125 0.0375
3 0.39296875 0.50234375 0.05625 0.05
7 0.41640625 0.45390625 0.04375 0.025
1 0.40703125 0.44921875 0.0359375 0.025