4 0.54765625 0.69296875 0.0328125 0.02890625
1 0.534375 0.659375 0.02421875 0.03046875
6 0.4703125 0.4296875 0.0046875 0.0203125
7 0.47578125 0.43125 0.00703125 0.0390625
4 0.48671875 0.44375 0.01875 0.01953125
6 0.44296875 0.421875 0.003125 0.021875
6 0.43359375 0.41953125 0.00390625 0.021875
7 0.33125 0.69296875 0.01171875 0.02109375
4 0.33125 0.68984375 0.0109375 0.03515625
8 0.21953125 0.66328125 0.02109375 0.05625
10 0.425 0.48828125 0.03046875 0.0796875
3 0.35546875 0.49921875 0.0296875 0.0890625
7 0.634375 0.2625 0.01015625 0.01953125
6 0.5953125 0.20703125 0.00625 0.028125
6 0.56484375 0.203125 0.00546875 0.0203125
6 0.39765625 0.3390625 0.00703125 0.03203125
7 0.31796875 0.47109375 0.009375 0.02890625
7 0.31640625 0.4640625 0.00390625 0.0140625
1 0.3171875 0.48046875 0.00703125 0.04140625
6 0.27109375 0.40703125 0.01171875 0.03203125
3 0.278125 0.37421875 0.025 0.06640625
8 0.26875 0.29375 0.03125 0.02890625
3 0.36796875 0.19921875 0.0203125 0.04296875
4 0.3859375 0.23203125 0.00703125 0.0234375
6 0.38828125 0.1390625 0.00390625 0.02421875
1 0.3859375 0.14296875 0.00625 0.01796875
6 0.384375 0.1328125 0.00390625 0.01953125
6 0.29921875 0.165625 0.00546875 0.0265625
1 0.296875 0.1671875 0.0046875 0.02109375
4 0.36484375 0.1359375 0.0046875 0.02421875
7 0.36796875 0.09453125 0.0046875 0.009375
6 0.2859375 0.1265625 0.00546875 0.0234375
7 0.32734375 0.07890625 0.0046875 0.01328125
8 0.32890625 0.084375 0.01015625 0.0234375
10 0.34375 0.04140625 0.01328125 0.03125
9 0.2734375 0.015625 0.01640625 0.03046875
3 0.134375 0.35390625 0.0484375 0.03984375
3 0.14375 0.30859375 0.05 0.0390625
10 0.16015625 0.26640625 0.03828125 0.04140625
10 0.1796875 0.2109375 0.03515625 0.03203125
3 0.01875 0.29609375 0.0375 0.0453125
10 0.04921875 0.2234375 0.05625 0.03984375
3 0.05625 0.20078125 0.04921875 0.028125
10 0.07109375 0.1734375 0.05546875 0.0484375
3 0.1375 0.0390625 0.03359375 0.02578125