6 0.4140625 0.6375 0.05625 0.0125
6 0.371875 0.56796875 0.0390625 0.0109375
6 0.321875 0.48125 0.04375 0.0109375
6 0.325 0.47265625 0.0453125 0.0109375
6 0.35546875 0.44609375 0.046875 0.009375
6 0.36328125 0.44140625 0.046875 0.0078125
6 0.35625 0.43203125 0.05 0.0109375
6 0.35390625 0.4265625 0.046875 0.0078125
6 0.27109375 0.58828125 0.0390625 0.0109375
6 0.25390625 0.57734375 0.034375 0.0078125
6 0.2515625 0.503125 0.034375 0.009375
6 0.24453125 0.53828125 0.0296875 0.0078125
7 0.35234375 0.88515625 0.0359375 0.0171875
4 0.3640625 0.884375 0.040625 0.015625
1 0.2328125 0.740625 0.028125 0.0109375
7 0.22734375 0.73984375 0.034375 0.0109375
7 0.1765625 0.740625 0.0203125 0.009375
6 0.475 0.3515625 0.05625 0.0171875
6 0.29296875 0.37109375 0.0375 0.0109375
6 0.19765625 0.45546875 0.028125 0.0078125
6 0.2203125 0.42734375 0.03125 0.0078125
6 0.221875 0.41328125 0.03125 0.0078125
6 0.25 0.38203125 0.034375 0.0078125
6 0.2515625 0.36875 0.0375 0.0109375
6 0.2625 0.36171875 0.0375 0.0109375
6 0.2703125 0.35546875 0.01875 0.00625
6 0.27890625 0.3390625 0.040625 0.0109375
6 0.2859375 0.325 0.0375 0.0078125
6 0.28828125 0.31328125 0.0359375 0.0109375
6 0.27734375 0.30703125 0.034375 0.0109375
6 0.2515625 0.346875 0.034375 0.0109375
6 0.25625 0.3390625 0.0359375 0.009375
6 0.2453125 0.334375 0.034375 0.0078125
7 0.26640625 0.33125 0.025 0.0140625
6 0.19921875 0.43046875 0.025 0.00625
6 0.21171875 0.42578125 0.03125 0.0078125
6 0.21328125 0.41796875 0.028125 0.0078125
6 0.20390625 0.415625 0.028125 0.0078125
6 0.203125 0.41953125 0.025 0.0078125
6 0.19921875 0.4203125 0.03125 0.0078125
6 0.20390625 0.42578125 0.0296875 0.00625
6 0.2328125 0.35859375 0.034375 0.0078125
6 0.23828125 0.35390625 0.028125 0.0078125
6 0.23671875 0.3390625 0.03125 0.0078125
6 0.2359375 0.34296875 0.03125 0.0046875
6 0.228125 0.35078125 0.025 0.00625
6 0.2328125 0.34609375 0.028125 0.0046875
6 0.20546875 0.33984375 0.028125 0.00625
6 0.1984375 0.3484375 0.0265625 0.00625
6 0.196875 0.340625 0.028125 0.00625
6 0.15390625 0.46171875 0.0203125 0.003125
7 0.1890625 0.53984375 0.021875 0.00625
6 0.15 0.31484375 0.021875 0.003125
6 0.15 0.303125 0.0203125 0.003125
6 0.15078125 0.28828125 0.021875 0.0046875
6 0.1375 0.2921875 0.015625 0.003125
6 0.13984375 0.30390625 0.01875 0.00625
6 0.14765625 0.42265625 0.025 0.0046875
6 0.14296875 0.440625 0.021875 0.003125
6 0.1484375 0.43828125 0.01875 0.003125
6 0.1484375 0.43359375 0.021875 0.003125
6 0.1453125 0.43359375 0.01875 0.003125
6 0.14921875 0.4296875 0.021875 0.003125
6 0.1515625 0.42890625 0.015625 0.003125
6 0.05703125 0.4703125 0.0140625 0.003125
7 0.05 0.45625 0.009375 0.003125
7 0.05703125 0.37890625 0.009375 0.003125
6 0.1140625 0.59921875 0.01875 0.0046875
7 0.07421875 0.61796875 0.00625 0.003125
6 0.09140625 0.73125 0.0203125 0.003125
4 0.090625 0.96171875 0.0125 0.0125
7 0.0859375 0.96171875 0.015625 0.0078125
1 0.6734375 0.7546875 0.0515625 0.0328125