9 0.70703125 0.03515625 0.0171875 0.04453125
3 0.69453125 0.025 0.01015625 0.028125
9 0.58984375 0.084375 0.03359375 0.0484375
9 0.57421875 0.09375 0.03359375 0.040625
10 0.59921875 0.15234375 0.01171875 0.0265625
3 0.5734375 0.140625 0.01484375 0.01875
3 0.5625 0.14765625 0.01328125 0.01953125
6 0.5515625 0.1796875 0.0046875 0.0109375
3 0.57109375 0.1890625 0.01171875 0.021875
6 0.53359375 0.27265625 0.00546875 0.01015625
9 0.52890625 0.2796875 0.0125 0.028125
10 0.4609375 0.42421875 0.0140625 0.028125
3 0.44375 0.43515625 0.01171875 0.02421875
3 0.425 0.47890625 0.01484375 0.025
3 0.428125 0.496875 0.0171875 0.03125
9 0.35390625 0.49609375 0.0359375 0.0703125
9 0.38125 0.43203125 0.02890625 0.06640625
9 0.6375 0.2265625 0.02734375 0.06328125
3 0.6546875 0.23984375 0.01484375 0.03359375
3 0.63828125 0.29296875 0.0171875 0.03984375
9 0.6015625 0.3265625 0.04921875 0.13359375
9 0.57890625 0.428125 0.02578125 0.053125
9 0.5953125 0.415625 0.0484375 0.11484375
3 0.5453125 0.46640625 0.0203125 0.04296875
9 0.56328125 0.48125 0.025 0.05
3 0.55 0.53984375 0.02109375 0.05
3 0.55 0.6046875 0.02421875 0.05546875
3 0.52890625 0.59609375 0.021875 0.0515625
3 0.50546875 0.6765625 0.021875 0.0515625
3 0.54296875 0.73203125 0.02890625 0.07578125
9 0.5171875 0.69921875 0.05078125 0.13984375
3 0.48671875 0.753125 0.0234375 0.0640625
3 0.21015625 0.8484375 0.0125 0.01953125
3 0.1578125 0.84140625 0.01015625 0.01328125
0 0.14140625 0.82578125 0.00703125 0.009375
7 0.1390625 0.8234375 0.003125 0.00390625
9 0.14453125 0.92578125 0.0125 0.01875
9 0.1375 0.88984375 0.015625 0.0203125
3 0.15078125 0.9640625 0.01171875 0.01640625
3 0.1171875 0.928125 0.009375 0.015625
3 0.1125 0.89921875 0.00859375 0.0140625
3 0.10703125 0.84375 0.00625 0.0109375
10 0.10078125 0.8328125 0.00625 0.01015625
3 0.09453125 0.846875 0.00546875 0.009375
3 0.090625 0.84375 0.00546875 0.009375
3 0.08828125 0.87890625 0.00625 0.01015625
3 0.08359375 0.89296875 0.00625 0.01015625
3 0.0765625 0.86484375 0.00546875 0.009375
3 0.08671875 0.83359375 0.0046875 0.00859375
3 0.0796875 0.82890625 0.0046875 0.00859375
3 0.06953125 0.834375 0.0046875 0.00859375
9 0.0625 0.84375 0.00625 0.0109375
3 0.065625 0.8578125 0.0046875 0.01015625
3 0.06171875 0.86953125 0.00390625 0.009375
3 0.05703125 0.86015625 0.00390625 0.00703125
3 0.05625 0.84140625 0.00390625 0.00859375
3 0.0625 0.8125 0.003125 0.00625
3 0.05546875 0.82734375 0.003125 0.00625
3 0.0515625 0.82578125 0.003125 0.00625
3 0.05 0.8359375 0.00390625 0.00703125
3 0.05 0.84609375 0.00390625 0.00703125
3 0.04765625 0.84375 0.00390625 0.00546875
3 0.040625 0.846875 0.00390625 0.00546875
3 0.0453125 0.8390625 0.00390625 0.00546875
3 0.04375 0.83125 0.00390625 0.0046875
3 0.03984375 0.8359375 0.003125 0.00390625
3 0.034375 0.8421875 0.00234375 0.003125
3 0.0453125 0.82578125 0.00390625 0.0046875
3 0.03984375 0.8296875 0.003125 0.00546875
3 0.04453125 0.821875 0.00390625 0.0046875
3 0.0484375 0.815625 0.003125 0.0046875
3 0.05078125 0.81015625 0.00234375 0.00546875
3 0.0296875 0.834375 0.00390625 0.00546875
3 0.0375 0.828125 0.00234375 0.00390625
3 0.034375 0.82890625 0.003125 0.00546875
3 0.03515625 0.82421875 0.003125 0.00546875
3 0.040625 0.821875 0.00234375 0.00546875
3 0.0421875 0.81640625 0.00234375 0.0046875
3 0.0453125 0.80859375 0.00234375 0.00546875
3 0.0359375 0.8078125 0.00234375 0.0046875
3 0.03203125 0.815625 0.00234375 0.00390625
3 0.02890625 0.815625 0.00234375 0.00390625
3 0.03203125 0.80546875 0.003125 0.00390625
3 0.02890625 0.82109375 0.00234375 0.0046875
3 0.025 0.82578125 0.00234375 0.00390625
3 0.02421875 0.82421875 0.00234375 0.00390625
3 0.0234375 0.82109375 0.00234375 0.0046875
3 0.065625 0.953125 0.00625 0.01484375
3 0.04375 0.92890625 0.00546875 0.01015625
3 0.04765625 0.9109375 0.00625 0.01015625
3 0.028125 0.9421875 0.00546875 0.00859375
3 0.0328125 0.92578125 0.0046875 0.009375
3 0.01953125 0.96328125 0.00390625 0.009375
9 0.01171875 0.9578125 0.01015625 0.01953125
3 0.01171875 0.946875 0.00546875 0.00859375
3 0.01484375 0.92421875 0.00546875 0.00859375
3 0.03125 0.91640625 0.00546875 0.00703125
3 0.03359375 0.9 0.00390625 0.00546875
3 0.0234375 0.89609375 0.003125 0.00546875
3 0.0203125 0.89453125 0.00390625 0.00703125
3 0.03046875 0.88828125 0.0046875 0.00625
3 0.028125 0.88671875 0.0046875 0.00703125
3 0.03203125 0.87890625 0.00390625 0.00859375
3 0.0265625 0.88203125 0.003125 0.00546875
3 0.0296875 0.871875 0.00390625 0.00546875
3 0.025 0.87578125 0.00390625 0.00625
3 0.0234375 0.871875 0.00234375 0.00625
3 0.01953125 0.88203125 0.00390625 0.00703125
3 0.01796875 0.8765625 0.00390625 0.0046875