3 0.90078125 0.44140625 0.03515625 0.06171875
3 0.75390625 0.5296875 0.03984375 0.0890625
3 0.65390625 0.59296875 0.040625 0.09453125
3 0.6125 0.6203125 0.03984375 0.09296875
3 0.471875 0.690625 0.03671875 0.11171875
3 0.3984375 0.1953125 0.02890625 0.078125
3 0.24921875 0.7875 0.03046875 0.11015625
3 0.19453125 0.81484375 0.03515625 0.11875
4 0.14609375 0.85078125 0.0125 0.03046875
6 0.1671875 0.89140625 0.0078125 0.0109375
4 0.171875 0.921875 0.01171875 0.0390625
7 0.1703125 0.95234375 0.015625 0.015625
7 0.18046875 0.9734375 0.01171875 0.01640625
3 0.11640625 0.86171875 0.03828125 0.11640625
3 0.06875 0.88203125 0.0359375 0.11875
3 0.0328125 0.90390625 0.03515625 0.125
0 0.13828125 0.6890625 0.04765625 0.04921875