6 0.17109375 0.128125 0.01015625 0.03046875
6 0.16484375 0.13203125 0.00625 0.0265625
6 0.10234375 0.24921875 0.0109375 0.0203125
6 0.11953125 0.28359375 0.0109375 0.03125
6 0.1140625 0.28359375 0.00859375 0.02890625
6 0.03125 0.65546875 0.01328125 0.0296875
6 0.02265625 0.65859375 0.01484375 0.02890625
6 0.34453125 0.546875 0.01015625 0.03828125
6 0.29140625 0.46953125 0.00859375 0.040625
6 0.35078125 0.403125 0.00703125 0.0359375
6 0.29609375 0.1328125 0.00546875 0.02109375
6 0.29296875 0.13203125 0.00390625 0.02109375
6 0.29921875 0.1046875 0.00546875 0.021875
6 0.29609375 0.09921875 0.00390625 0.02421875
6 0.2921875 0.09296875 0.00546875 0.02109375
6 0.29609375 0.08828125 0.0046875 0.0234375
6 0.30703125 0.1125 0.00703125 0.02890625
6 0.3140625 0.1078125 0.00703125 0.0265625
6 0.3078125 0.0828125 0.0046875 0.0234375
6 0.30234375 0.07890625 0.00546875 0.02109375
6 0.275 0.065625 0.00703125 0.0265625
6 0.3140625 0.084375 0.00546875 0.021875
6 0.36640625 0.10078125 0.00546875 0.0296875
6 0.36015625 0.12578125 0.01640625 0.03046875
6 0.36796875 0.06171875 0.00703125 0.0265625
6 0.359375 0.05078125 0.0046875 0.02890625
6 0.36015625 0.0453125 0.0046875 0.02421875
6 0.36015625 0.04296875 0.00546875 0.0296875
6 0.36875 0.0390625 0.00390625 0.0203125
6 0.36875 0.04375 0.003125 0.01953125