3 0.1171875 0.58046875 0.0265625 0.0265625
3 0.0484375 0.57109375 0.025 0.0234375
3 0.1171875 0.64453125 0.021875 0.01875
3 0.1296875 0.72265625 0.0203125 0.021875
3 0.0921875 0.57890625 0.021875 0.021875
3 0.428125 0.54140625 0.025 0.0453125
3 0.4765625 0.63046875 0.021875 0.034375
3 0.4578125 0.69296875 0.0171875 0.025
3 0.41484375 0.7 0.0171875 0.0265625
3 0.390625 0.77265625 0.0140625 0.0234375
3 0.440625 0.778125 0.0125 0.0203125
3 0.4046875 0.79296875 0.0125 0.0171875
3 0.409375 0.86953125 0.009375 0.0140625
3 0.41640625 0.87890625 0.009375 0.0140625
3 0.41015625 0.90390625 0.009375 0.0171875
10 0.37578125 0.896875 0.009375 0.0203125
2 0.35625 0.8984375 0.0171875 0.03125
3 0.49765625 0.7125 0.021875 0.0234375
3 0.39375 0.93359375 0.0078125 0.0109375
3 0.39453125 0.95546875 0.0078125 0.0109375
3 0.3890625 0.965625 0.0078125 0.0109375
3 0.38828125 0.9734375 0.00625 0.009375
10 0.4703125 0.86484375 0.0109375 0.0171875
10 0.48046875 0.87578125 0.0171875 0.015625
2 0.4921875 0.65625 0.040625 0.075
10 0.66875 0.53359375 0.0375 0.0375
10 0.6375 0.59453125 0.04375 0.0390625
10 0.61484375 0.62890625 0.0328125 0.0328125
3 0.60703125 0.64921875 0.0328125 0.0265625
3 0.6828125 0.49765625 0.0390625 0.0359375
3 0.56484375 0.721875 0.025 0.0234375
3 0.559375 0.73515625 0.028125 0.0203125
3 0.5484375 0.75 0.028125 0.0203125
10 0.5515625 0.7421875 0.0265625 0.0234375
10 0.55 0.765625 0.021875 0.021875
3 0.54140625 0.771875 0.021875 0.01875
3 0.51015625 0.7796875 0.015625 0.0171875
3 0.52109375 0.80703125 0.021875 0.0171875
3 0.51875 0.8125 0.025 0.01875
3 0.53203125 0.83203125 0.021875 0.021875
3 0.509375 0.82734375 0.0203125 0.015625
3 0.76640625 0.41875 0.05 0.0421875
3 0.6859375 0.32734375 0.034375 0.0625
10 0.84453125 0.284375 0.0515625 0.053125
4 0.71015625 0.32109375 0.015625 0.0328125
6 0.721875 0.31328125 0.0109375 0.025
7 0.703125 0.2765625 0.0140625 0.0328125
4 0.703125 0.2734375 0.021875 0.034375
7 0.60234375 0.53828125 0.0078125 0.0140625
7 0.58125 0.58671875 0.0046875 0.0109375
4 0.603125 0.53125 0.009375 0.0171875
4 0.58203125 0.58046875 0.0078125 0.0125
3 0.553125 0.67109375 0.0203125 0.028125
3 0.44140625 0.9375 0.0078125 0.0125
3 0.43515625 0.94765625 0.0078125 0.0109375
3 0.4296875 0.96015625 0.0078125 0.0078125
3 0.41875 0.96328125 0.00625 0.009375
3 0.4265625 0.96484375 0.0078125 0.0078125
3 0.42578125 0.96875 0.0046875 0.00625
6 0.43125 0.9234375 0.003125 0.00625
6 0.4328125 0.92890625 0.0046875 0.009375
7 0.4484375 0.84921875 0.0046875 0.009375
7 0.4671875 0.8515625 0.0046875 0.00625
7 0.490625 0.790625 0.0046875 0.009375
4 0.44921875 0.84296875 0.0046875 0.00625
4 0.46796875 0.84765625 0.0046875 0.00625
4 0.49296875 0.784375 0.0046875 0.00625
7 0.3390625 0.6359375 0.0046875 0.009375
7 0.35078125 0.64375 0.00625 0.009375
4 0.353125 0.6359375 0.0046875 0.009375
1 0.33984375 0.62890625 0.0046875 0.0109375
7 0.34296875 0.83203125 0.0046875 0.009375
4 0.34453125 0.82734375 0.0046875 0.00625
4 0.56875 0.7875 0.009375 0.0109375
4 0.57578125 0.775 0.0125 0.0140625
4 0.68828125 0.4796875 0.0109375 0.025
4 0.68046875 0.4734375 0.0109375 0.021875
4 0.67890625 0.60625 0.0125 0.0203125
4 0.54921875 0.80625 0.00625 0.0125
4 0.63828125 0.67578125 0.009375 0.0109375
4 0.603125 0.73359375 0.0109375 0.0125