3 0.08046875 0.33203125 0.06015625 0.06640625
10 0.13359375 0.4890625 0.0515625 0.03828125
3 0.225 0.484375 0.0671875 0.046875
10 0.31484375 0.484375 0.06484375 0.0515625
10 0.37578125 0.42578125 0.05390625 0.053125
3 0.428125 0.471875 0.06796875 0.05078125
6 0.44921875 0.509375 0.0109375 0.01875
6 0.50625 0.446875 0.00703125 0.0203125
6 0.52421875 0.43984375 0.00703125 0.0203125
0 0.53828125 0.4421875 0.03671875 0.04375
8 0.590625 0.434375 0.04765625 0.03359375
4 0.61484375 0.40859375 0.01796875 0.02109375
3 0.59375 0.23203125 0.0640625 0.053125
3 0.58984375 0.17890625 0.0625 0.053125
3 0.58359375 0.1234375 0.06484375 0.04921875
3 0.58125 0.06953125 0.06328125 0.05078125
3 0.57890625 0.0234375 0.046875 0.04609375
10 0.67890625 0.06875 0.02890625 0.103125
10 0.73984375 0.078125 0.03203125 0.1015625
3 0.69296875 0.25234375 0.034375 0.1046875
8 0.7546875 0.24921875 0.02578125 0.10859375
6 0.78203125 0.26328125 0.00703125 0.025
6 0.659375 0.37421875 0.01015625 0.02421875
3 0.69453125 0.41796875 0.0671875 0.0515625
6 0.865625 0.38359375 0.01171875 0.0265625
6 0.87890625 0.39609375 0.01015625 0.02890625
4 0.9109375 0.35546875 0.0265625 0.0234375
4 0.88046875 0.31796875 0.01015625 0.04609375