3 0.50703125 0.61171875 0.02421875 0.05390625
3 0.56484375 0.715625 0.0328125 0.0765625
3 0.50390625 0.4953125 0.01953125 0.03359375
3 0.47421875 0.453125 0.015625 0.02890625
3 0.48984375 0.4296875 0.01328125 0.02421875
3 0.5234375 0.3859375 0.021875 0.02109375
3 0.4703125 0.36328125 0.02109375 0.01796875
3 0.38359375 0.3328125 0.01796875 0.015625
3 0.4140625 0.3265625 0.01484375 0.015625
3 0.43125 0.2984375 0.01171875 0.01484375
3 0.396875 0.29453125 0.00859375 0.01796875
3 0.38515625 0.29453125 0.009375 0.01953125
3 0.40703125 0.28671875 0.0078125 0.01484375
3 0.38515625 0.271875 0.00859375 0.0140625
3 0.38125 0.2609375 0.00859375 0.0140625
2 0.41015625 0.265625 0.01953125 0.03515625
3 0.53671875 0.35390625 0.02109375 0.01875
3 0.55234375 0.34609375 0.021875 0.015625
3 0.521875 0.3140625 0.01796875 0.015625
3 0.534375 0.31328125 0.01171875 0.01796875
3 0.5546875 0.31796875 0.01953125 0.01328125
3 0.55390625 0.31484375 0.01875 0.01484375
3 0.5515625 0.309375 0.01484375 0.0140625
3 0.59140625 0.3078125 0.01953125 0.015625
3 0.5953125 0.31171875 0.0203125 0.01328125
3 0.5984375 0.31796875 0.0203125 0.0140625
4 0.49375 0.3359375 0.00546875 0.00859375
4 0.4734375 0.34375 0.00546875 0.00703125
4 0.48203125 0.33359375 0.00546875 0.00703125
4 0.46953125 0.32890625 0.00625 0.00703125
4 0.46484375 0.32578125 0.00625 0.009375
4 0.44296875 0.328125 0.0078125 0.01015625
4 0.35859375 0.37890625 0.00546875 0.009375
4 0.33125 0.390625 0.0078125 0.00859375
7 0.33125 0.38515625 0.0046875 0.0109375
7 0.35859375 0.37578125 0.003125 0.009375
7 0.44296875 0.32578125 0.003125 0.01171875
7 0.4734375 0.34140625 0.00390625 0.01015625
7 0.4640625 0.32265625 0.00390625 0.01015625
7 0.46953125 0.32578125 0.00390625 0.009375
7 0.48203125 0.3296875 0.00390625 0.009375
7 0.49375 0.33203125 0.00390625 0.0109375
6 0.50859375 0.31953125 0.003125 0.01015625
6 0.50234375 0.31484375 0.00234375 0.01328125
6 0.49296875 0.31328125 0.003125 0.01328125
6 0.5078125 0.31640625 0.003125 0.01328125
6 0.4703125 0.30703125 0.00390625 0.01328125
6 0.3390625 0.40546875 0.00390625 0.015625
6 0.3265625 0.3734375 0.00390625 0.0140625
6 0.55 0.4265625 0.0046875 0.01796875
6 0.53671875 0.48203125 0.00546875 0.01875
7 0.571875 0.61171875 0.00625 0.01328125
7 0.4390625 0.58203125 0.00703125 0.0140625
7 0.4203125 0.6234375 0.00703125 0.015625
7 0.3765625 0.7109375 0.01015625 0.025
4 0.41953125 0.63046875 0.00625 0.02109375
4 0.4390625 0.59296875 0.00703125 0.025
4 0.571875 0.61875 0.00625 0.01875
7 0.55078125 0.48828125 0.00859375 0.01484375
6 0.6203125 0.5765625 0.00859375 0.01875
6 0.61796875 0.57109375 0.01015625 0.0234375
6 0.61484375 0.56640625 0.01015625 0.01953125
6 0.3390625 0.81796875 0.00703125 0.02578125
6 0.36640625 0.709375 0.00546875 0.034375
6 0.3359375 0.6390625 0.00625 0.025
6 0.3421875 0.56328125 0.00546875 0.0234375
4 0.3609375 0.55390625 0.0046875 0.0203125
3 0.62421875 0.35390625 0.02265625 0.01484375
2 0.7125 0.35 0.03359375 0.03125