6 0.36640625 0.2265625 0.009375 0.0390625
10 0.43125 0.40078125 0.02578125 0.09609375
3 0.46875 0.39453125 0.03359375 0.11875
3 0.51328125 0.38203125 0.02890625 0.1109375
3 0.559375 0.3921875 0.03046875 0.115625
9 0.6125 0.37734375 0.04375 0.196875
3 0.6671875 0.3796875 0.03046875 0.11640625
3 0.70703125 0.44921875 0.034375 0.1140625
9 0.75 0.43671875 0.0453125 0.1453125
3 0.809375 0.42109375 0.03828125 0.11953125
10 0.90078125 0.39921875 0.04296875 0.10078125
0 0.93984375 0.40859375 0.03828125 0.0859375
4 0.95546875 0.4796875 0.01484375 0.0515625
5 0.940625 0.81953125 0.0359375 0.059375
3 0.79765625 0.8390625 0.046875 0.15625
3 0.7484375 0.84765625 0.03984375 0.153125
10 0.6953125 0.80859375 0.03359375 0.128125
3 0.6359375 0.809375 0.0390625 0.1515625
5 0.58203125 0.83203125 0.05234375 0.2
3 0.54140625 0.88671875 0.034375 0.11953125
3 0.46328125 0.8625 0.03828125 0.14921875
5 0.3109375 0.93828125 0.0203125 0.06796875