6 0.33359375 0.67421875 0.0546875 0.03125
6 0.22265625 0.6875 0.0546875 0.025
1 0.08984375 0.62890625 0.03125 0.015625
6 0.27421875 0.5828125 0.0375 0.0171875
6 0.30546875 0.5484375 0.025 0.0140625
6 0.3125 0.53125 0.01875 0.015625
6 0.35 0.47734375 0.015625 0.0140625
3 0.571875 0.40078125 0.053125 0.05
3 0.471875 0.521875 0.065625 0.071875
3 0.41171875 0.53984375 0.06875 0.071875
3 0.359375 0.55078125 0.0625 0.065625
3 0.29375 0.603125 0.0796875 0.0765625
3 0.3421875 0.52265625 0.0625 0.053125
3 0.39609375 0.4890625 0.0546875 0.0484375
3 0.375 0.46875 0.0484375 0.04375
3 0.4 0.42734375 0.0421875 0.0359375
3 0.46015625 0.428125 0.0484375 0.04375
3 0.4390625 0.40390625 0.0421875 0.0328125
3 0.5078125 0.39921875 0.046875 0.0390625
3 0.51640625 0.36328125 0.0390625 0.0328125
3 0.5265625 0.33359375 0.0359375 0.0265625
3 0.47734375 0.378125 0.0328125 0.0296875
3 0.4203125 0.3921875 0.0359375 0.0265625
3 0.43828125 0.36484375 0.0328125 0.0234375
3 0.46640625 0.35078125 0.0328125 0.0234375
3 0.50390625 0.31484375 0.0234375 0.0203125
3 0.45 0.34296875 0.0296875 0.0203125
3 0.4359375 0.31953125 0.021875 0.0140625
3 0.403125 0.365625 0.0265625 0.0203125
3 0.27890625 0.5078125 0.0609375 0.04375
3 0.08359375 0.5515625 0.0421875 0.0234375
3 0.09921875 0.5375 0.0328125 0.0203125
3 0.1140625 0.52421875 0.0375 0.0234375
3 0.134375 0.509375 0.0359375 0.0203125
3 0.20546875 0.45078125 0.034375 0.0171875
3 0.21640625 0.4421875 0.028125 0.0171875
3 0.25625 0.4125 0.01875 0.0109375
3 0.29921875 0.39765625 0.028125 0.0140625
3 0.30390625 0.38984375 0.025 0.0140625
3 0.3234375 0.375 0.028125 0.015625
10 0.26484375 0.403125 0.0203125 0.0109375
3 0.42578125 0.26953125 0.0125 0.009375