6 0.4765625 0.99765625 0.0046875 0.00390625
10 0.38828125 0.61328125 0.028125 0.02421875
10 0.4296875 0.621875 0.02578125 0.028125
10 0.46796875 0.6359375 0.028125 0.0265625
10 0.50625 0.64453125 0.03046875 0.02890625
7 0.50390625 0.60625 0.00546875 0.01328125
1 0.50390625 0.6109375 0.01015625 0.0140625
1 0.3515625 0.56953125 0.00390625 0.0140625
1 0.35546875 0.56796875 0.00546875 0.0140625
1 0.36796875 0.56640625 0.00546875 0.01171875
1 0.37265625 0.565625 0.00390625 0.0140625
7 0.4390625 0.6015625 0.0046875 0.0140625
7 0.4390625 0.609375 0.0046875 0.015625
8 0.4359375 0.60390625 0.01875 0.015625
1 0.43984375 0.615625 0.009375 0.0109375
6 0.60390625 0.6640625 0.00234375 0.01796875
10 0.621875 0.67890625 0.03359375 0.028125
4 0.7484375 0.60703125 0.00390625 0.01796875
4 0.7546875 0.61171875 0.00546875 0.01875
4 0.76328125 0.62109375 0.00546875 0.01484375
4 0.76875 0.62578125 0.00703125 0.01953125
4 0.77421875 0.63125 0.00703125 0.01484375
1 0.78125 0.6375 0.00625 0.015625
1 0.7875 0.6421875 0.00546875 0.0140625
4 0.79375 0.64609375 0.0109375 0.0109375
1 0.79609375 0.65390625 0.00546875 0.015625
1 0.80234375 0.65703125 0.00546875 0.015625
6 0.81484375 0.665625 0.00625 0.01640625
6 0.82421875 0.70390625 0.00546875 0.01953125
6 0.82578125 0.71015625 0.00625 0.0203125
6 0.8359375 0.7109375 0.00546875 0.01953125
6 0.83515625 0.70703125 0.00625 0.01953125
7 0.94921875 0.7515625 0.00625 0.015625
8 0.95390625 0.75625 0.02890625 0.025
3 0.146875 0.3796875 0.0171875 0.01484375
3 0.13359375 0.3765625 0.01796875 0.01875