3 0.17265625 0.178125 0.040625 0.0359375
3 0.184375 0.1296875 0.034375 0.0265625
3 0.18984375 0.15859375 0.0421875 0.034375
3 0.21640625 0.19765625 0.0375 0.028125
3 0.2203125 0.18671875 0.0390625 0.0296875
3 0.0984375 0.76015625 0.0875 0.14375
10 0.13515625 0.15703125 0.0421875 0.0390625
4 0.12890625 0.2078125 0.0203125 0.01875
4 0.13203125 0.19921875 0.01875 0.0140625
4 0.15234375 0.209375 0.0203125 0.0203125
4 0.18125 0.2296875 0.015625 0.015625
4 0.165625 0.21640625 0.0171875 0.0171875
0 0.23046875 0.259375 0.0328125 0.028125
0 0.209375 0.2390625 0.0328125 0.028125
7 0.1328125 0.1953125 0.0125 0.0203125
7 0.153125 0.203125 0.0109375 0.0171875
7 0.16953125 0.2078125 0.0109375 0.0171875
7 0.1859375 0.21484375 0.015625 0.025
7 0.23671875 0.25234375 0.0109375 0.0171875
7 0.2078125 0.228125 0.015625 0.021875
6 0.22890625 0.29453125 0.0125 0.025
6 0.15625 0.34609375 0.0203125 0.0375
6 0.15 0.340625 0.01875 0.034375
4 0.27734375 0.75703125 0.034375 0.0390625
7 0.2796875 0.74375 0.0296875 0.04375
3 0.3796875 0.4859375 0.040625 0.0578125
3 0.3984375 0.425 0.0328125 0.0453125
3 0.47421875 0.29765625 0.0375 0.0375
3 0.44765625 0.1109375 0.0140625 0.015625
3 0.4609375 0.0890625 0.009375 0.0109375
3 0.46015625 0.07578125 0.009375 0.0109375
3 0.4203125 0.2015625 0.0140625 0.01875
3 0.4328125 0.10625 0.0140625 0.01875
3 0.47421875 0.05390625 0.009375 0.0109375
3 0.484375 0.03359375 0.00625 0.0078125
3 0.48359375 0.0453125 0.00625 0.0078125
3 0.4890625 0.034375 0.00625 0.009375
3 0.490625 0.02578125 0.0046875 0.00625
10 0.42890625 0.184375 0.015625 0.0203125
10 0.4140625 0.21640625 0.021875 0.0296875
3 0.41875 0.16640625 0.0140625 0.01875
3 0.4203125 0.240625 0.028125 0.028125
3 0.41328125 0.18125 0.0140625 0.01875
3 0.42890625 0.11875 0.0140625 0.0171875
3 0.4703125 0.0625 0.0109375 0.0125
3 0.48046875 0.0515625 0.00625 0.0078125
3 0.48125 0.03984375 0.00625 0.0078125
10 0.45 0.265625 0.034375 0.0375
3 0.6046875 0.33828125 0.0359375 0.03125
3 0.6609375 0.3609375 0.0375 0.0328125
3 0.54921875 0.3390625 0.0421875 0.0375
3 0.575 0.3375 0.0359375 0.0296875
3 0.5703125 0.32265625 0.0328125 0.028125
3 0.64921875 0.38359375 0.04375 0.0375
3 0.7203125 0.40859375 0.0390625 0.0359375
6 0.4578125 0.834375 0.03125 0.053125
3 0.484375 0.0234375 0.0046875 0.00625
3 0.4734375 0.0375 0.0046875 0.00625
3 0.47890625 0.03046875 0.00625 0.0078125
3 0.4875 0.01875 0.0046875 0.0046875
6 0.41875 0.1109375 0.0078125 0.0140625
3 0.509375 0.0296875 0.0046875 0.0046875
3 0.51640625 0.0203125 0.0046875 0.0046875
3 0.51171875 0.021875 0.0046875 0.0046875
3 0.5109375 0.02578125 0.0046875 0.0046875
3 0.51328125 0.0171875 0.0046875 0.00625
3 0.5171875 0.01171875 0.0046875 0.00625
3 0.51484375 0.0078125 0.0046875 0.0046875
3 0.51640625 0.01640625 0.0046875 0.0046875
3 0.51796875 0.00703125 0.0046875 0.0046875
3 0.5171875 0.00390625 0.0046875 0.0046875
3 0.51875 0.003125 0.0046875 0.0046875
3 0.51796875 0.00078125 0.0046875 0.0015625
3 0.5140625 0.0265625 0.0046875 0.00625
3 0.5109375 0.02578125 0.0046875 0.0046875
4 0.45234375 0.403125 0.015625 0.0234375
4 0.465625 0.40390625 0.015625 0.025
7 0.45546875 0.4 0.0109375 0.0140625
7 0.46796875 0.39765625 0.00625 0.009375
4 0.60625 0.40078125 0.0390625 0.0359375
7 0.61015625 0.39453125 0.0140625 0.0171875