3 0.25859375 0.8234375 0.02421875 0.03828125
3 0.32265625 0.69609375 0.01796875 0.03359375
3 0.3390625 0.66640625 0.01640625 0.02890625
3 0.30546875 0.58828125 0.01015625 0.0234375
3 0.31796875 0.58203125 0.009375 0.02578125
3 0.34921875 0.565625 0.01328125 0.02421875
3 0.37109375 0.55078125 0.0125 0.01640625
3 0.40703125 0.60859375 0.01484375 0.0265625
3 0.4046875 0.57109375 0.0140625 0.02421875
3 0.190625 0.68046875 0.01796875 0.0265625
3 0.13125 0.60234375 0.0140625 0.02109375
3 0.14921875 0.65859375 0.01640625 0.028125
3 0.13359375 0.6890625 0.01640625 0.03203125
3 0.1171875 0.6953125 0.01640625 0.03125
3 0.1828125 0.590625 0.01796875 0.02109375
3 0.24765625 0.603125 0.01640625 0.02109375
3 0.23125 0.584375 0.0203125 0.015625
3 0.23046875 0.56640625 0.01796875 0.02109375
3 0.1453125 0.71875 0.0171875 0.03359375
3 0.10234375 0.703125 0.01484375 0.0359375
10 0.171875 0.6984375 0.0171875 0.02890625
10 0.11875 0.65546875 0.01875 0.03671875
10 0.1859375 0.621875 0.01796875 0.01953125
3 0.1609375 0.63359375 0.015625 0.02421875
9 0.128125 0.7359375 0.0171875 0.03671875
9 0.13671875 0.81015625 0.028125 0.0703125
2 0.15625 0.78046875 0.0484375 0.1
9 0.10625 0.55546875 0.0296875 0.05546875
3 0.1265625 0.55546875 0.01484375 0.021875
3 0.09765625 0.515625 0.01171875 0.01796875
8 0.090625 0.48671875 0.00859375 0.0140625
4 0.07421875 0.5671875 0.01171875 0.00859375
4 0.246875 0.57578125 0.00234375 0.01171875
3 0.1796875 0.58125 0.0203125 0.01953125
3 0.21953125 0.5515625 0.0171875 0.01796875
3 0.225 0.559375 0.0171875 0.02109375
3 0.21328125 0.54609375 0.01640625 0.0203125
3 0.1890625 0.52578125 0.01328125 0.01484375
3 0.2 0.50703125 0.01328125 0.015625
3 0.1703125 0.56328125 0.02109375 0.0234375
3 0.17421875 0.57421875 0.01953125 0.01875
3 0.16484375 0.55546875 0.01796875 0.01953125
3 0.153125 0.54609375 0.0171875 0.0203125
10 0.196875 0.52890625 0.01640625 0.01640625
10 0.18359375 0.52109375 0.0140625 0.01640625
10 0.159375 0.5484375 0.01796875 0.0234375
9 0.15859375 0.52421875 0.021875 0.02109375
9 0.17578125 0.51328125 0.02421875 0.0296875
6 0.20078125 0.565625 0.003125 0.01171875
6 0.21015625 0.56875 0.003125 0.0109375
4 0.19609375 0.58828125 0.00703125 0.01171875
4 0.2015625 0.58984375 0.003125 0.01328125
4 0.1734375 0.5359375 0.00234375 0.009375
4 0.1828125 0.53671875 0.0046875 0.00703125
7 0.1734375 0.53359375 0.00234375 0.00546875
4 0.2015625 0.565625 0.0078125 0.009375
6 0.08359375 0.4484375 0.00234375 0.01015625
6 0.115625 0.4484375 0.0015625 0.00859375
6 0.12421875 0.446875 0.00234375 0.00859375
6 0.1140625 0.45078125 0.0015625 0.00546875
0 0.06875 0.4234375 0.00234375 0.01171875
3 0.08203125 0.37578125 0.00546875 0.009375
3 0.06640625 0.346875 0.00546875 0.00859375
3 0.07109375 0.31015625 0.00390625 0.00703125
3 0.11640625 0.321875 0.00390625 0.00859375
3 0.10234375 0.328125 0.01171875 0.00859375
3 0.53203125 0.79765625 0.0171875 0.0453125
3 0.571875 0.78671875 0.01640625 0.0390625
3 0.58671875 0.79765625 0.015625 0.03828125
3 0.61875 0.83125 0.01796875 0.040625
3 0.63515625 0.85078125 0.01796875 0.0453125
10 0.38046875 0.5421875 0.01171875 0.0234375
10 0.4640625 0.43203125 0.00859375 0.01640625
3 0.40625 0.53984375 0.01484375 0.0203125
10 0.43828125 0.540625 0.01015625 0.0234375
9 0.425 0.525 0.03359375 0.071875
9 0.46328125 0.48203125 0.03125 0.06796875
9 0.49140625 0.43984375 0.0109375 0.021875
9 0.48671875 0.4015625 0.00859375 0.01796875
3 0.53046875 0.34140625 0.00625 0.00859375
3 0.50625 0.375 0.0078125 0.0109375
3 0.55078125 0.315625 0.00546875 0.00703125
3 0.5609375 0.3015625 0.0046875 0.00703125
3 0.55546875 0.31015625 0.0046875 0.00703125
3 0.51171875 0.365625 0.00625 0.0109375
3 0.51796875 0.36171875 0.00703125 0.00859375
3 0.5203125 0.35390625 0.00703125 0.01015625
3 0.49375 0.39296875 0.00625 0.01015625
3 0.534375 0.3359375 0.00546875 0.00859375
3 0.5390625 0.33203125 0.00546875 0.00859375
3 0.56796875 0.29296875 0.00390625 0.00625
6 0.5140625 0.3859375 0.0015625 0.00703125
6 0.51640625 0.3859375 0.00234375 0.00859375
10 0.521875 0.6328125 0.02265625 0.025
10 0.52578125 0.6234375 0.0171875 0.01953125
10 0.5359375 0.5890625 0.01875 0.01328125
10 0.53984375 0.56875 0.01640625 0.01875
10 0.5265625 0.61875 0.01953125 0.02109375
3 0.5328125 0.6125 0.01953125 0.02109375
3 0.54375 0.56640625 0.01640625 0.01953125
3 0.590625 0.59921875 0.02109375 0.02109375
3 0.5875 0.609375 0.01796875 0.015625
3 0.5859375 0.63046875 0.02265625 0.01875
3 0.5828125 0.640625 0.02265625 0.01796875
3 0.57421875 0.66328125 0.02265625 0.02109375
3 0.58203125 0.65078125 0.02421875 0.01796875
10 0.59296875 0.5890625 0.021875 0.0234375
9 0.58828125 0.61875 0.021875 0.01796875
9 0.5328125 0.60234375 0.01953125 0.01796875
0 0.55390625 0.5375 0.01328125 0.02109375
6 0.44140625 0.7515625 0.00234375 0.0140625
6 0.428125 0.85078125 0.0046875 0.0140625
7 0.43203125 0.90625 0.00390625 0.01015625
7 0.3640625 0.890625 0.00703125 0.0140625
4 0.365625 0.89140625 0.00703125 0.03046875
4 0.43125 0.9109375 0.0046875 0.0203125
6 0.47890625 0.69375 0.00390625 0.01171875
7 0.44140625 0.6578125 0.003125 0.00859375
4 0.440625 0.66015625 0.00390625 0.0109375
10 0.3375 0.7078125 0.01640625 0.0359375
3 0.32890625 0.57578125 0.0109375 0.025
10 0.33828125 0.56875 0.01015625 0.02578125
3 0.321875 0.540625 0.0140625 0.01875
10 0.33671875 0.528125 0.01484375 0.01640625
10 0.34921875 0.51171875 0.01328125 0.01640625
10 0.35078125 0.50078125 0.01328125 0.01875
6 0.38515625 0.5171875 0.00234375 0.00859375
6 0.30078125 0.5453125 0.00234375 0.00703125
6 0.2984375 0.54609375 0.0015625 0.01015625
4 0.30234375 0.559375 0.00546875 0.0109375
4 0.36171875 0.55078125 0.00234375 0.01015625
3 0.3640625 0.50078125 0.0140625 0.015625
3 0.34140625 0.51796875 0.01484375 0.01328125
3 0.328125 0.53515625 0.01484375 0.01640625
0 0.39140625 0.5609375 0.00546875 0.01796875
9 0.35625 0.66328125 0.02265625 0.040625
9 0.38984375 0.640625 0.01796875 0.04140625
9 0.35390625 0.6328125 0.0171875 0.03828125
9 0.3828125 0.60625 0.03046875 0.0703125
2 0.36484375 0.6890625 0.0328125 0.07109375
3 0.4765625 0.4390625 0.00859375 0.01484375
3 0.47265625 0.4234375 0.00859375 0.0140625
4 0.4453125 0.475 0.00390625 0.009375
4 0.45 0.465625 0.00546875 0.00859375
7 0.44609375 0.47265625 0.00234375 0.00625
7 0.44921875 0.46328125 0.00234375 0.00625
3 0.6125 0.25546875 0.003125 0.00625
3 0.61171875 0.24609375 0.00390625 0.00546875
7 0.440625 0.4859375 0.00390625 0.00625
3 0.05859375 0.30859375 0.01171875 0.00859375
3 0.084375 0.24140625 0.003125 0.00546875
3 0.08515625 0.25859375 0.00234375 0.0046875
3 0.0828125 0.275 0.0046875 0.00546875
9 0.42578125 0.56328125 0.02109375 0.04921875
4 0.31328125 0.69375 0.0046875 0.01171875
7 0.31328125 0.690625 0.00390625 0.00625