3 0.35390625 0.7375 0.03203125 0.115625
3 0.3125 0.74140625 0.02734375 0.115625
3 0.3078125 0.60859375 0.0234375 0.08671875
3 0.33828125 0.6015625 0.02578125 0.09140625
3 0.33359375 0.503125 0.02109375 0.06953125
3 0.359375 0.475 0.02265625 0.06875
3 0.425 0.64375 0.034375 0.0890625
3 0.4046875 0.5453125 0.02421875 0.078125
3 0.3890625 0.45546875 0.02421875 0.075
3 0.3234375 0.403125 0.02109375 0.05546875
3 0.35234375 0.41015625 0.02265625 0.0484375
3 0.2953125 0.378125 0.01953125 0.06875
3 0.28828125 0.2609375 0.01484375 0.0359375
3 0.29375 0.09609375 0.0109375 0.0296875
3 0.33203125 0.06015625 0.00859375 0.01640625
3 0.29453125 0.03359375 0.009375 0.01796875
3 0.5171875 0.303125 0.03671875 0.03671875
3 0.53984375 0.365625 0.0359375 0.04296875
4 0.27265625 0.75546875 0.009375 0.03515625
4 0.2421875 0.76875 0.0109375 0.04453125
4 0.20859375 0.91953125 0.0140625 0.04921875
4 0.178125 0.86875 0.0140625 0.03828125
7 0.240625 0.75234375 0.0078125 0.0359375
7 0.2734375 0.74296875 0.0078125 0.025
7 0.178125 0.853125 0.01015625 0.03125
7 0.209375 0.89375 0.009375 0.04375
7 0.23671875 0.82890625 0.00859375 0.03125
7 0.25 0.871875 0.00703125 0.03125
1 0.25 0.89453125 0.01171875 0.040625
1 0.2359375 0.8484375 0.0109375 0.04296875
2 0.38828125 0.6453125 0.0625 0.23125