6 0.6 0.57578125 0.0234375 0.07578125
6 0.39140625 0.5546875 0.01484375 0.0703125
6 0.4421875 0.60703125 0.0234375 0.08125
6 0.403125 0.63828125 0.01640625 0.08359375
6 0.421875 0.63828125 0.01796875 0.059375
6 0.3203125 0.63515625 0.01640625 0.0796875
6 0.30546875 0.5515625 0.01484375 0.0734375
6 0.2796875 0.54140625 0.01484375 0.05390625
7 0.29609375 0.5359375 0.01875 0.0453125
6 0.33671875 0.6359375 0.01484375 0.059375
6 0.2578125 0.48828125 0.01484375 0.0703125
6 0.28125 0.490625 0.01796875 0.06640625
7 0.3125 0.509375 0.02265625 0.0640625
4 0.31796875 0.51953125 0.03984375 0.05625
6 0.425 0.57265625 0.01484375 0.0765625
6 0.66171875 0.7265625 0.01875 0.05546875
6 0.6875 0.71015625 0.0296875 0.0890625
10 0.0390625 0.42421875 0.07734375 0.11171875
1 0.6953125 0.43984375 0.0328125 0.03515625
4 0.68984375 0.415625 0.03046875 0.034375
1 0.70234375 0.4015625 0.02734375 0.034375
1 0.6890625 0.3578125 0.02578125 0.0265625
1 0.68828125 0.35078125 0.0328125 0.025
4 0.6453125 0.28125 0.01171875 0.025
1 0.66015625 0.2859375 0.01328125 0.034375
1 0.6703125 0.2890625 0.00859375 0.03046875
1 0.68203125 0.29140625 0.01171875 0.0265625
1 0.6875 0.2921875 0.00859375 0.03203125
1 0.69453125 0.29296875 0.009375 0.03125
1 0.63203125 0.2796875 0.00703125 0.03359375
1 0.62578125 0.28046875 0.009375 0.03203125
1 0.715625 0.48046875 0.0140625 0.0515625
6 0.28203125 0.5203125 0.01640625 0.06328125