3 0.24140625 0.015625 0.1078125 0.03125
3 0.91640625 0.4671875 0.0515625 0.0328125
3 0.97421875 0.4859375 0.0390625 0.025
3 0.96328125 0.56796875 0.0359375 0.0234375
3 0.89140625 0.5515625 0.0375 0.0265625
3 0.75859375 0.521875 0.0703125 0.0390625
3 0.8390625 0.54140625 0.040625 0.028125
3 0.9265625 0.56015625 0.0375 0.0265625
4 0.99453125 0.50390625 0.0109375 0.0234375
4 0.86015625 0.52734375 0.0203125 0.0125
3 0.57265625 0.4734375 0.0828125 0.0515625
3 0.47265625 0.45390625 0.0984375 0.0625
6 0.6125 0.4953125 0.0234375 0.0140625
3 0.51328125 0.6140625 0.04375 0.0296875
3 0.66015625 0.66875 0.0296875 0.0265625
4 0.36796875 0.60625 0.0609375 0.040625