3 0.61796875 0.7796875 0.0078125 0.009375
3 0.62578125 0.82734375 0.003125 0.00625
3 0.64375 0.79453125 0.003125 0.009375
3 0.64453125 0.77890625 0.0046875 0.009375
3 0.64609375 0.76953125 0.003125 0.009375
3 0.65078125 0.7515625 0.00625 0.009375
3 0.65859375 0.74140625 0.0078125 0.0125
3 0.6546875 0.76171875 0.00625 0.0125
3 0.646875 0.78671875 0.003125 0.00625
3 0.63046875 0.7828125 0.00625 0.009375
9 0.665625 0.70546875 0.0171875 0.04375
9 0.67109375 0.7265625 0.0109375 0.0234375
3 0.67890625 0.70078125 0.009375 0.015625
3 0.69296875 0.5890625 0.0140625 0.03125
3 0.7046875 0.603125 0.0140625 0.025
3 0.7359375 0.63828125 0.009375 0.01875
3 0.7234375 0.67578125 0.00625 0.01875
9 0.66640625 0.7703125 0.0125 0.0296875
10 0.7125 0.759375 0.0125 0.0125
10 0.74921875 0.7484375 0.0109375 0.0125
3 0.74609375 0.7515625 0.009375 0.009375
3 0.69375 0.7859375 0.009375 0.00625
3 0.709375 0.7921875 0.009375 0.00625
3 0.6890625 0.79140625 0.00625 0.00625
9 0.6625 0.81015625 0.0109375 0.0125
3 0.76015625 0.28203125 0.0359375 0.08125
5 0.35546875 0.57890625 0.08125 0.046875
5 0.61015625 0.5921875 0.0421875 0.146875
9 0.60703125 0.48984375 0.0234375 0.04375
4 0.83203125 0.12734375 0.0140625 0.04375
4 0.41171875 0.37109375 0.009375 0.021875
7 0.40859375 0.37734375 0.009375 0.01875
7 0.534375 0.6484375 0.00625 0.0109375
9 0.52109375 0.721875 0.00625 0.0140625
9 0.5328125 0.73359375 0.015625 0.0375
9 0.5890625 0.8484375 0.003125 0.009375
3 0.54296875 0.7671875 0.0046875 0.009375
4 0.74921875 0.50546875 0.00625 0.0203125
4 0.69296875 0.646875 0.0046875 0.015625
6 0.7046875 0.68828125 0.003125 0.0109375
6 0.7328125 0.69921875 0.003125 0.009375
7 0.8703125 0.0421875 0.0109375 0.028125
7 0.8765625 0.03046875 0.0109375 0.0265625
7 0.83515625 0.12734375 0.009375 0.0203125
7 0.83359375 0.13515625 0.0109375 0.025
10 0.721875 0.78359375 0.009375 0.00625
1 0.703125 0.71328125 0.00625 0.009375
3 0.68828125 0.8140625 0.00625 0.00625
3 0.68671875 0.81640625 0.00625 0.00625