3 0.353125 0.434375 0.003125 0.003125
3 0.35078125 0.43671875 0.00625 0.0046875
3 0.3515625 0.4390625 0.00625 0.0046875
3 0.35625 0.4375 0.003125 0.003125
3 0.35390625 0.44609375 0.0015625 0.0015625
3 0.36015625 0.440625 0.0015625 0.003125
3 0.36171875 0.4421875 0.003125 0.003125
3 0.35859375 0.44453125 0.0015625 0.003125
10 0.36796875 0.4328125 0.0046875 0.00625
3 0.365625 0.43984375 0.0015625 0.003125
3 0.37265625 0.42734375 0.0046875 0.0046875
2 0.3703125 0.4484375 0.0046875 0.0046875
6 0.36171875 0.16328125 0.009375 0.025
6 0.36796875 0.16875 0.01875 0.0421875
6 0.125 0.23984375 0.0078125 0.0203125
6 0.13046875 0.240625 0.0078125 0.01875
6 0.23828125 0.33828125 0.00625 0.0125
7 0.32890625 0.33125 0.00625 0.0109375
6 0.3046875 0.384375 0.0046875 0.009375
6 0.30859375 0.38828125 0.0046875 0.009375
6 0.353125 0.384375 0.0046875 0.009375
7 0.4015625 0.39609375 0.0046875 0.00625
0 0.40234375 0.39140625 0.0046875 0.00625
3 0.38203125 0.43046875 0.0078125 0.0078125
3 0.38671875 0.42734375 0.00625 0.0078125
3 0.3890625 0.42109375 0.0109375 0.0078125
3 0.3921875 0.41796875 0.0109375 0.0078125
3 0.40234375 0.4140625 0.0140625 0.009375
3 0.40703125 0.40390625 0.0140625 0.0125
3 0.4109375 0.396875 0.0078125 0.0125
3 0.4265625 0.42109375 0.0109375 0.0078125
3 0.4375 0.375 0.0125 0.015625
3 0.3546875 0.4171875 0.0046875 0.0046875
3 0.353125 0.4203125 0.0046875 0.00625
3 0.3515625 0.42265625 0.0046875 0.00625
3 0.36015625 0.41875 0.0046875 0.00625
3 0.3703125 0.41796875 0.0046875 0.00625
3 0.37421875 0.41640625 0.0046875 0.00625
3 0.375 0.42109375 0.003125 0.003125
3 0.378125 0.41953125 0.0046875 0.00625
3 0.37578125 0.4125 0.0046875 0.00625
3 0.38046875 0.409375 0.00625 0.0078125
3 0.36484375 0.4109375 0.00625 0.0109375
9 0.35859375 0.39765625 0.0078125 0.0109375
3 0.365625 0.39296875 0.0078125 0.0109375
3 0.3671875 0.3984375 0.0078125 0.0109375
3 0.359375 0.37109375 0.0078125 0.0125
3 0.36796875 0.37578125 0.0078125 0.0109375
3 0.3703125 0.37109375 0.0078125 0.0125
3 0.36875 0.3625 0.0078125 0.0125
3 0.36171875 0.35703125 0.0109375 0.0140625
3 0.37421875 0.35703125 0.0125 0.0171875
3 0.36328125 0.35234375 0.0125 0.0171875
3 0.37265625 0.34609375 0.0109375 0.0171875
3 0.378125 0.33671875 0.0140625 0.0203125
3 0.37890625 0.32421875 0.0140625 0.0203125
3 0.38515625 0.31171875 0.015625 0.0203125
3 0.3875 0.2984375 0.0171875 0.0265625
3 0.378125 0.3765625 0.0078125 0.0109375
3 0.38125 0.36953125 0.0078125 0.0109375
3 0.38515625 0.36015625 0.009375 0.0140625
3 0.38984375 0.353125 0.0109375 0.0171875
9 0.3890625 0.34921875 0.015625 0.0296875
3 0.390625 0.33359375 0.0140625 0.0203125
3 0.3984375 0.32578125 0.0140625 0.025
3 0.403125 0.3125 0.0140625 0.0203125
3 0.41015625 0.29609375 0.021875 0.0328125
3 0.409375 0.35546875 0.0125 0.0140625
3 0.4140625 0.34140625 0.015625 0.0203125
3 0.38984375 0.38125 0.0078125 0.0125
3 0.39765625 0.3859375 0.0078125 0.0109375
3 0.43359375 0.32578125 0.0171875 0.021875
3 0.45078125 0.26796875 0.025 0.03125
3 0.41796875 0.26875 0.021875 0.034375
3 0.3953125 0.26953125 0.01875 0.028125
3 0.40078125 0.24296875 0.028125 0.046875
3 0.4296875 0.23828125 0.025 0.040625
3 0.40703125 0.2078125 0.0296875 0.0546875
3 0.43984375 0.20078125 0.028125 0.046875
3 0.2625 0.33125 0.0203125 0.015625
6 0.24140625 0.346875 0.0046875 0.009375
9 0.2796875 0.3484375 0.03125 0.025
3 0.28828125 0.3375 0.0203125 0.015625
3 0.32578125 0.3484375 0.021875 0.0171875
3 0.31328125 0.35625 0.0171875 0.0125
3 0.31875 0.3609375 0.0171875 0.0125
3 0.3203125 0.3640625 0.0140625 0.0125
3 0.33515625 0.36484375 0.0171875 0.0140625
3 0.34296875 0.37265625 0.0140625 0.0125
3 0.32421875 0.36640625 0.0140625 0.0125
3 0.32109375 0.36875 0.0140625 0.0125
3 0.32734375 0.371875 0.0140625 0.0125
3 0.3265625 0.375 0.0140625 0.0125
3 0.32578125 0.38046875 0.0140625 0.0125
3 0.3265625 0.38359375 0.0140625 0.0125
3 0.32734375 0.3859375 0.0140625 0.0125
3 0.3296875 0.3875 0.0140625 0.0125
3 0.33046875 0.390625 0.0140625 0.0125
3 0.33046875 0.3953125 0.0140625 0.0125
3 0.33046875 0.39375 0.0140625 0.0125
3 0.32890625 0.396875 0.0140625 0.0125
3 0.33125 0.4 0.0140625 0.0125
3 0.33203125 0.40234375 0.0140625 0.0125
3 0.3328125 0.4078125 0.0140625 0.0125
3 0.33125 0.40625 0.0140625 0.0125
3 0.34375 0.4109375 0.0140625 0.0125
3 0.34453125 0.40703125 0.0140625 0.0125
3 0.34453125 0.40390625 0.0140625 0.0125
3 0.3453125 0.40078125 0.0140625 0.0125
3 0.34375 0.3984375 0.0140625 0.0125
3 0.34453125 0.39453125 0.0140625 0.0125
3 0.34453125 0.390625 0.0140625 0.0125
3 0.34453125 0.3859375 0.0140625 0.0125
3 0.3421875 0.3828125 0.0140625 0.0125
3 0.34296875 0.378125 0.0140625 0.0140625
3 0.3078125 0.36640625 0.0078125 0.0109375
3 0.30078125 0.3703125 0.009375 0.0109375
3 0.2953125 0.38046875 0.0125 0.0078125
3 0.29765625 0.3828125 0.0125 0.0109375
10 0.29765625 0.38828125 0.0140625 0.0125
3 0.3015625 0.390625 0.0109375 0.0125
3 0.303125 0.39375 0.0109375 0.0109375
3 0.30546875 0.3953125 0.0109375 0.0109375
3 0.30625 0.3984375 0.0109375 0.0078125
3 0.3078125 0.40078125 0.0109375 0.0078125
3 0.3078125 0.4046875 0.0140625 0.009375
3 0.3171875 0.39921875 0.0078125 0.0078125
3 0.31484375 0.3890625 0.0078125 0.0109375
3 0.31171875 0.38125 0.0078125 0.0078125
6 0.18828125 0.196875 0.0125 0.03125
6 0.18125 0.19375 0.0125 0.028125
6 0.17109375 0.19140625 0.0125 0.028125
9 0.18515625 0.321875 0.0359375 0.03125
3 0.134375 0.30625 0.0265625 0.0171875
3 0.1375 0.29921875 0.0265625 0.0171875
3 0.13359375 0.29453125 0.0265625 0.0171875
3 0.12265625 0.28671875 0.0265625 0.0171875
3 0.109375 0.28125 0.0265625 0.0171875
3 0.1015625 0.27265625 0.0265625 0.0171875
3 0.0921875 0.2640625 0.028125 0.01875
3 0.07734375 0.25390625 0.028125 0.01875
3 0.06328125 0.24375 0.0296875 0.025
3 0.06796875 0.19921875 0.028125 0.03125
3 0.13203125 0.23125 0.0328125 0.0296875
3 0.15625 0.2390625 0.0328125 0.03125
3 0.175 0.24375 0.0296875 0.0296875
3 0.13671875 0.190625 0.0421875 0.0421875
3 0.16328125 0.1953125 0.040625 0.0375
3 0.19375 0.24296875 0.0296875 0.0296875
3 0.2125 0.2484375 0.0296875 0.0296875
3 0.2359375 0.253125 0.028125 0.03125
3 0.2578125 0.26015625 0.0265625 0.0296875
3 0.1890625 0.20390625 0.0390625 0.034375
3 0.2046875 0.1984375 0.0359375 0.0375
3 0.2265625 0.20703125 0.034375 0.0359375
3 0.2578125 0.18671875 0.05625 0.0453125
3 0.2671875 0.20859375 0.05 0.040625
3 0.27734375 0.265625 0.021875 0.0234375
3 0.28203125 0.2453125 0.0421875 0.0328125
3 0.29609375 0.26015625 0.0390625 0.03125