3 0.3265625 0.840625 0.090625 0.2640625
10 0.05234375 0.878125 0.10078125 0.1890625
6 0.4765625 0.86171875 0.02265625 0.1234375
6 0.57890625 0.7203125 0.02734375 0.09296875
6 0.484375 0.553125 0.01953125 0.0734375
6 0.4953125 0.35703125 0.01796875 0.05625
6 0.5359375 0.34921875 0.01171875 0.05
3 0.58984375 0.653125 0.06640625 0.16953125
3 0.4265625 0.6703125 0.06796875 0.1609375
3 0.3734375 0.56015625 0.0671875 0.13671875
3 0.44375 0.540625 0.0515625 0.10859375
3 0.275 0.50625 0.07109375 0.11640625
3 0.0390625 0.484375 0.078125 0.10859375
3 0.33359375 0.3953125 0.05234375 0.08671875
3 0.44296875 0.45078125 0.046875 0.08359375
3 0.6484375 0.525 0.08203125 0.08359375
3 0.678125 0.36484375 0.05078125 0.05703125
3 0.64375 0.30859375 0.0703125 0.05859375
3 0.57578125 0.39609375 0.03671875 0.06796875
3 0.57578125 0.33828125 0.03828125 0.06171875
3 0.36484375 0.34140625 0.040625 0.0703125
3 0.3890625 0.30390625 0.02578125 0.05390625
3 0.40859375 0.27421875 0.03515625 0.04921875
3 0.4234375 0.2484375 0.03046875 0.0390625
3 0.43359375 0.22578125 0.02265625 0.0359375
3 0.45703125 0.296875 0.03125 0.05859375
3 0.4796875 0.23828125 0.02265625 0.0390625
3 0.50546875 0.2390625 0.021875 0.0453125
10 0.45234375 0.18828125 0.0171875 0.0296875
3 0.51171875 0.21015625 0.01953125 0.02421875
3 0.5140625 0.20078125 0.01484375 0.02421875
3 0.56015625 0.27421875 0.02265625 0.040625
3 0.5640625 0.24921875 0.02265625 0.03828125
3 0.56015625 0.22578125 0.02421875 0.034375
3 0.55859375 0.2109375 0.01796875 0.03046875
3 0.55625 0.19453125 0.0171875 0.02890625
3 0.5515625 0.16875 0.01953125 0.025
3 0.55546875 0.1546875 0.02578125 0.02578125
3 0.48984375 0.209375 0.01953125 0.03203125
3 0.49296875 0.19140625 0.015625 0.021875
3 0.496875 0.1765625 0.0171875 0.01953125
3 0.4984375 0.15859375 0.0140625 0.01875
3 0.49375 0.14921875 0.01640625 0.021875
3 0.51328125 0.15625 0.015625 0.02109375
3 0.53515625 0.13671875 0.01328125 0.0234375