3 0.27578125 0.753125 0.02578125 0.09296875
0 0.35234375 0.58671875 0.021875 0.07109375
3 0.290625 0.56953125 0.02421875 0.04609375
3 0.31328125 0.40078125 0.015625 0.02890625
3 0.38125 0.28125 0.00859375 0.0203125
10 0.28515625 0.6390625 0.02421875 0.08828125
6 0.1578125 0.2578125 0.00390625 0.01171875
6 0.1546875 0.25546875 0.00390625 0.01171875
6 0.26484375 0.190625 0.003125 0.0046875
3 0.37734375 0.121875 0.003125 0.00625
6 0.35625 0.221875 0.00234375 0.0109375
6 0.37578125 0.19140625 0.00234375 0.01015625
6 0.37578125 0.221875 0.0015625 0.0109375
6 0.37734375 0.21953125 0.00234375 0.00859375
4 0.425 0.2390625 0.00390625 0.01171875
4 0.4296875 0.24140625 0.00390625 0.01171875
3 0.32734375 0.296875 0.01171875 0.02421875
3 0.496875 0.2765625 0.01171875 0.021875
6 0.4203125 0.7734375 0.00859375 0.02890625
7 0.36875 0.70625 0.009375 0.01640625
7 0.3125 0.6453125 0.0078125 0.01875
4 0.3125 0.659375 0.009375 0.03203125
4 0.36953125 0.71484375 0.00859375 0.0390625