9 0.1546875 0.340625 0.0484375 0.02890625
9 0.16640625 0.33828125 0.03828125 0.0296875
9 0.171875 0.334375 0.03671875 0.0296875
9 0.18515625 0.3296875 0.03515625 0.021875
9 0.12421875 0.38515625 0.0359375 0.03359375
9 0.13515625 0.38359375 0.03359375 0.03125
9 0.1453125 0.38828125 0.03828125 0.03046875
9 0.159375 0.39296875 0.04140625 0.03359375
9 0.16640625 0.4015625 0.05390625 0.040625
9 0.209375 0.40546875 0.04453125 0.02890625
9 0.2421875 0.41171875 0.02578125 0.025
9 0.22421875 0.36875 0.05625 0.03203125
9 0.2796875 0.38046875 0.0484375 0.034375
9 0.290625 0.375 0.0484375 0.03359375
9 0.2578125 0.36328125 0.0515625 0.02578125
9 0.23203125 0.34921875 0.053125 0.02421875
9 0.2390625 0.346875 0.05234375 0.025
9 0.2546875 0.34375 0.04609375 0.02421875
9 0.2625 0.33359375 0.04453125 0.0265625
9 0.24140625 0.30703125 0.04609375 0.02109375
4 0.19296875 0.8125 0.01796875 0.01953125
4 0.26328125 0.71953125 0.01484375 0.01953125
3 0.303125 0.784375 0.04296875 0.05390625
8 0.2890625 0.7109375 0.0234375 0.02109375
4 0.3390625 0.6515625 0.01015625 0.01875
8 0.3953125 0.7859375 0.01953125 0.0484375
7 0.3921875 0.790625 0.00859375 0.0203125
3 0.375 0.64921875 0.03515625 0.040625
0 0.40625 0.5640625 0.01953125 0.02890625
6 0.30703125 0.66796875 0.00546875 0.02890625
3 0.51015625 0.60859375 0.01796875 0.03125
0 0.44140625 0.5484375 0.02265625 0.025
4 0.43984375 0.52578125 0.01015625 0.0109375
3 0.47421875 0.5265625 0.025 0.021875
3 0.47890625 0.5140625 0.025 0.02109375
3 0.484375 0.50625 0.0265625 0.0203125
4 0.48671875 0.48671875 0.00859375 0.0109375
4 0.496875 0.490625 0.0078125 0.009375
8 0.4953125 0.484375 0.0140625 0.0109375
6 0.49609375 0.484375 0.0046875 0.01796875
7 0.525 0.56875 0.00546875 0.01484375
7 0.5265625 0.56953125 0.00390625 0.015625
4 0.52578125 0.57421875 0.00703125 0.015625
7 0.5484375 0.5890625 0.0046875 0.015625
7 0.54921875 0.58359375 0.00625 0.0140625
8 0.54765625 0.5921875 0.01015625 0.01953125
7 0.55234375 0.5390625 0.00546875 0.01484375
4 0.5515625 0.54140625 0.00703125 0.01640625
7 0.55625 0.5171875 0.00390625 0.015625
4 0.55625 0.51953125 0.00546875 0.01328125
10 0.6078125 0.503125 0.01953125 0.02578125
3 0.6125 0.49453125 0.0203125 0.0234375
8 0.5171875 0.47265625 0.01015625 0.01171875
0 0.5265625 0.4640625 0.01640625 0.0203125
4 0.53359375 0.43515625 0.01015625 0.009375
3 0.559375 0.440625 0.02265625 0.01875
4 0.44765625 0.51953125 0.00546875 0.0140625
3 0.6 0.3890625 0.01484375 0.0140625
3 0.60859375 0.38125 0.01796875 0.0140625
5 0.5828125 0.5546875 0.025 0.0390625
5 0.55859375 0.60625 0.02578125 0.04296875
5 0.546875 0.63046875 0.02734375 0.0484375
5 0.5375 0.64296875 0.0203125 0.04609375
5 0.52578125 0.65625 0.02578125 0.05
5 0.50703125 0.70390625 0.04140625 0.065625
8 0.61484375 0.36875 0.0109375 0.0109375
6 0.61171875 0.3640625 0.00390625 0.0109375
6 0.615625 0.35234375 0.00390625 0.01171875
3 0.62890625 0.36171875 0.0140625 0.01484375
3 0.63125 0.3546875 0.01328125 0.01328125
3 0.6375 0.3421875 0.01328125 0.01015625
0 0.63359375 0.33515625 0.00859375 0.009375
3 0.64453125 0.33046875 0.01328125 0.01015625
3 0.6484375 0.32890625 0.0125 0.009375
4 0.64765625 0.321875 0.00625 0.00703125
4 0.653125 0.31328125 0.0046875 0.00703125
8 0.6640625 0.3078125 0.00703125 0.00859375
6 0.66796875 0.30625 0.00234375 0.00703125
9 0.6609375 0.38203125 0.021875 0.03515625
10 0.6796875 0.3578125 0.0109375 0.01171875
10 0.684375 0.353125 0.0109375 0.0140625
3 0.68671875 0.34921875 0.0109375 0.01328125
3 0.6859375 0.34375 0.01171875 0.01328125
3 0.6890625 0.3421875 0.0109375 0.0140625
10 0.6921875 0.3375 0.0109375 0.0140625
9 0.696875 0.3265625 0.0125 0.02109375
4 0.65859375 0.30859375 0.00390625 0.00625
0 0.665625 0.29921875 0.00703125 0.00625
0 0.6703125 0.29609375 0.00390625 0.00703125
10 0.67265625 0.290625 0.009375 0.00859375
0 0.68203125 0.29140625 0.003125 0.00703125
0 0.68359375 0.290625 0.003125 0.00703125
0 0.6796875 0.284375 0.00703125 0.00703125
10 0.6859375 0.278125 0.00859375 0.00859375
9 0.6828125 0.271875 0.01484375 0.009375
3 0.68828125 0.27109375 0.00703125 0.00703125
7 0.67109375 0.30859375 0.00234375 0.0046875
7 0.67421875 0.309375 0.003125 0.00625
9 0.7265625 0.62109375 0.02734375 0.07421875
3 0.7578125 0.52265625 0.0140625 0.0234375
9 0.75625 0.40625 0.01484375 0.034375
9 0.74296875 0.31328125 0.01328125 0.0234375
9 0.7640625 0.334375 0.01171875 0.028125
9 0.78046875 0.340625 0.0125 0.03984375
9 0.76484375 0.31328125 0.01171875 0.01953125
9 0.76875 0.29140625 0.0125 0.028125
3 0.7453125 0.28125 0.0078125 0.009375
9 0.77421875 0.26171875 0.00703125 0.01953125
3 0.778125 0.259375 0.00390625 0.00625
2 0.7625 0.24765625 0.00546875 0.01015625
9 0.76875 0.2453125 0.00546875 0.01328125
9 0.7765625 0.24140625 0.00703125 0.01328125
3 0.7703125 0.2359375 0.0046875 0.00703125
3 0.77734375 0.2328125 0.003125 0.00625
2 0.78046875 0.221875 0.0046875 0.00703125
3 0.7734375 0.21875 0.00234375 0.00546875
3 0.77734375 0.209375 0.00234375 0.00390625
3 0.775 0.203125 0.00234375 0.003125
3 0.7765625 0.20625 0.003125 0.00390625
9 0.78203125 0.209375 0.00390625 0.00625
3 0.9484375 0.92578125 0.03515625 0.065625
0 0.93203125 0.8703125 0.01875 0.05703125
8 0.93359375 0.82109375 0.02265625 0.05078125
9 0.90625 0.70546875 0.03515625 0.04375
5 0.89375 0.67109375 0.03046875 0.04296875
3 0.8875 0.6515625 0.03203125 0.05078125
3 0.88125 0.6265625 0.02421875 0.03515625
3 0.8828125 0.61171875 0.02734375 0.03671875
8 0.9390625 0.58359375 0.0359375 0.0296875
7 0.9328125 0.58203125 0.00625 0.01640625
9 0.928125 0.5578125 0.02578125 0.0359375
8 0.85703125 0.5609375 0.0140625 0.0203125
3 0.8671875 0.559375 0.03125 0.0265625
3 0.85859375 0.52734375 0.02421875 0.02890625
8 0.85625 0.5296875 0.01796875 0.01875
5 0.86015625 0.509375 0.01953125 0.02421875
9 0.86328125 0.49375 0.01953125 0.028125
10 0.84921875 0.4703125 0.02421875 0.021875
6 0.9015625 0.46328125 0.0046875 0.01796875
0 0.87578125 0.44453125 0.00859375 0.01875
8 0.84296875 0.45390625 0.015625 0.015625
3 0.8453125 0.45078125 0.02265625 0.01796875
3 0.8453125 0.4453125 0.02265625 0.01875
10 0.84296875 0.43515625 0.01953125 0.01640625
0 0.8390625 0.41875 0.0171875 0.021875
6 0.8421875 0.4140625 0.0046875 0.01484375
7 0.86875 0.409375 0.003125 0.009375
1 0.86953125 0.41171875 0.003125 0.0109375
3 0.83828125 0.4046875 0.009375 0.01484375
0 0.83671875 0.39453125 0.01484375 0.0140625
3 0.834375 0.390625 0.01484375 0.01484375
3 0.83125 0.38515625 0.01640625 0.0109375
10 0.82890625 0.36328125 0.01484375 0.01484375
7 0.8515625 0.3734375 0.0046875 0.00859375
4 0.8515625 0.37578125 0.00390625 0.009375
7 0.9109375 0.41171875 0.0046875 0.00546875
7 0.91015625 0.40625 0.00390625 0.01015625
6 0.84140625 0.33359375 0.003125 0.0109375
6 0.82890625 0.3375 0.00234375 0.01015625
3 0.82265625 0.3359375 0.01171875 0.01015625
0 0.85078125 0.3296875 0.00546875 0.01328125
9 0.8390625 0.31796875 0.0125 0.02109375
9 0.83515625 0.29453125 0.00546875 0.0109375
6 0.81953125 0.29921875 0.00234375 0.00859375
7 0.8265625 0.2953125 0.00234375 0.00546875
4 0.82578125 0.2953125 0.00234375 0.00546875
3 0.8140625 0.28671875 0.0078125 0.00859375
3 0.8140625 0.27734375 0.00703125 0.00625
3 0.82265625 0.27578125 0.0046875 0.00703125
9 0.8234375 0.2546875 0.01015625 0.01640625
9 0.81640625 0.24765625 0.00703125 0.0140625
9 0.83203125 0.24296875 0.00703125 0.01171875
9 0.81953125 0.24140625 0.00546875 0.0109375
3 0.8109375 0.23515625 0.00390625 0.00546875
10 0.81796875 0.2265625 0.00546875 0.00546875