3 0.02734375 0.50703125 0.0546875 0.0859375
10 0.259375 0.60859375 0.08984375 0.11796875
6 0.21796875 0.62421875 0.01640625 0.04609375
6 0.2125 0.6484375 0.01328125 0.040625
6 0.090625 0.9390625 0.0296875 0.03671875
6 0.61171875 0.7484375 0.0640625 0.16640625
3 0.45546875 0.60703125 0.059375 0.13984375
3 0.36171875 0.53671875 0.06875 0.134375
3 0.321875 0.4890625 0.06640625 0.125
9 0.4078125 0.55546875 0.078125 0.18203125
9 0.1796875 0.3015625 0.0625 0.09296875
3 0.2125 0.32578125 0.05703125 0.08828125
6 0.20859375 0.16484375 0.01171875 0.040625
3 0.121875 0.32890625 0.06640625 0.0859375
3 0.10625 0.17421875 0.0515625 0.06953125
9 0.12578125 0.23203125 0.09765625 0.12890625
4 0.01171875 0.1515625 0.01953125 0.0359375
6 0.00703125 0.11328125 0.0140625 0.03125
4 0.4921875 0.315625 0.02421875 0.028125