6 0.115625 0.37421875 0.00703125 0.0265625
6 0.1125 0.346875 0.0078125 0.02578125
6 0.12109375 0.3484375 0.00859375 0.025
6 0.125 0.3390625 0.009375 0.03046875
6 0.26953125 0.33046875 0.01015625 0.028125
6 0.2828125 0.3453125 0.01015625 0.02578125
6 0.3125 0.35703125 0.00859375 0.01953125
6 0.42421875 0.32734375 0.00703125 0.025
6 0.43046875 0.33046875 0.00703125 0.025
6 0.43203125 0.34296875 0.00546875 0.02578125
3 0.61484375 0.4015625 0.05390625 0.0546875
6 0.6046875 0.23515625 0.00859375 0.02578125