3 0.621875 0.8359375 0.053125 0.0765625
3 0.440625 0.65625 0.0546875 0.0890625
3 0.57109375 0.64453125 0.0546875 0.0828125
3 0.52109375 0.73671875 0.0484375 0.0796875
3 0.34609375 0.96640625 0.0453125 0.0671875
3 0.4125 0.88203125 0.0484375 0.071875
3 0.2921875 0.903125 0.0296875 0.065625
3 0.28125 0.39140625 0.0265625 0.090625
10 0.44609375 0.44453125 0.05 0.0953125
10 0.63125 0.55546875 0.0609375 0.1015625
3 0.8546875 0.225 0.0703125 0.1140625
3 0.7703125 0.06484375 0.06875 0.0828125
3 0.690625 0.07421875 0.0796875 0.0953125
3 0.990625 0.384375 0.0171875 0.0609375
3 0.66171875 0.96953125 0.0421875 0.0546875
3 0.43125 0.0796875 0.0734375 0.103125
3 0.9734375 0.44765625 0.0484375 0.0953125
3 0.91015625 0.50703125 0.0453125 0.0859375
3 0.9421875 0.4765625 0.0484375 0.1
3 0.825 0.6234375 0.0484375 0.0828125
10 0.859375 0.58828125 0.0515625 0.0953125
10 0.7265625 0.753125 0.0453125 0.084375
3 0.77734375 0.68828125 0.0453125 0.08125
3 0.803125 0.65625 0.0421875 0.075
3 0.8859375 0.55546875 0.0515625 0.0921875
3 0.74375 0.721875 0.05 0.0828125
3 0.7 0.78203125 0.040625 0.06875
3 0.68203125 0.8109375 0.0453125 0.06875
3 0.81171875 0.43828125 0.0625 0.1
3 0.62265625 0.71015625 0.0578125 0.0859375
3 0.57109375 0.784375 0.0328125 0.075
3 0.68046875 0.61640625 0.0609375 0.0875
6 0.95234375 0.3609375 0.0125 0.0265625
6 0.9390625 0.35546875 0.009375 0.01875
6 0.82734375 0.46640625 0.009375 0.015625
6 0.40390625 0.98671875 0.0109375 0.0265625
6 0.53125 0.9609375 0.009375 0.034375
6 0.575 0.90703125 0.00625 0.034375
6 0.62265625 0.9546875 0.003125 0.028125
6 0.62890625 0.95078125 0.00625 0.025
6 0.62890625 0.9625 0.003125 0.025
6 0.63046875 0.96484375 0.003125 0.021875
6 0.88984375 0.3890625 0.0125 0.0125
7 0.76640625 0.27734375 0.0109375 0.021875
7 0.75859375 0.2890625 0.0078125 0.01875
7 0.4359375 0.91953125 0.009375 0.025
7 0.47265625 0.703125 0.0078125 0.0140625
4 0.47578125 0.6953125 0.0140625 0.025
4 0.43671875 0.91640625 0.0265625 0.0203125
4 0.765625 0.27578125 0.025 0.0296875