6 0.41875 0.96875 0.021875 0.0078125
6 0.41796875 0.9609375 0.028125 0.009375
6 0.38359375 0.809375 0.01875 0.0078125
7 0.384375 0.803125 0.01875 0.009375
7 0.3890625 0.73125 0.015625 0.009375
7 0.36328125 0.8265625 0.0140625 0.00625
7 0.365625 0.83203125 0.0140625 0.00625
6 0.42421875 0.59375 0.021875 0.00625
6 0.51015625 0.6046875 0.0296875 0.0078125
6 0.5046875 0.62109375 0.03125 0.009375
6 0.59453125 0.5546875 0.04375 0.0125
6 0.59921875 0.490625 0.034375 0.0125
6 0.6109375 0.484375 0.0375 0.009375
6 0.540625 0.465625 0.040625 0.009375
6 0.48359375 0.47265625 0.0296875 0.009375
6 0.57421875 0.45625 0.0375 0.0078125
6 0.59296875 0.45 0.04375 0.00625
6 0.6109375 0.4375 0.0234375 0.009375
6 0.5765625 0.44140625 0.0375 0.00625
7 0.540625 0.49140625 0.028125 0.009375
7 0.54921875 0.42265625 0.028125 0.009375
7 0.58046875 0.409375 0.034375 0.00625
6 0.640625 0.40234375 0.04375 0.009375
6 0.653125 0.39453125 0.04375 0.00625
6 0.6640625 0.38125 0.0546875 0.009375
6 0.596875 0.35625 0.04375 0.009375
6 0.6015625 0.36953125 0.034375 0.0125
6 0.59296875 0.38671875 0.0375 0.0078125
6 0.60546875 0.3796875 0.04375 0.009375
6 0.58671875 0.37734375 0.03125 0.009375
6 0.55859375 0.3609375 0.0453125 0.00625
6 0.5578125 0.371875 0.0359375 0.009375
7 0.55390625 0.3984375 0.025 0.00625
7 0.5609375 0.39296875 0.028125 0.009375
7 0.571875 0.39296875 0.0265625 0.009375
6 0.54609375 0.39609375 0.034375 0.009375
6 0.53359375 0.39609375 0.0390625 0.009375
6 0.540625 0.38671875 0.034375 0.00625
6 0.54609375 0.38125 0.0375 0.009375
6 0.53125 0.3765625 0.034375 0.00625
7 0.5265625 0.36953125 0.025 0.009375
6 0.5140625 0.41484375 0.040625 0.00625
6 0.5140625 0.4265625 0.0359375 0.009375
6 0.4890625 0.365625 0.0359375 0.0078125
6 0.4890625 0.35546875 0.0390625 0.009375
6 0.47109375 0.36640625 0.03125 0.00625
1 0.47265625 0.46328125 0.021875 0.015625
6 0.5609375 0.296875 0.040625 0.009375