3 0.153125 0.7828125 0.08125 0.046875
3 0.20625 0.7796875 0.096875 0.05625
3 0.08046875 0.64765625 0.05625 0.05625
6 0.15390625 0.7171875 0.028125 0.009375
4 0.278125 0.7984375 0.04375 0.0140625
9 0.171875 0.63671875 0.08125 0.0859375
9 0.22734375 0.63828125 0.0875 0.0875
9 0.34140625 0.6328125 0.065625 0.0734375
0 0.29609375 0.64453125 0.0375 0.0453125
6 0.23984375 0.68125 0.025 0.0078125
6 0.915625 0.3171875 0.0171875 0.0234375
6 0.91328125 0.30390625 0.009375 0.009375
6 0.928125 0.428125 0.0203125 0.0171875
6 0.91328125 0.440625 0.015625 0.0140625
6 0.9109375 0.4359375 0.015625 0.0109375
6 0.7984375 0.490625 0.0203125 0.0171875
6 0.9046875 0.57734375 0.009375 0.00625
6 0.89765625 0.57265625 0.015625 0.0109375
10 0.78359375 0.70390625 0.1453125 0.046875
7 0.66875 0.684375 0.015625 0.0109375
6 0.59375 0.61875 0.015625 0.0109375
7 0.54453125 0.61015625 0.015625 0.0109375
6 0.56015625 0.72109375 0.0125 0.0109375
6 0.56328125 0.72734375 0.009375 0.00625
0 0.45234375 0.6625 0.05 0.034375
6 0.46953125 0.67890625 0.01875 0.0109375
4 0.4640625 0.79296875 0.0171875 0.0265625
6 0.4484375 0.7453125 0.025 0.0125
6 0.43046875 0.71171875 0.021875 0.0109375
6 0.453125 0.70625 0.021875 0.0140625
6 0.4328125 0.703125 0.021875 0.0078125
6 0.37421875 0.7 0.015625 0.0078125
6 0.40625 0.67265625 0.021875 0.0078125
7 0.37421875 0.66953125 0.015625 0.0078125