3 0.7078125 0.01328125 0.0453125 0.0203125
10 0.7859375 0.08203125 0.0359375 0.01875
10 0.78203125 0.10390625 0.0453125 0.0203125
10 0.78203125 0.11640625 0.05 0.0203125
3 0.76171875 0.13203125 0.0453125 0.0171875
3 0.7609375 0.14765625 0.0453125 0.01875
3 0.75234375 0.16328125 0.0421875 0.015625
3 0.75234375 0.1734375 0.040625 0.0171875
3 0.62578125 0.22578125 0.040625 0.015625
3 0.421875 0.25390625 0.028125 0.0125
10 0.4859375 0.24453125 0.03125 0.0140625
3 0.52109375 0.240625 0.0359375 0.015625
3 0.52265625 0.334375 0.01875 0.021875
10 0.57265625 0.33125 0.021875 0.0234375
3 0.56171875 0.36328125 0.0359375 0.01875
3 0.5828125 0.3765625 0.0375 0.015625
10 0.61640625 0.37578125 0.0328125 0.0140625
9 0.61875 0.396875 0.040625 0.01875
3 0.5296875 0.3796875 0.03125 0.0140625
3 0.46875 0.73046875 0.0203125 0.0171875
10 0.584375 0.5515625 0.028125 0.0265625
3 0.67265625 0.2921875 0.025 0.025
3 0.69296875 0.29375 0.01875 0.025
3 0.715625 0.31328125 0.028125 0.0234375
4 0.8171875 0.17421875 0.0109375 0.0109375
4 0.7984375 0.21015625 0.0109375 0.0109375
4 0.696875 0.3546875 0.0109375 0.0109375
4 0.63203125 0.4453125 0.0109375 0.0109375
4 0.60546875 0.4875 0.0140625 0.0078125
4 0.6078125 0.47265625 0.0125 0.009375
4 0.6234375 0.5 0.0125 0.0078125
4 0.59140625 0.5078125 0.0140625 0.009375
4 0.50703125 0.68046875 0.0078125 0.0078125
4 0.48515625 0.71015625 0.009375 0.0046875
4 0.48125 0.73046875 0.0109375 0.0078125
4 0.47890625 0.7 0.0109375 0.0078125
3 0.33828125 0.4078125 0.0328125 0.0140625
3 0.33203125 0.390625 0.0265625 0.0140625
3 0.359375 0.3890625 0.0296875 0.0140625
3 0.4296875 0.384375 0.0328125 0.0140625
3 0.421875 0.403125 0.03125 0.015625
3 0.3671875 0.40859375 0.0328125 0.0140625