9 0.00546875 0.05078125 0.0109375 0.02421875
9 0.0171875 0.06640625 0.01171875 0.02421875
9 0.084375 0.13125 0.0171875 0.03046875
9 0.05390625 0.1515625 0.01328125 0.025
2 0.03984375 0.0859375 0.01953125 0.040625
2 0.034375 0.121875 0.02265625 0.040625
3 0.07109375 0.10546875 0.0078125 0.01328125
3 0.0671875 0.15390625 0.009375 0.01484375
3 0.10546875 0.17734375 0.0109375 0.0234375
3 0.0875 0.1578125 0.0109375 0.015625
3 0.0734375 0.13671875 0.01015625 0.01953125
3 0.209375 0.28359375 0.01640625 0.028125
3 0.26875 0.328125 0.01796875 0.0265625
3 0.21484375 0.1234375 0.01640625 0.0140625
3 0.259375 0.18828125 0.01015625 0.01953125
3 0.27578125 0.1921875 0.01171875 0.02109375
3 0.296875 0.15625 0.009375 0.01796875
3 0.25859375 0.12421875 0.01015625 0.015625
3 0.27421875 0.11953125 0.009375 0.01484375
3 0.34375 0.36796875 0.01796875 0.02890625
3 0.3171875 0.3109375 0.01953125 0.03125
3 0.28359375 0.296875 0.01875 0.028125
3 0.30703125 0.11796875 0.00859375 0.02109375
3 0.26640625 0.0859375 0.00859375 0.015625
3 0.2046875 0.1890625 0.01171875 0.021875
3 0.1609375 0.14296875 0.01015625 0.015625
3 0.39453125 0.50546875 0.0328125 0.046875
3 0.43984375 0.45390625 0.0296875 0.0484375
3 0.27734375 0.04453125 0.00625 0.01796875
3 0.3484375 0.10546875 0.00703125 0.01484375
3 0.28828125 0.03671875 0.00703125 0.01640625
3 0.2125 0.11484375 0.01484375 0.01328125
3 0.4125 0.24296875 0.0109375 0.01953125
3 0.43125 0.24140625 0.01015625 0.021875
3 0.39921875 0.18671875 0.009375 0.01953125
3 0.4078125 0.18203125 0.009375 0.021875
3 0.4171875 0.18359375 0.01015625 0.02109375
3 0.42578125 0.184375 0.01015625 0.01875
3 0.43515625 0.18203125 0.01015625 0.01640625
3 0.44453125 0.18203125 0.0109375 0.0203125
3 0.453125 0.18046875 0.01015625 0.01875
3 0.46328125 0.18046875 0.0109375 0.02421875
3 0.5078125 0.23984375 0.0109375 0.0203125
3 0.48828125 0.240625 0.0109375 0.01640625
3 0.48671875 0.20390625 0.01796875 0.01796875
3 0.4546875 0.21796875 0.0203125 0.01640625
3 0.509375 0.21640625 0.01640625 0.01640625
3 0.5265625 0.1640625 0.009375 0.01796875
3 0.5375 0.153125 0.01171875 0.01640625
3 0.5515625 0.16171875 0.01171875 0.0203125
3 0.59140625 0.134375 0.01171875 0.01953125
3 0.6203125 0.19453125 0.01171875 0.01953125
3 0.64453125 0.21953125 0.01328125 0.01875
3 0.63359375 0.23203125 0.01328125 0.02109375
3 0.61875 0.27890625 0.0140625 0.02421875
3 0.6390625 0.27890625 0.01640625 0.0296875
3 0.603125 0.31171875 0.01484375 0.025
3 0.63515625 0.3140625 0.01328125 0.02421875
3 0.65703125 0.31171875 0.01640625 0.02109375
3 0.6515625 0.27890625 0.01328125 0.02890625
3 0.6609375 0.26328125 0.01484375 0.021875
3 0.6734375 0.2625 0.015625 0.0234375
3 0.68359375 0.2625 0.01484375 0.0234375
3 0.640625 0.2609375 0.0125 0.0203125
3 0.63203125 0.2625 0.0109375 0.01953125
3 0.6203125 0.2640625 0.01484375 0.0203125
3 0.6109375 0.26328125 0.0125 0.025
3 0.60078125 0.278125 0.01171875 0.03046875
3 0.58671875 0.28046875 0.00703125 0.025
3 0.59609375 0.234375 0.01171875 0.01875
3 0.60625 0.2359375 0.01171875 0.02109375
3 0.615625 0.234375 0.0125 0.0234375
3 0.596875 0.21953125 0.01171875 0.015625
3 0.60859375 0.21953125 0.0109375 0.01484375
3 0.615625 0.21953125 0.01328125 0.0203125
3 0.62578125 0.21953125 0.0109375 0.01953125
3 0.4609375 0.24140625 0.01015625 0.0234375
3 0.48515625 0.19140625 0.01796875 0.01328125
3 0.50859375 0.20859375 0.01328125 0.0109375
3 0.4828125 0.1859375 0.01796875 0.01953125
3 0.48125 0.17890625 0.0171875 0.01953125
3 0.503125 0.1859375 0.01640625 0.0140625
3 0.50234375 0.19375 0.01875 0.01484375
3 0.49453125 0.17109375 0.01484375 0.01328125
3 0.5203125 0.15390625 0.00859375 0.01171875
3 0.534375 0.184375 0.009375 0.0203125
3 0.57421875 0.19453125 0.009375 0.01875
3 0.47890625 0.15859375 0.01484375 0.015625
3 0.4921875 0.16328125 0.01796875 0.01328125
10 0.51875 0.23828125 0.0140625 0.02578125
10 0.47109375 0.23671875 0.01171875 0.02421875
10 0.45234375 0.20859375 0.01953125 0.015625
10 0.6484375 0.31171875 0.01484375 0.028125
10 0.628125 0.19140625 0.01171875 0.0234375
10 0.584375 0.19296875 0.0109375 0.01953125
10 0.5671875 0.19296875 0.00859375 0.01953125
10 0.5578125 0.19296875 0.01171875 0.02421875
10 0.54921875 0.19453125 0.01171875 0.025
10 0.5921875 0.1609375 0.01171875 0.021875
10 0.6 0.16171875 0.01171875 0.021875
10 0.60859375 0.1609375 0.01015625 0.02109375
10 0.6171875 0.159375 0.01171875 0.025
10 0.51328125 0.1328125 0.01015625 0.0234375
10 0.5390625 0.19375 0.0109375 0.0234375
3 0.5484375 0.21875 0.0109375 0.02109375
3 0.55859375 0.21953125 0.0109375 0.01640625
10 0.4265625 0.17265625 0.0109375 0.01796875
3 0.4171875 0.171875 0.01015625 0.01640625
3 0.403125 0.171875 0.01328125 0.015625
10 0.3953125 0.35078125 0.02265625 0.04375
9 0.44375 0.25546875 0.01484375 0.0484375
9 0.46640625 0.25390625 0.01484375 0.04453125
9 0.51484375 0.253125 0.01640625 0.04140625
9 0.60546875 0.1 0.015625 0.02421875
9 0.43828125 0.3109375 0.015625 0.04140625
9 0.47890625 0.253125 0.01640625 0.04296875
9 0.45234375 0.31171875 0.01484375 0.03359375
9 0.465625 0.31328125 0.01640625 0.03828125
9 0.478125 0.31171875 0.01796875 0.04296875
9 0.490625 0.309375 0.01953125 0.05546875
9 0.5046875 0.3125 0.01953125 0.05625
9 0.53125 0.30703125 0.02265625 0.040625
9 0.4703125 0.15 0.02890625 0.02578125
9 0.46875 0.14375 0.02421875 0.02421875
9 0.46640625 0.13828125 0.02109375 0.0203125
9 0.465625 0.13203125 0.02578125 0.01953125
9 0.4640625 0.115625 0.028125 0.028125
9 0.46640625 0.12734375 0.02734375 0.0265625
9 0.46796875 0.1140625 0.03203125 0.025
9 0.6171875 0.1015625 0.01640625 0.03125
2 0.525 0.11484375 0.0171875 0.040625
2 0.56640625 0.115625 0.021875 0.0390625
2 0.5359375 0.11484375 0.01796875 0.03671875
2 0.5765625 0.11640625 0.02109375 0.03671875
2 0.62109375 0.121875 0.02421875 0.0484375
2 0.35546875 0.0109375 0.00703125 0.01640625
2 0.3546875 0.01953125 0.00859375 0.0203125
2 0.36328125 0.02109375 0.0078125 0.0203125
2 0.3640625 0.01328125 0.00859375 0.01640625
2 0.36328125 0.00703125 0.0046875 0.0140625
2 0.34921875 0.015625 0.00703125 0.02109375
2 0.353125 0.03359375 0.00859375 0.025
2 0.3609375 0.0359375 0.01015625 0.0234375
2 0.31328125 0.02421875 0.009375 0.03046875
3 0.33125 0.040625 0.00625 0.0140625
2 0.3328125 0.01015625 0.009375 0.0203125
9 0.325 0.20625 0.02265625 0.0484375
9 0.42421875 0.48671875 0.04609375 0.07578125
10 0.2875 0.24140625 0.01328125 0.02890625
10 0.26171875 0.50703125 0.025 0.03984375
10 0.28671875 0.3703125 0.021875 0.03671875
9 0.27265625 0.13984375 0.01171875 0.03359375
3 0.40390625 0.22109375 0.01953125 0.01875
3 0.3953125 0.24296875 0.01015625 0.02421875
10 0.58515625 0.1625 0.01171875 0.0265625
10 0.60078125 0.08359375 0.01015625 0.015625
3 0.575 0.0609375 0.00625 0.009375
3 0.5828125 0.0625 0.00546875 0.01015625
3 0.5859375 0.06796875 0.00859375 0.0109375
6 0.33359375 0.1515625 0.00390625 0.01328125
2 0.628125 0.37578125 0.0703125 0.04453125
10 0.15546875 0.13203125 0.01015625 0.01484375
6 0.1453125 0.125 0.0046875 0.01328125
6 0.2046875 0.15703125 0.00234375 0.0109375
6 0.2015625 0.16171875 0.00390625 0.01171875
3 0.16796875 0.2578125 0.01875 0.0234375