3 0.11484375 0.41796875 0.01953125 0.01796875
3 0.15234375 0.3921875 0.02265625 0.01796875
3 0.23359375 0.415625 0.0203125 0.01796875
3 0.0046875 0.3828125 0.009375 0.015625
3 0.0046875 0.40390625 0.00859375 0.01640625
3 0.00390625 0.421875 0.0078125 0.015625
3 0.2546875 0.471875 0.01953125 0.015625
3 0.2546875 0.39375 0.01953125 0.015625
3 0.29140625 0.4734375 0.01953125 0.01484375
3 0.31171875 0.390625 0.02265625 0.0203125
3 0.4046875 0.1359375 0.01015625 0.03203125
3 0.41796875 0.14375 0.01015625 0.034375
3 0.421875 0.39765625 0.01484375 0.03203125
3 0.43828125 0.40625 0.01015625 0.03828125
3 0.44765625 0.3890625 0.01171875 0.03515625
3 0.4796875 0.35546875 0.01015625 0.03359375
3 0.4953125 0.353125 0.0125 0.03828125
3 0.50859375 0.34453125 0.0109375 0.0359375
10 0.51953125 0.33828125 0.01171875 0.0359375
5 0.53046875 0.321875 0.015625 0.05
3 0.54296875 0.33203125 0.009375 0.03515625
3 0.5515625 0.31796875 0.0109375 0.03515625
10 0.5515625 0.2515625 0.01484375 0.02890625
3 0.5421875 0.215625 0.01171875 0.0359375
3 0.5328125 0.1734375 0.0140625 0.03359375
9 0.5265625 0.12890625 0.01171875 0.03828125
10 0.528125 0.00859375 0.0125 0.01640625
3 0.5984375 0.284375 0.015625 0.021875
3 0.60078125 0.30078125 0.01953125 0.021875
3 0.5921875 0.3234375 0.015625 0.01875
3 0.60546875 0.3296875 0.015625 0.03125
3 0.62109375 0.334375 0.01796875 0.025
9 0.4859375 0.44921875 0.02578125 0.02421875
3 0.503125 0.43828125 0.0109375 0.0359375
3 0.51328125 0.43125 0.01328125 0.03515625
3 0.5234375 0.43125 0.00859375 0.0265625
9 0.54765625 0.428125 0.0265625 0.0265625
3 0.54140625 0.409375 0.01875 0.0203125
3 0.57890625 0.490625 0.00859375 0.034375
3 0.625 0.39296875 0.01796875 0.021875
3 0.6296875 0.40859375 0.01875 0.02109375
3 0.6375 0.44375 0.0203125 0.02109375
3 0.58046875 0.53125 0.009375 0.03125
9 0.5921875 0.6265625 0.01328125 0.04296875
3 0.5953125 0.678125 0.009375 0.03671875
10 0.5984375 0.72421875 0.01171875 0.03515625
3 0.6265625 0.69140625 0.0203125 0.02109375
3 0.66171875 0.7203125 0.01953125 0.02421875
9 0.61015625 0.840625 0.01796875 0.05078125
9 0.6453125 0.83671875 0.02109375 0.028125
9 0.65078125 0.87890625 0.021875 0.02109375
10 0.65234375 0.90078125 0.015625 0.01953125
10 0.6578125 0.92109375 0.0203125 0.02421875
3 0.65859375 0.94375 0.02109375 0.01875
3 0.66015625 0.96328125 0.02109375 0.01875
3 0.6 0.18359375 0.01953125 0.02421875
3 0.60390625 0.2078125 0.01640625 0.0234375
3 0.59921875 0.15703125 0.015625 0.01875
3 0.47265625 0.50546875 0.01015625 0.0390625
3 0.47421875 0.546875 0.00859375 0.03125
3 0.453125 0.6484375 0.0109375 0.03828125
3 0.43984375 0.6625 0.009375 0.03203125
3 0.459375 0.6984375 0.01015625 0.03671875
10 0.4765625 0.7046875 0.01171875 0.04453125
10 0.47421875 0.75703125 0.009375 0.03515625
3 0.46484375 0.77421875 0.009375 0.034375
3 0.47265625 0.89375 0.01015625 0.03671875
4 0.4484375 0.32421875 0.00703125 0.01640625
4 0.46875 0.34453125 0.00703125 0.01484375
4 0.49140625 0.38828125 0.009375 0.00703125
4 0.45546875 0.3640625 0.00625 0.01640625
4 0.425 0.271875 0.00546875 0.01328125
4 0.4265625 0.21640625 0.00390625 0.0140625
4 0.37421875 0.390625 0.00703125 0.01328125
4 0.35078125 0.38984375 0.00625 0.01484375
4 0.3390625 0.42578125 0.0078125 0.009375
4 0.253125 0.446875 0.01171875 0.01328125
4 0.46875 0.83046875 0.00625 0.02109375
4 0.478125 0.803125 0.0046875 0.01640625
6 0.6015625 0.7796875 0.00703125 0.009375
6 0.69140625 0.6828125 0.00703125 0.01015625
6 0.534375 0.14921875 0.0046875 0.01015625
3 0.61953125 0.521875 0.02265625 0.02421875