3 0.2171875 0.5171875 0.0015625 0.003125
3 0.21796875 0.51328125 0.0015625 0.0015625
3 0.21953125 0.509375 0.00078125 0.0015625
3 0.21875 0.5078125 0.00078125 0.003125
3 0.2234375 0.503125 0.0015625 0.003125
3 0.225 0.503125 0.0015625 0.0015625
3 0.2265625 0.50078125 0.0015625 0.003125
3 0.22109375 0.51171875 0.0015625 0.0015625
3 0.221875 0.51171875 0.0015625 0.0046875
3 0.2203125 0.515625 0.0015625 0.0015625
3 0.22734375 0.5078125 0.00234375 0.003125
3 0.22734375 0.5109375 0.0015625 0.003125
3 0.23203125 0.50390625 0.00234375 0.00390625
3 0.23203125 0.5140625 0.00234375 0.0046875
3 0.225 0.515625 0.00234375 0.003125
3 0.22265625 0.515625 0.00234375 0.0015625
3 0.2203125 0.5203125 0.0015625 0.00390625
3 0.2234375 0.51875 0.0015625 0.00390625
3 0.225 0.521875 0.0015625 0.003125
3 0.228125 0.51796875 0.00234375 0.00390625
3 0.2296875 0.52109375 0.00234375 0.00390625
3 0.22890625 0.5265625 0.00234375 0.00390625
3 0.2375 0.5140625 0.00234375 0.00390625
3 0.23359375 0.53125 0.00234375 0.0046875
3 0.2296875 0.534375 0.00234375 0.00390625
3 0.2421875 0.51640625 0.00234375 0.00390625
3 0.23828125 0.53125 0.00234375 0.0046875
3 0.24296875 0.52578125 0.003125 0.00546875
3 0.2453125 0.51875 0.00234375 0.0046875
3 0.253125 0.515625 0.00234375 0.0046875
10 0.24765625 0.525 0.003125 0.00546875
3 0.24140625 0.54140625 0.003125 0.00546875
3 0.24609375 0.5390625 0.00234375 0.0046875
3 0.24765625 0.56015625 0.003125 0.00703125
3 0.26484375 0.5328125 0.00390625 0.00625
3 0.253125 0.54296875 0.00390625 0.00546875
3 0.29453125 0.54453125 0.00546875 0.009375
9 0.26015625 0.5515625 0.00703125 0.0109375
0 0.28046875 0.5265625 0.003125 0.00546875
3 0.26640625 0.5734375 0.0046875 0.01015625
3 0.26015625 0.57890625 0.00546875 0.009375
3 0.25703125 0.57421875 0.00390625 0.00859375
3 0.2890625 0.584375 0.00546875 0.0109375
3 0.41171875 0.59375 0.01953125 0.02109375
3 0.49765625 0.8328125 0.03984375 0.04140625
3 0.70546875 0.56484375 0.04765625 0.08671875
9 0.67734375 0.52265625 0.08046875 0.1453125
9 0.71171875 0.415625 0.03515625 0.0609375
3 0.66484375 0.496875 0.034375 0.05625
3 0.628125 0.57109375 0.03203125 0.06171875
10 0.646875 0.19609375 0.02109375 0.0359375
3 0.62265625 0.20703125 0.01640625 0.0265625
3 0.59296875 0.2578125 0.02109375 0.02890625
9 0.54609375 0.19921875 0.04140625 0.0765625
9 0.50625 0.271875 0.04453125 0.08046875
3 0.41484375 0.4515625 0.02109375 0.03046875
3 0.43125 0.915625 0.034375 0.03828125
3 0.3640625 0.896875 0.0265625 0.04140625
3 0.28515625 0.92109375 0.01640625 0.04375
3 0.3 0.87890625 0.01484375 0.03203125
3 0.36328125 0.83984375 0.02265625 0.040625
3 0.33984375 0.80078125 0.01640625 0.034375
10 0.325 0.77109375 0.01796875 0.03125
10 0.3296875 0.83203125 0.01796875 0.0359375
3 0.30546875 0.7765625 0.01328125 0.02890625
3 0.28828125 0.78046875 0.01328125 0.0265625
2 0.25703125 0.796875 0.02421875 0.05546875
3 0.2328125 0.82265625 0.00859375 0.0265625
3 0.2640625 0.74375 0.01015625 0.021875
3 0.2921875 0.7359375 0.0109375 0.0234375
3 0.28203125 0.67421875 0.00859375 0.01875
3 0.23671875 0.7140625 0.00625 0.015625
3 0.221875 0.7 0.00546875 0.01328125
3 0.23671875 0.68671875 0.00546875 0.01484375
3 0.24453125 0.67421875 0.00625 0.01171875
9 0.21328125 0.6390625 0.009375 0.01640625
3 0.2296875 0.64609375 0.0046875 0.01015625
3 0.2421875 0.63125 0.00625 0.01484375
3 0.25078125 0.62421875 0.00625 0.01015625
3 0.2328125 0.62421875 0.00546875 0.00859375
3 0.2296875 0.61171875 0.00390625 0.009375
3 0.2125 0.6234375 0.00390625 0.00703125
3 0.2140625 0.6078125 0.00234375 0.00625
3 0.234375 0.5953125 0.00390625 0.00703125
3 0.23125 0.57734375 0.00390625 0.00625
3 0.22890625 0.5734375 0.00390625 0.00703125
3 0.221875 0.584375 0.003125 0.00625
3 0.22109375 0.57578125 0.003125 0.00546875
3 0.2234375 0.56796875 0.00234375 0.00546875
3 0.22578125 0.5625 0.00234375 0.0046875
3 0.221875 0.5609375 0.00234375 0.00546875
3 0.21953125 0.55703125 0.00234375 0.00625
3 0.21640625 0.56484375 0.003125 0.00546875
3 0.21328125 0.56953125 0.00234375 0.00546875