4 0.14921875 0.1375 0.00234375 0.01015625
1 0.146875 0.13828125 0.0015625 0.00859375
1 0.13671875 0.14140625 0.00234375 0.00703125
1 0.134375 0.140625 0.0015625 0.00859375
1 0.13203125 0.140625 0.00234375 0.00703125
3 0.18828125 0.14453125 0.01640625 0.01171875
3 0.1859375 0.15859375 0.015625 0.0140625
3 0.18359375 0.18125 0.01640625 0.01484375
3 0.184375 0.2078125 0.01640625 0.0140625
3 0.1828125 0.27421875 0.01640625 0.01328125
3 0.18359375 0.19453125 0.015625 0.0140625
3 0.21015625 0.22421875 0.00859375 0.0265625
3 0.209375 0.25859375 0.0078125 0.0265625
3 0.18125 0.31796875 0.01796875 0.01484375
3 0.18203125 0.2890625 0.015625 0.015625
3 0.18359375 0.2609375 0.01640625 0.01484375
3 0.209375 0.29453125 0.0078125 0.0265625
7 0.1984375 0.3484375 0.003125 0.0046875
4 0.1984375 0.35 0.00703125 0.00703125
6 0.2015625 0.3234375 0.00234375 0.00625
10 0.21015625 0.19375 0.00703125 0.025
3 0.1609375 0.37109375 0.01953125 0.015625
4 0.16953125 0.45234375 0.003125 0.0140625
3 0.20859375 0.45390625 0.00859375 0.03125
3 0.2078125 0.4921875 0.00859375 0.034375
3 0.10859375 0.58046875 0.021875 0.01796875
4 0.16953125 0.73046875 0.00703125 0.00390625
4 0.16875 0.721875 0.00625 0.01171875
3 0.14375 0.80390625 0.01171875 0.040625
3 0.140625 0.85390625 0.0109375 0.040625
3 0.109375 0.940625 0.01328125 0.046875
3 0.1375 0.93203125 0.01171875 0.0453125
6 0.1421875 0.74453125 0.0046875 0.00703125
3 0.203125 0.80078125 0.01015625 0.04375
3 0.23359375 0.73828125 0.00859375 0.03125
3 0.23515625 0.83515625 0.00859375 0.03515625
3 0.234375 0.89140625 0.01015625 0.0359375
3 0.2515625 0.6234375 0.01953125 0.01640625
3 0.25078125 0.5765625 0.021875 0.0203125
3 0.25390625 0.59921875 0.02109375 0.01796875
3 0.28671875 0.59296875 0.01171875 0.034375
3 0.30078125 0.6 0.01328125 0.03359375
3 0.3125 0.59453125 0.01015625 0.025
3 0.325 0.603125 0.01171875 0.034375
3 0.33671875 0.609375 0.01171875 0.03203125
3 0.3625 0.61875 0.0109375 0.03359375
3 0.37734375 0.62890625 0.01015625 0.0359375
3 0.3890625 0.6375 0.01015625 0.034375
3 0.40234375 0.64921875 0.009375 0.034375
3 0.41328125 0.64375 0.01015625 0.03671875
10 0.234375 0.65546875 0.00859375 0.03671875
3 0.23515625 0.5234375 0.00703125 0.02890625
6 0.56953125 0.8265625 0.00390625 0.003125
6 0.5703125 0.821875 0.0046875 0.00546875
7 0.49140625 0.61796875 0.00390625 0.00546875
3 0.52109375 0.41640625 0.0125 0.02578125
10 0.59921875 0.23359375 0.0125 0.0234375
7 0.5859375 0.278125 0.00234375 0.00390625
4 0.584375 0.27890625 0.00390625 0.00859375
4 0.58984375 0.40078125 0.00390625 0.00859375
4 0.58125 0.390625 0.00390625 0.00625
4 0.58359375 0.39375 0.00390625 0.00703125
4 0.58671875 0.39609375 0.00390625 0.00859375
7 0.51953125 0.46640625 0.00390625 0.0046875
4 0.51875 0.46796875 0.00703125 0.0109375
3 0.64921875 0.13359375 0.0125 0.02109375
3 0.665625 0.096875 0.01171875 0.0234375
3 0.671875 0.09609375 0.01015625 0.02109375
3 0.665625 0.05625 0.00859375 0.025
3 0.69609375 0.09375 0.0109375 0.0203125
3 0.71484375 0.090625 0.01171875 0.02109375
3 0.68671875 0.05078125 0.01015625 0.02421875
3 0.69609375 0.05078125 0.0109375 0.02421875
10 0.70625 0.04765625 0.01484375 0.0265625
10 0.7125 0.046875 0.00859375 0.01953125
10 0.71953125 0.04453125 0.01015625 0.01953125