6 0.0484375 0.36328125 0.0203125 0.015625
6 0.04453125 0.359375 0.0203125 0.015625
6 0.03828125 0.26015625 0.0203125 0.0125
6 0.05 0.26796875 0.015625 0.0125
6 0.05703125 0.2703125 0.0171875 0.015625
6 0.14453125 0.2671875 0.0171875 0.0109375
3 0.12265625 0.26796875 0.034375 0.0296875
3 0.153125 0.2703125 0.0328125 0.0265625
10 0.46171875 0.2734375 0.0203125 0.0125
3 0.4515625 0.26796875 0.0109375 0.0078125
3 0.4484375 0.26640625 0.0109375 0.0078125
3 0.15859375 0.3984375 0.0734375 0.03125
3 0.20546875 0.4140625 0.071875 0.03125
3 0.25625 0.4359375 0.0625 0.0296875
3 0.3015625 0.44609375 0.059375 0.03125
3 0.22421875 0.390625 0.05625 0.028125
3 0.271875 0.40703125 0.0546875 0.025
3 0.27734375 0.38671875 0.0484375 0.0234375
3 0.31640625 0.42109375 0.0515625 0.025
3 0.36484375 0.43359375 0.0453125 0.025
3 0.3609375 0.41484375 0.0453125 0.0234375
3 0.32265625 0.39921875 0.0453125 0.0234375
10 0.32421875 0.38046875 0.0421875 0.021875
3 0.36015625 0.39140625 0.040625 0.01875
3 0.36015625 0.3765625 0.0328125 0.0171875
3 0.40234375 0.4234375 0.0421875 0.0203125
3 0.40078125 0.40546875 0.0421875 0.021875
3 0.39765625 0.38828125 0.0328125 0.0171875
6 0.40078125 0.378125 0.015625 0.009375
6 0.42734375 0.38671875 0.015625 0.009375
6 0.43125 0.38828125 0.0171875 0.009375
3 0.3953125 0.37109375 0.0328125 0.01875
3 0.421875 0.36796875 0.0265625 0.0140625
10 0.4265625 0.38046875 0.0359375 0.01875
3 0.42890625 0.4 0.0296875 0.0171875
6 0.4296875 0.42734375 0.015625 0.009375
3 0.43984375 0.41484375 0.0328125 0.0171875
10 0.4625 0.39140625 0.0296875 0.0171875
3 0.47109375 0.40546875 0.03125 0.0171875
3 0.4671875 0.37734375 0.0265625 0.0140625
3 0.49140625 0.3734375 0.0234375 0.0125
3 0.49375 0.4 0.025 0.0140625
10 0.51796875 0.39375 0.0234375 0.0140625
3 0.53203125 0.38828125 0.021875 0.0125
3 0.51640625 0.38203125 0.0234375 0.0125
3 0.5421875 0.37734375 0.0203125 0.0109375
3 0.53828125 0.40859375 0.0234375 0.0125
3 0.56796875 0.41484375 0.0234375 0.0125
3 0.56953125 0.39609375 0.0203125 0.0125
10 0.59765625 0.3875 0.0171875 0.009375
3 0.6 0.39765625 0.0171875 0.0109375
3 0.621875 0.40390625 0.0171875 0.009375
3 0.621875 0.39296875 0.0140625 0.0078125
3 0.6078125 0.38359375 0.0125 0.0078125
3 0.63046875 0.38671875 0.0109375 0.0078125
3 0.62265625 0.37890625 0.0140625 0.0078125
3 0.6375 0.38359375 0.009375 0.00625
3 0.6328125 0.3765625 0.009375 0.0046875
3 0.6390625 0.3734375 0.0109375 0.0078125
3 0.64765625 0.3796875 0.009375 0.00625
3 0.64921875 0.36953125 0.00625 0.0046875
3 0.66875 0.375 0.009375 0.0046875
3 0.6578125 0.36796875 0.00625 0.0046875
3 0.66640625 0.36953125 0.00625 0.0046875
3 0.659375 0.365625 0.00625 0.0046875
3 0.6671875 0.36328125 0.0046875 0.003125
3 0.67265625 0.36640625 0.00625 0.0046875
3 0.6734375 0.36171875 0.00625 0.0046875
3 0.678125 0.36484375 0.0046875 0.003125
3 0.68203125 0.36328125 0.00625 0.0046875
3 0.67890625 0.35859375 0.0046875 0.003125
3 0.68203125 0.3578125 0.0046875 0.003125
3 0.6875 0.3609375 0.00625 0.0046875
3 0.6921875 0.36015625 0.003125 0.003125
3 0.68671875 0.35625 0.003125 0.003125
2 0.69453125 0.34140625 0.00625 0.0046875
3 0.69765625 0.34375 0.003125 0.003125
3 0.68984375 0.33984375 0.003125 0.003125
3 0.696875 0.346875 0.003125 0.003125
3 0.69296875 0.346875 0.003125 0.003125
3 0.6765625 0.34140625 0.003125 0.003125
3 0.67890625 0.34375 0.003125 0.003125
3 0.68203125 0.34609375 0.0046875 0.003125
3 0.684375 0.34921875 0.0046875 0.003125
3 0.67265625 0.35234375 0.003125 0.003125
3 0.67265625 0.34609375 0.003125 0.003125
3 0.64765625 0.340625 0.00625 0.0046875
3 0.6484375 0.3453125 0.00625 0.0046875
3 0.6453125 0.34921875 0.00625 0.0046875
3 0.64140625 0.3546875 0.00625 0.0046875
3 0.62421875 0.3421875 0.009375 0.0046875
3 0.63203125 0.35 0.00625 0.0046875
3 0.6015625 0.35 0.0109375 0.0046875
10 0.61875 0.3671875 0.0125 0.0078125
3 0.5921875 0.35625 0.0140625 0.0078125
6 0.5921875 0.3625 0.009375 0.0046875
3 0.52734375 0.3078125 0.0125 0.0109375
9 0.53203125 0.30859375 0.0125 0.009375
3 0.5359375 0.32578125 0.0125 0.0125
3 0.55078125 0.3125 0.015625 0.0109375