3 0.471875 0.471875 0.00625 0.009375
3 0.44921875 0.47734375 0.00546875 0.00859375
3 0.44921875 0.48203125 0.01171875 0.01015625
10 0.484375 0.47421875 0.00625 0.00703125
3 0.4875 0.47890625 0.0109375 0.00859375
3 0.4859375 0.48125 0.01328125 0.009375
3 0.4828125 0.478125 0.01015625 0.00859375
6 0.496875 0.4859375 0.00234375 0.01015625
6 0.490625 0.4703125 0.00234375 0.00703125
3 0.4875 0.4921875 0.01484375 0.01171875
10 0.48203125 0.49453125 0.01328125 0.01328125
10 0.46328125 0.47890625 0.00546875 0.01171875
3 0.49453125 0.4984375 0.00546875 0.01015625
3 0.4921875 0.503125 0.01640625 0.009375
3 0.49140625 0.50546875 0.01484375 0.0140625
3 0.4953125 0.51171875 0.01796875 0.01171875
3 0.4953125 0.51875 0.0171875 0.01171875
3 0.49921875 0.52265625 0.01796875 0.0140625
3 0.5015625 0.5296875 0.0171875 0.01484375
3 0.49296875 0.534375 0.01953125 0.0140625
3 0.49921875 0.5375 0.01796875 0.0140625
3 0.50234375 0.54140625 0.01875 0.01484375
3 0.44453125 0.4953125 0.00703125 0.01328125
3 0.44296875 0.50078125 0.00625 0.01015625
3 0.46328125 0.5265625 0.00859375 0.0140625
3 0.509375 0.55625 0.01171875 0.01640625
3 0.440625 0.5125 0.0078125 0.01171875
9 0.43828125 0.5234375 0.009375 0.02421875
3 0.50234375 0.57578125 0.01015625 0.01640625
3 0.5078125 0.58984375 0.01484375 0.0203125
3 0.4375 0.54140625 0.009375 0.01484375
3 0.43828125 0.55078125 0.01015625 0.01484375
9 0.4375 0.55859375 0.01015625 0.01875
9 0.4359375 0.5734375 0.0109375 0.0234375
3 0.43203125 0.60078125 0.01171875 0.02109375
3 0.42890625 0.6171875 0.0125 0.01953125
3 0.428125 0.6390625 0.01328125 0.02421875
3 0.42734375 0.659375 0.01953125 0.025
6 0.50625 0.50703125 0.00234375 0.01015625
3 0.47890625 0.63828125 0.01484375 0.0234375
3 0.55625 0.67734375 0.03671875 0.03046875
3 0.4625 0.728125 0.01953125 0.0390625
3 0.48984375 0.746875 0.01953125 0.03828125
3 0.4203125 0.69921875 0.01796875 0.03359375
3 0.41875 0.7625 0.021875 0.0453125
3 0.41640625 0.81484375 0.02734375 0.05
7 0.42109375 0.81171875 0.00625 0.0234375
3 0.54453125 0.82109375 0.04765625 0.06015625
3 0.58515625 0.74453125 0.0484375 0.03828125
3 0.578125 0.734375 0.04609375 0.034375
10 0.58984375 0.7640625 0.046875 0.04375
10 0.6140625 0.82578125 0.05078125 0.05078125
3 0.49765625 0.93359375 0.03359375 0.06875
3 0.65390625 0.88046875 0.0625 0.0453125
3 0.65078125 0.91640625 0.06640625 0.0484375
3 0.65 0.95859375 0.07890625 0.06171875
3 0.0390625 0.8671875 0.05859375 0.06796875
9 0.375 0.74609375 0.02890625 0.08125
5 0.35 0.80703125 0.03984375 0.10625
6 0.375 0.8390625 0.00546875 0.03359375
6 0.36953125 0.84609375 0.00390625 0.02109375
4 0.5859375 0.8078125 0.0171875 0.025
1 0.5796875 0.8015625 0.01015625 0.025
1 0.57734375 0.79296875 0.01171875 0.02109375
7 0.57890625 0.79140625 0.0078125 0.025
6 0.5296875 0.80859375 0.00859375 0.034375
6 0.596875 0.7703125 0.00546875 0.03515625
6 0.58828125 0.775 0.00859375 0.0296875
7 0.58828125 0.7671875 0.00703125 0.0234375
7 0.58515625 0.6734375 0.00703125 0.01640625
6 0.56796875 0.628125 0.003125 0.01953125
4 0.553125 0.65859375 0.0109375 0.01484375
4 0.5515625 0.64375 0.00859375 0.01015625
8 0.546875 0.64140625 0.0125 0.01328125
6 0.53359375 0.57421875 0.00234375 0.01640625
6 0.53671875 0.5703125 0.00234375 0.01640625
6 0.52109375 0.57578125 0.003125 0.01640625
7 0.51171875 0.575 0.00390625 0.0109375
4 0.51171875 0.578125 0.00390625 0.01015625
0 0.5171875 0.57578125 0.00546875 0.025
4 0.503125 0.6125 0.00390625 0.0140625
7 0.503125 0.60859375 0.0046875 0.01484375
4 0.4921875 0.5890625 0.00390625 0.01171875
7 0.49140625 0.58515625 0.003125 0.01484375
8 0.44375 0.6109375 0.00859375 0.01953125
6 0.48828125 0.56484375 0.003125 0.01640625
6 0.49453125 0.56328125 0.00390625 0.01640625
6 0.4984375 0.56640625 0.00390625 0.015625
6 0.49921875 0.56328125 0.00234375 0.015625
6 0.4984375 0.56328125 0.00234375 0.01640625
4 0.4828125 0.565625 0.00390625 0.01015625
7 0.48203125 0.5609375 0.00390625 0.0109375
6 0.45 0.553125 0.00390625 0.0140625
4 0.48046875 0.5265625 0.00234375 0.01015625
7 0.4796875 0.5234375 0.00234375 0.01015625
8 0.45 0.5265625 0.003125 0.00859375
7 0.45 0.52265625 0.003125 0.00859375
6 0.446875 0.5046875 0.00234375 0.0109375
4 0.4546875 0.49609375 0.00234375 0.00625
4 0.45703125 0.49375 0.00234375 0.00546875
4 0.4578125 0.484375 0.0015625 0.00625
7 0.4546875 0.49296875 0.00234375 0.00859375
7 0.45625 0.490625 0.00234375 0.00703125
7 0.4578125 0.48203125 0.00234375 0.00703125
6 0.5140625 0.50546875 0.00234375 0.0109375
6 0.5125 0.51796875 0.00234375 0.01171875
4 0.4421875 0.72578125 0.00546875 0.01953125
7 0.4421875 0.71796875 0.00703125 0.0265625
6 0.41171875 0.65078125 0.003125 0.01328125
6 0.4046875 0.65078125 0.0046875 0.0203125
7 0.403125 0.64375 0.00234375 0.00859375
6 0.40703125 0.646875 0.00390625 0.01640625