3 0.01953125 0.796875 0.03046875 0.16875
3 0.06328125 0.53203125 0.02734375 0.115625
3 0.071875 0.28984375 0.02421875 0.08125
3 0.08359375 0.096875 0.01796875 0.06015625
3 0.22890625 0.17265625 0.01796875 0.04921875
3 0.2328125 0.225 0.01953125 0.05546875
3 0.21953125 0.109375 0.01484375 0.040625
3 0.215625 0.06640625 0.01484375 0.03046875
3 0.24765625 0.353125 0.02421875 0.07578125
3 0.25625 0.4484375 0.02265625 0.08203125
6 0.2125 0.51328125 0.00703125 0.03359375
6 0.11875 0.57421875 0.00859375 0.0265625
6 0.11875 0.71953125 0.01484375 0.03046875
3 0.2734375 0.56953125 0.034375 0.0859375
6 0.28671875 0.00859375 0.003125 0.0140625
6 0.278125 0.009375 0.00390625 0.01484375
6 0.30625 0.07890625 0.00546875 0.021875
6 0.30078125 0.08359375 0.003125 0.021875
6 0.33515625 0.0828125 0.00390625 0.0234375
4 0.325 0.03984375 0.00703125 0.028125
4 0.34921875 0.19375 0.00703125 0.0296875
6 0.36484375 0.20703125 0.00234375 0.02109375
7 0.34921875 0.1890625 0.00546875 0.01953125
3 0.25625 0.01875 0.0265625 0.03125
3 0.26328125 0.0359375 0.03359375 0.025
6 0.2921875 0.0078125 0.003125 0.01171875
10 0.26953125 0.05703125 0.03203125 0.03984375
10 0.29140625 0.14921875 0.03671875 0.040625
3 0.278125 0.075 0.03671875 0.03671875
3 0.2828125 0.10078125 0.03515625 0.04375
3 0.2828125 0.12734375 0.0328125 0.03828125
3 0.28984375 0.18203125 0.0390625 0.04140625
3 0.30390625 0.203125 0.040625 0.04453125
3 0.3015625 0.2359375 0.03828125 0.0515625
3 0.3171875 0.35859375 0.0484375 0.06015625
9 0.31484375 0.29609375 0.04921875 0.0640625
3 0.3546875 0.259375 0.0265625 0.06015625
3 0.321875 0.409375 0.04609375 0.0390625
3 0.3328125 0.45078125 0.05078125 0.04453125
3 0.35390625 0.49296875 0.05703125 0.05
3 0.36484375 0.5359375 0.05546875 0.06171875
3 0.37421875 0.590625 0.05703125 0.06484375
3 0.384375 0.6453125 0.059375 0.0609375
3 0.3921875 0.70625 0.06484375 0.06015625
3 0.40546875 0.7640625 0.06171875 0.0796875
6 0.421875 0.459375 0.00703125 0.03515625
6 0.43046875 0.44296875 0.00625 0.03125
6 0.4109375 0.5828125 0.00390625 0.0234375
6 0.4203125 0.603125 0.00390625 0.0296875
6 0.51015625 0.840625 0.00703125 0.03984375
6 0.52265625 0.84375 0.0078125 0.04609375
3 0.4265625 0.828125 0.05859375 0.08203125
3 0.4375 0.89453125 0.06328125 0.09375
3 0.5203125 0.66328125 0.05859375 0.0609375
3 0.4890625 0.55390625 0.05390625 0.05546875
3 0.4765625 0.50703125 0.05859375 0.04453125
3 0.46796875 0.453125 0.04609375 0.0609375
3 0.45390625 0.37265625 0.05 0.05625
6 0.5078125 0.584375 0.0046875 0.02109375