7 0.7359375 0.70546875 0.01875 0.05625
6 0.7421875 0.63828125 0.021875 0.090625
6 0.71796875 0.66015625 0.0265625 0.090625
10 0.61171875 0.8703125 0.1078125 0.2109375
3 0.64609375 0.54375 0.06875 0.153125
3 0.4828125 0.41796875 0.0578125 0.096875
6 0.634375 0.3734375 0.0171875 0.065625
3 0.52265625 0.29453125 0.0390625 0.071875
9 0.67265625 0.3421875 0.0515625 0.1015625
3 0.65234375 0.29765625 0.0296875 0.0625
3 0.64296875 0.2265625 0.0296875 0.059375
10 0.61328125 0.12890625 0.015625 0.040625
3 0.56015625 0.09375 0.0125 0.01875