3 0.71640625 0.92421875 0.009375 0.0234375
3 0.73515625 0.6734375 0.0125 0.0375
3 0.703125 0.52734375 0.01875 0.05
3 0.66640625 0.44375 0.0234375 0.05625
10 0.72578125 0.80546875 0.009375 0.0375
10 0.6828125 0.52578125 0.0203125 0.059375
10 0.6328125 0.30703125 0.0234375 0.065625
10 0.68203125 0.3078125 0.0234375 0.0625
10 0.7171875 0.6 0.0140625 0.04375
10 0.678125 0.78515625 0.0140625 0.040625
10 0.6921875 0.78515625 0.0125 0.04375
2 0.68984375 0.4625 0.028125 0.084375
2 0.72578125 0.53984375 0.0359375 0.134375
10 0.7453125 0.621875 0.0125 0.040625
2 0.66015625 0.3359375 0.05625 0.1375
3 0.50625 0.79921875 0.0125 0.025
3 0.51796875 0.79765625 0.0109375 0.028125
3 0.8640625 0.70703125 0.028125 0.0265625
3 0.9 0.69375 0.025 0.01875