10 0.13359375 0.5890625 0.05859375 0.059375
9 0.19609375 0.553125 0.06875 0.06875
10 0.3203125 0.50390625 0.03984375 0.04375
3 0.37734375 0.5765625 0.04921875 0.04921875
3 0.4109375 0.4671875 0.04765625 0.04921875
10 0.478125 0.59296875 0.05078125 0.05390625
5 0.36953125 0.76875 0.065625 0.08359375
3 0.47421875 0.728125 0.03359375 0.0953125
10 0.5078125 0.71953125 0.0328125 0.08828125
9 0.54140625 0.7109375 0.034375 0.103125
3 0.578125 0.67734375 0.0328125 0.09140625
3 0.55546875 0.85859375 0.040625 0.1046875
3 0.64140625 0.8125 0.04765625 0.1046875
3 0.69609375 0.7859375 0.0484375 0.10546875
3 0.7140625 0.765625 0.03046875 0.09609375
3 0.61484375 0.65546875 0.03203125 0.08828125
10 0.6484375 0.64296875 0.03515625 0.10078125
3 0.67734375 0.621875 0.02734375 0.08515625
3 0.7125 0.61015625 0.0296875 0.08515625
3 0.53828125 0.56484375 0.04609375 0.04609375
3 0.59453125 0.5359375 0.05078125 0.053125
3 0.5578125 0.490625 0.04375 0.04609375
3 0.60546875 0.46640625 0.04609375 0.04453125
3 0.5515625 0.403125 0.0453125 0.05
3 0.63828125 0.36640625 0.040625 0.04921875
3 0.68203125 0.346875 0.046875 0.0453125
3 0.6484375 0.5109375 0.05078125 0.0515625
3 0.69765625 0.48515625 0.046875 0.04453125
10 0.7125 0.4140625 0.0328125 0.04921875