1 0.9359375 0.8140625 0.04921875 0.05546875
1 0.8125 0.68828125 0.0390625 0.06171875
1 0.753125 0.51328125 0.01484375 0.05625
1 0.74140625 0.50546875 0.01484375 0.05546875
6 0.36015625 0.72109375 0.0078125 0.03125
6 0.365625 0.69921875 0.015625 0.05078125
6 0.40234375 0.60546875 0.00859375 0.03046875
7 0.4125 0.6078125 0.01640625 0.0359375
6 0.4734375 0.5125 0.01015625 0.06015625
7 0.48515625 0.51953125 0.009375 0.02890625
7 0.43359375 0.63203125 0.01796875 0.034375
6 0.4671875 0.62265625 0.0109375 0.05625
6 0.4609375 0.60234375 0.02109375 0.05078125
6 0.45546875 0.67265625 0.015625 0.0734375
6 0.4765625 0.65703125 0.01640625 0.0484375
6 0.4953125 0.68515625 0.00859375 0.03671875
6 0.5078125 0.68515625 0.0140625 0.04609375
7 0.51015625 0.70859375 0.01328125 0.040625
6 0.5140625 0.76328125 0.01015625 0.03203125
6 0.5140625 0.7765625 0.01484375 0.06171875
6 0.5265625 0.796875 0.0125 0.0515625
6 0.53125 0.78359375 0.0078125 0.0265625
6 0.53671875 0.76171875 0.01171875 0.05703125
6 0.5390625 0.7546875 0.009375 0.028125
6 0.115625 0.2859375 0.01328125 0.04921875