3 0.50625 0.55390625 0.14375 0.0625
6 0.4609375 0.803125 0.021875 0.025
6 0.48046875 0.7734375 0.025 0.021875
10 0.94375 0.696875 0.1109375 0.05625
10 0.8875 0.640625 0.140625 0.05625
3 0.8140625 0.61171875 0.1234375 0.05
6 0.753125 0.61640625 0.0328125 0.0203125
3 0.31796875 0.74296875 0.15 0.065625
4 0.13125 0.9546875 0.0625 0.03125
1 0.50703125 0.8640625 0.0546875 0.025
4 0.91171875 0.7421875 0.0484375 0.0203125
3 0.97265625 0.6125 0.0546875 0.05625
3 0.91875 0.55234375 0.115625 0.05
3 0.921875 0.425 0.10625 0.0484375
9 0.83125 0.4703125 0.1734375 0.071875
6 0.7125 0.52421875 0.0328125 0.015625
6 0.6296875 0.59296875 0.0359375 0.015625
6 0.746875 0.45390625 0.0328125 0.0171875
6 0.8375 0.475 0.0359375 0.021875
6 0.8890625 0.496875 0.0421875 0.021875
7 0.90703125 0.51875 0.028125 0.0171875
4 0.90078125 0.51875 0.0640625 0.021875
4 0.8734375 0.49765625 0.0625 0.028125
3 0.9390625 0.36875 0.0796875 0.0796875
3 0.9390625 0.22578125 0.053125 0.078125
6 0.696875 0.30859375 0.0390625 0.028125
6 0.76640625 0.434375 0.0328125 0.0171875
6 0.78515625 0.45078125 0.0390625 0.015625
6 0.7609375 0.45625 0.0296875 0.0140625
6 0.73515625 0.49453125 0.0328125 0.0171875
10 0.275 0.496875 0.1546875 0.0671875
7 0.26953125 0.54921875 0.03125 0.0203125
1 0.26953125 0.55 0.059375 0.0203125
3 0.4109375 0.3171875 0.0765625 0.0796875
0 0.72265625 0.4375 0.071875 0.03125