3 0.059375 0.878125 0.11796875 0.178125
3 0.40546875 0.89765625 0.20859375 0.1453125
3 0.36953125 0.015625 0.06328125 0.02890625
3 0.3578125 0.03671875 0.06484375 0.04453125
3 0.37265625 0.08515625 0.06875 0.03125
3 0.3765625 0.1109375 0.075 0.03984375
3 0.37421875 0.13984375 0.07109375 0.04296875
3 0.38046875 0.178125 0.08515625 0.06015625
3 0.38125 0.25078125 0.09609375 0.06484375
3 0.37734375 0.20859375 0.0875 0.053125
3 0.3828125 0.3046875 0.1 0.07578125
3 0.3828125 0.36953125 0.11015625 0.0703125
3 0.38515625 0.5140625 0.11328125 0.1
3 0.39453125 0.615625 0.15078125 0.11953125
10 0.3875 0.42265625 0.10625 0.0953125
3 0.54609375 0.11875 0.07109375 0.059375
4 0.58515625 0.57734375 0.0296875 0.0953125
4 0.56796875 0.4703125 0.015625 0.071875
4 0.38984375 0.71171875 0.07265625 0.071875
1 0.56015625 0.43359375 0.02578125 0.06328125
3 0.471875 0.0703125 0.0359375 0.06640625
3 0.4296875 0.08203125 0.0453125 0.071875
6 0.41015625 0.0234375 0.00859375 0.04375
6 0.47109375 0.21015625 0.01328125 0.0609375
1 0.53046875 0.26796875 0.0140625 0.0546875
1 0.54453125 0.28984375 0.01640625 0.05390625