7 0.375 0.6140625 0.0140625 0.0078125
7 0.253125 0.47265625 0.0125 0.0046875
7 0.23828125 0.46171875 0.0125 0.0046875
7 0.2625 0.446875 0.0140625 0.0078125
7 0.42265625 0.4140625 0.01875 0.0078125
7 0.11875 0.4859375 0.009375 0.0046875
7 0.11484375 0.5859375 0.009375 0.0046875
4 0.38359375 0.6140625 0.0140625 0.00625
4 0.43046875 0.4140625 0.021875 0.0046875
7 0.6984375 0.35078125 0.0203125 0.0109375
7 0.840625 0.3078125 0.025 0.0109375
7 0.7921875 0.3140625 0.025 0.0109375
1 0.80078125 0.315625 0.04375 0.0109375
1 0.84921875 0.3078125 0.0453125 0.015625
4 0.70703125 0.35078125 0.028125 0.009375
4 0.2625 0.471875 0.0140625 0.00625
4 0.26953125 0.44609375 0.0125 0.0078125
4 0.24375 0.4609375 0.0140625 0.00625
4 0.121875 0.4859375 0.0109375 0.0046875
3 0.04921875 0.51875 0.0125 0.009375
3 0.03125 0.56796875 0.0125 0.0078125
3 0.028125 0.55625 0.0125 0.0078125
10 0.03125 0.5296875 0.0140625 0.0078125
3 0.01015625 0.5359375 0.009375 0.0078125
3 0.00625 0.52578125 0.009375 0.0078125
7 0.075 0.58671875 0.00625 0.003125
7 0.05625 0.58515625 0.00625 0.003125
4 0.0609375 0.58515625 0.009375 0.0046875
4 0.0796875 0.5859375 0.0109375 0.0046875
4 0.11953125 0.5859375 0.009375 0.0046875
2 0.12578125 0.33828125 0.028125 0.0453125
9 0.103125 0.3390625 0.021875 0.0359375
3 0.2 0.3015625 0.0171875 0.0203125
3 0.1609375 0.709375 0.0171875 0.025
3 0.3484375 0.5578125 0.0453125 0.01875