7 0.015625 0.89375 0.00703125 0.015625
6 0.0109375 0.71953125 0.0078125 0.01640625
4 0.015625 0.89296875 0.0078125 0.0265625
6 0.22421875 0.86796875 0.00546875 0.0140625
7 0.23046875 0.9484375 0.00703125 0.01328125
4 0.23125 0.94921875 0.01328125 0.03125
3 0.27578125 0.93984375 0.028125 0.06484375
6 0.45546875 0.95625 0.00625 0.01171875
3 0.3859375 0.65 0.01875 0.059375
3 0.4125 0.42578125 0.01640625 0.04375
3 0.37734375 0.428125 0.01328125 0.034375
7 0.4 0.38203125 0.003125 0.01015625
4 0.4 0.3828125 0.0046875 0.01953125
3 0.42734375 0.33203125 0.01328125 0.034375
7 0.41484375 0.32578125 0.00390625 0.0109375
4 0.41484375 0.328125 0.00546875 0.01796875
3 0.37265625 0.28984375 0.0109375 0.03125
3 0.37890625 0.2515625 0.01328125 0.0359375
3 0.38671875 0.2140625 0.01328125 0.03515625
4 0.48828125 0.2140625 0.00703125 0.01171875
4 0.48203125 0.2109375 0.00859375 0.01328125
4 0.4796875 0.20625 0.0078125 0.0140625
4 0.46171875 0.16328125 0.00390625 0.01875
3 0.45390625 0.15078125 0.01171875 0.025
4 0.45625 0.12890625 0.00859375 0.01171875
3 0.46015625 0.1015625 0.0109375 0.0265625
3 0.3953125 0.18359375 0.01328125 0.03203125
3 0.4015625 0.1515625 0.01328125 0.03203125
3 0.4078125 0.1234375 0.01328125 0.02890625
3 0.41875 0.07109375 0.0109375 0.0265625
3 0.41171875 0.09375 0.01171875 0.0296875
3 0.425 0.04453125 0.01328125 0.0265625
7 0.41328125 0.0296875 0.00234375 0.00703125
4 0.41328125 0.03203125 0.00390625 0.01328125
6 0.45703125 0.0859375 0.00234375 0.01328125
3 0.46953125 0.05625 0.00859375 0.01953125
9 0.4546875 0.034375 0.0078125 0.0234375
6 0.09609375 0.403125 0.00546875 0.009375
3 0.153125 0.14375 0.021875 0.02890625
3 0.1625 0.13046875 0.02265625 0.0203125
3 0.1703125 0.109375 0.0234375 0.02109375