3 0.6125 0.3765625 0.07265625 0.053125
3 0.61875 0.340625 0.071875 0.05546875
3 0.61640625 0.2796875 0.04921875 0.04453125
3 0.62421875 0.25859375 0.05390625 0.04609375
3 0.61796875 0.23671875 0.04609375 0.03828125
3 0.62421875 0.225 0.05859375 0.0390625
3 0.62734375 0.209375 0.0546875 0.03515625
3 0.6296875 0.19296875 0.04296875 0.034375
3 0.6234375 0.16796875 0.04140625 0.03671875
3 0.6296875 0.159375 0.04765625 0.03671875
3 0.63046875 0.146875 0.04765625 0.03046875
3 0.6296875 0.134375 0.0359375 0.028125
3 0.634375 0.1140625 0.03984375 0.0265625
3 0.63828125 0.10546875 0.0359375 0.02578125
3 0.6359375 0.09765625 0.04140625 0.025
3 0.63515625 0.08671875 0.0375 0.028125
3 0.63984375 0.08203125 0.03671875 0.0265625
3 0.640625 0.0734375 0.0375 0.0234375
3 0.6421875 0.065625 0.0328125 0.0234375
3 0.64140625 0.059375 0.034375 0.02109375
3 0.6390625 0.05625 0.03359375 0.02109375
3 0.64453125 0.046875 0.02890625 0.02109375
3 0.6421875 0.04140625 0.03203125 0.02109375
3 0.63984375 0.03046875 0.03359375 0.02109375
3 0.64375 0.025 0.03046875 0.0203125
3 0.64453125 0.01875 0.02890625 0.01796875
3 0.6453125 0.01171875 0.02734375 0.01875
3 0.64140625 0.00703125 0.028125 0.0140625
3 0.6484375 0.00859375 0.021875 0.0171875
3 0.54375 0.07109375 0.03125 0.02578125
3 0.51796875 0.0984375 0.03203125 0.02890625
1 0.525 0.0765625 0.0125 0.015625
4 0.51953125 0.12578125 0.01484375 0.02109375
4 0.51171875 0.13046875 0.01484375 0.021875
10 0.54140625 0.12421875 0.021875 0.04453125
4 0.5203125 0.171875 0.0078125 0.0203125
4 0.5125 0.19140625 0.0171875 0.0234375
1 0.496875 0.234375 0.009375 0.02578125
3 0.465625 0.36875 0.03515625 0.059375
10 0.4796875 0.42109375 0.03515625 0.0765625
6 0.45859375 0.40859375 0.0125 0.04921875
3 0.4109375 0.5171875 0.0484375 0.075
10 0.28125 0.6 0.1 0.09453125
10 0.2984375 0.69609375 0.09609375 0.13828125
1 0.23671875 0.6828125 0.03671875 0.046875
4 0.2171875 0.69609375 0.0359375 0.05546875
4 0.08515625 0.80390625 0.046875 0.075
3 0.184375 0.9125 0.1296875 0.13984375
3 0.60390625 0.8703125 0.14296875 0.1296875
3 0.57890625 0.65625 0.11640625 0.08828125
3 0.59921875 0.4953125 0.0890625 0.06640625
3 0.61015625 0.43125 0.07890625 0.0609375
10 0.5859375 0.578125 0.08359375 0.11171875
6 0.6578125 0.53671875 0.0109375 0.05703125
3 0.96953125 0.32109375 0.04609375 0.06015625
3 0.81171875 0.0390625 0.01640625 0.021875
3 0.8109375 0.01640625 0.01796875 0.021875
3 0.84140625 0.00703125 0.0171875 0.0140625
10 0.91328125 0.06953125 0.02265625 0.0296875
10 0.8734375 0.14609375 0.0265625 0.04921875
2 0.8546875 0.07578125 0.04296875 0.06640625