3 0.69296875 0.74921875 0.103125 0.09375
6 0.6484375 0.52890625 0.0296875 0.046875
3 0.6109375 0.43359375 0.0375 0.05
5 0.4921875 0.64921875 0.0828125 0.13125
0 0.13203125 0.7625 0.0984375 0.146875
3 0.0453125 0.59375 0.090625 0.103125
3 0.3328125 0.6 0.096875 0.0921875
10 0.45390625 0.59140625 0.09375 0.1078125
10 0.46171875 0.47265625 0.0734375 0.0671875
9 0.67890625 0.42109375 0.071875 0.1140625
6 0.63515625 0.33359375 0.0125 0.0203125
1 0.634375 0.33828125 0.0109375 0.0171875
6 0.60546875 0.32265625 0.009375 0.015625
6 0.6015625 0.32421875 0.0078125 0.0125
4 0.60390625 0.328125 0.0140625 0.0125
9 0.64765625 0.30390625 0.0265625 0.0375
10 0.69765625 0.23203125 0.0109375 0.015625
6 0.69921875 0.22421875 0.00625 0.009375
8 0.68125 0.3015625 0.0125 0.0203125
8 0.69453125 0.30625 0.0125 0.021875
9 0.70078125 0.3171875 0.0171875 0.025
6 0.68046875 0.3234375 0.0078125 0.015625
1 0.67890625 0.3265625 0.009375 0.0109375
9 0.7171875 0.178125 0.0109375 0.015625
3 0.503125 0.45234375 0.046875 0.0484375
6 0.50703125 0.46328125 0.01875 0.0296875
3 0.39765625 0.559375 0.0828125 0.071875
6 0.38515625 0.5640625 0.0234375 0.046875
10 0.41015625 0.5234375 0.0625 0.0515625
3 0.796875 0.6296875 0.075 0.0640625