3 0.328125 0.01171875 0.01328125 0.01796875
3 0.27734375 0.0765625 0.02421875 0.01796875
10 0.31484375 0.021875 0.01328125 0.01875
10 0.29609375 0.0359375 0.0171875 0.02421875
10 0.28203125 0.05390625 0.01484375 0.02109375
10 0.259375 0.11953125 0.0234375 0.0265625
9 0.2515625 0.14296875 0.0265625 0.05
9 0.2359375 0.19375 0.02890625 0.06640625
6 0.31640625 0.00390625 0.0015625 0.0078125
6 0.31953125 0.00546875 0.003125 0.01015625
6 0.23671875 0.11015625 0.00390625 0.01875
6 0.23984375 0.08359375 0.003125 0.01796875
6 0.2484375 0.07890625 0.00390625 0.01875
6 0.2515625 0.07890625 0.00546875 0.01875
6 0.44609375 0.01875 0.00234375 0.01328125
6 0.43671875 0.01328125 0.00234375 0.01171875
6 0.43984375 0.01328125 0.003125 0.01484375
6 0.43984375 0.03671875 0.003125 0.01484375
6 0.4296875 0.0578125 0.00390625 0.015625
6 0.4296875 0.0984375 0.003125 0.01640625
6 0.42734375 0.1140625 0.00390625 0.01796875
6 0.43203125 0.1140625 0.00390625 0.01796875
6 0.4609375 0.3625 0.00546875 0.02890625
6 0.4734375 0.365625 0.00546875 0.02578125
5 0.4765625 0.37578125 0.0046875 0.015625
6 0.465625 0.38125 0.00625 0.0265625
6 0.4609375 0.38125 0.00546875 0.0265625
6 0.48046875 0.5890625 0.00703125 0.0359375
6 0.64140625 0.4765625 0.00625 0.0203125
6 0.68671875 0.48046875 0.01484375 0.03046875
6 0.6890625 0.4890625 0.01171875 0.03359375
7 0.6640625 0.278125 0.0078125 0.0203125
7 0.665625 0.27578125 0.00859375 0.01875
5 0.66640625 0.2765625 0.01171875 0.01640625
7 0.609375 0.24375 0.0078125 0.01953125
3 0.5546875 0.31328125 0.04921875 0.03984375
6 0.72734375 0.1734375 0.003125 0.01953125
7 0.7125 0.121875 0.0046875 0.01875
7 0.65 0.13359375 0.00703125 0.021875
6 0.66328125 0.13125 0.009375 0.02421875
7 0.61640625 0.16328125 0.00546875 0.01796875
7 0.590625 0.15703125 0.00546875 0.0203125
7 0.59609375 0.159375 0.00546875 0.0203125
7 0.58828125 0.1546875 0.00625 0.0109375
6 0.64453125 0.1578125 0.00390625 0.015625
6 0.6640625 0.15234375 0.0046875 0.015625
4 0.16328125 0.38984375 0.02421875 0.028125
5 0.115625 0.45546875 0.01171875 0.028125
6 0.165625 0.28984375 0.00703125 0.028125
6 0.1140625 0.4640625 0.00859375 0.03125
6 0.13046875 0.37265625 0.0109375 0.0265625
6 0.13671875 0.37421875 0.0078125 0.028125