3 0.20703125 0.30546875 0.1625 0.21953125
10 0.04296875 0.74765625 0.08515625 0.3046875
3 0.14140625 0.81796875 0.1421875 0.275
3 0.2109375 0.8671875 0.165625 0.265625
3 0.3046875 0.91875 0.153125 0.1625
4 0.57734375 0.43359375 0.03046875 0.1140625
4 0.7265625 0.5484375 0.0578125 0.08984375
6 0.7203125 0.62734375 0.03203125 0.0640625
6 0.6984375 0.746875 0.03046875 0.05859375
3 0.4265625 0.9796875 0.1171875 0.040625
1 0.3234375 0.228125 0.05625 0.07109375
1 0.315625 0.2140625 0.059375 0.07421875