3 0.70625 0.63125 0.0234375 0.0375
3 0.646875 0.5859375 0.01875 0.0328125
3 0.7109375 0.475 0.025 0.046875
10 0.5984375 0.5015625 0.028125 0.05
3 0.6328125 0.64375 0.0140625 0.0265625
3 0.6671875 0.62734375 0.015625 0.0265625
3 0.68125 0.59375 0.0234375 0.0390625
3 0.66015625 0.653125 0.0140625 0.0234375
10 0.6515625 0.6796875 0.0109375 0.025
3 0.6328125 0.71640625 0.0140625 0.021875
3 0.603125 0.778125 0.0125 0.015625
3 0.58984375 0.79140625 0.0109375 0.0203125
3 0.59375 0.8140625 0.0109375 0.0203125
3 0.61953125 0.678125 0.015625 0.028125
3 0.61640625 0.84375 0.009375 0.015625
3 0.60078125 0.85390625 0.009375 0.015625
3 0.60078125 0.87890625 0.009375 0.0140625
3 0.5875 0.8890625 0.009375 0.0171875
3 0.58984375 0.903125 0.009375 0.0140625
3 0.56015625 0.95546875 0.0046875 0.009375
3 0.55625 0.965625 0.0046875 0.009375
3 0.5484375 0.95703125 0.00625 0.0109375
3 0.55 0.9796875 0.0046875 0.009375
2 0.540625 0.98671875 0.0109375 0.021875
3 0.5453125 0.99375 0.0046875 0.00625
3 0.59140625 0.95703125 0.00625 0.0109375
3 0.57890625 0.9609375 0.0046875 0.00625
3 0.5828125 0.97109375 0.0046875 0.00625
3 0.57578125 0.9859375 0.0046875 0.00625
3 0.56484375 0.990625 0.0046875 0.00625
3 0.55859375 0.99921875 0.0046875 0.0015625
3 0.6125 0.91875 0.0078125 0.0109375
3 0.63828125 0.83515625 0.009375 0.0171875
3 0.60234375 0.9359375 0.0078125 0.0109375
3 0.62890625 0.890625 0.0046875 0.009375
2 0.65703125 0.87890625 0.0203125 0.0390625
3 0.596875 0.734375 0.015625 0.0203125
10 0.6828125 0.4640625 0.0234375 0.053125
3 0.8390625 0.415625 0.0359375 0.05625
6 0.96484375 0.47734375 0.0109375 0.0203125
6 0.98671875 0.478125 0.0109375 0.0203125
6 0.88828125 0.5328125 0.0078125 0.0140625
6 0.8359375 0.5359375 0.00625 0.0125
6 0.84140625 0.52890625 0.0109375 0.0203125