7 0.70390625 0.753125 0.03203125 0.11171875
1 0.70078125 0.7796875 0.04765625 0.0984375
3 0.4453125 0.84296875 0.19140625 0.215625
6 0.053125 0.440625 0.00625 0.02421875
6 0.07421875 0.4859375 0.01171875 0.03984375
6 0.0625 0.47109375 0.00859375 0.02890625
6 0.121875 0.503125 0.00703125 0.03203125
6 0.121875 0.49921875 0.0078125 0.03828125
7 0.14765625 0.478125 0.01171875 0.0265625
7 0.2140625 0.478125 0.009375 0.02578125
1 0.2171875 0.4890625 0.0234375 0.0203125
6 0.0234375 0.52578125 0.01484375 0.0453125
6 0.028125 0.503125 0.00703125 0.03515625
6 0.03515625 0.51796875 0.01171875 0.04296875
6 0.0546875 0.51640625 0.01015625 0.0484375
6 0.0578125 0.5125 0.01640625 0.04375
3 0.053125 0.490625 0.034375 0.03203125
3 0.04375 0.47265625 0.028125 0.04140625
3 0.03671875 0.46171875 0.02421875 0.03125
3 0.03203125 0.4484375 0.021875 0.03984375
3 0.1359375 0.52421875 0.07890625 0.05390625
3 0.1890625 0.5 0.06640625 0.04296875
3 0.2171875 0.471875 0.03203125 0.04609375
3 0.26015625 0.50078125 0.07109375 0.04296875
6 0.2875 0.465625 0.0109375 0.040625
3 0.315625 0.4765625 0.0609375 0.04140625
3 0.35625 0.48046875 0.05859375 0.03671875
3 0.31171875 0.45 0.02421875 0.03515625
3 0.334375 0.446875 0.02265625 0.03515625
3 0.35859375 0.440625 0.02578125 0.03515625
10 0.37265625 0.45703125 0.04453125 0.04140625
3 0.3765625 0.43828125 0.02421875 0.028125
3 0.39921875 0.43515625 0.02734375 0.03359375
3 0.421875 0.43203125 0.02421875 0.03203125
3 0.44375 0.43046875 0.02890625 0.03203125
3 0.4640625 0.42890625 0.025 0.03203125
3 0.48359375 0.4265625 0.03125 0.0296875
3 0.4296875 0.453125 0.05 0.03359375
3 0.47734375 0.44453125 0.046875 0.03359375
3 0.49140625 0.41875 0.02890625 0.03046875
3 0.5203125 0.45078125 0.04609375 0.03203125
6 0.51953125 0.45390625 0.00859375 0.02890625
3 0.51875 0.43515625 0.04296875 0.0390625
3 0.51328125 0.41796875 0.02734375 0.0296875
3 0.55234375 0.43203125 0.02734375 0.03984375
10 0.58828125 0.42265625 0.04453125 0.03984375
3 0.59609375 0.4109375 0.02421875 0.034375
3 0.625 0.41796875 0.02890625 0.02890625
3 0.6703125 0.4109375 0.0359375 0.03515625
3 0.64921875 0.4015625 0.0265625 0.034375
3 0.6609375 0.3984375 0.0265625 0.03671875
3 0.67265625 0.39453125 0.0203125 0.028125
3 0.68046875 0.39375 0.02265625 0.0296875
3 0.696875 0.4078125 0.0296875 0.02890625
3 0.69609375 0.38984375 0.02109375 0.028125
3 0.7203125 0.40078125 0.01640625 0.028125