3 0.24296875 0.92890625 0.17265625 0.1359375
4 0.33359375 0.76796875 0.02421875 0.07109375
4 0.296875 0.740625 0.02265625 0.065625
4 0.3078125 0.70390625 0.0390625 0.053125
4 0.3140625 0.64453125 0.03515625 0.04609375
4 0.33984375 0.621875 0.03203125 0.0390625
8 0.37109375 0.728125 0.028125 0.084375
8 0.415625 0.71171875 0.034375 0.08203125
3 0.634375 0.55234375 0.0375 0.065625
0 0.49765625 0.6203125 0.03671875 0.0984375
7 0.55625 0.6421875 0.01484375 0.03828125
5 0.56484375 0.675 0.04609375 0.121875
7 0.61328125 0.67578125 0.01640625 0.03828125
7 0.52890625 0.459375 0.01015625 0.03359375
5 0.53984375 0.47890625 0.03828125 0.0890625
4 0.69609375 0.47578125 0.01328125 0.0453125
3 0.41796875 0.46953125 0.03515625 0.0609375
7 0.6234375 0.38046875 0.00859375 0.01328125
6 0.5859375 0.359375 0.0078125 0.03359375
7 0.60546875 0.35078125 0.0078125 0.0203125
7 0.60078125 0.3484375 0.01015625 0.0234375
4 0.56328125 0.3484375 0.00859375 0.0234375
0 0.5765625 0.34296875 0.01953125 0.03828125
7 0.3140625 0.4078125 0.01171875 0.0234375
7 0.3328125 0.41640625 0.0078125 0.0203125
4 0.3484375 0.421875 0.0109375 0.03203125
4 0.34609375 0.4078125 0.00859375 0.02109375
4 0.3828125 0.41171875 0.02265625 0.03125
4 0.3984375 0.40703125 0.00859375 0.028125
8 0.41015625 0.40546875 0.01484375 0.03359375
0 0.42265625 0.40078125 0.0171875 0.04609375
0 0.40703125 0.3890625 0.0375 0.0296875
4 0.359375 0.3109375 0.01015625 0.021875
8 0.36953125 0.30546875 0.01015625 0.0234375
7 0.41875 0.2875 0.00625 0.01953125
4 0.41875 0.29140625 0.00546875 0.015625
7 0.48125 0.31484375 0.00703125 0.01875
8 0.478125 0.31953125 0.01328125 0.01953125
0 0.4921875 0.3109375 0.01328125 0.028125
4 0.50078125 0.3 0.00546875 0.01875
4 0.5109375 0.30625 0.00859375 0.01875
8 0.515625 0.3015625 0.01328125 0.0265625
6 0.53125 0.3140625 0.00546875 0.028125
6 0.53515625 0.3109375 0.00859375 0.03046875
3 0.51171875 0.2609375 0.028125 0.02109375
4 0.4984375 0.26015625 0.0078125 0.01328125
4 0.49140625 0.2578125 0.0125 0.015625
10 0.45078125 0.240625 0.01484375 0.021875
3 0.4625 0.2359375 0.01640625 0.0203125
0 0.43671875 0.24140625 0.00859375 0.021875
7 0.425 0.23984375 0.00390625 0.0109375
4 0.425 0.24375 0.00546875 0.01484375
6 0.49375 0.2234375 0.00234375 0.01328125
7 0.48828125 0.23046875 0.00390625 0.01171875
9 0.446875 0.228125 0.0375 0.028125
0 0.4171875 0.23046875 0.0078125 0.0203125
3 0.4296875 0.2171875 0.0125 0.01796875
7 0.409375 0.22109375 0.003125 0.01015625
7 0.409375 0.21953125 0.00390625 0.01171875
4 0.409375 0.22109375 0.0046875 0.01328125
3 0.34453125 0.21328125 0.015625 0.01875
9 0.359375 0.19765625 0.0296875 0.0265625
7 0.39453125 0.1859375 0.003125 0.00625
4 0.39375 0.18828125 0.00390625 0.009375
3 0.396875 0.17890625 0.0078125 0.01328125
7 0.3703125 0.18046875 0.00234375 0.00625
4 0.36953125 0.18203125 0.003125 0.00703125
3 0.36171875 0.18125 0.00703125 0.0109375
9 0.36015625 0.17421875 0.00859375 0.0140625
3 0.353125 0.18046875 0.00625 0.0109375
0 0.3640625 0.1578125 0.00390625 0.01015625
7 0.3609375 0.1625 0.0015625 0.0046875
4 0.3609375 0.1640625 0.00234375 0.0046875
0 0.39375 0.1671875 0.0046875 0.01015625
7 0.396875 0.16796875 0.00234375 0.0046875
10 0.3390625 0.15390625 0.00703125 0.009375
8 0.34765625 0.14609375 0.00390625 0.00703125