6 0.0875 0.46328125 0.03671875 0.11640625
6 0.15546875 0.35 0.025 0.071875
6 0.2453125 0.31015625 0.0125 0.05390625
6 0.27421875 0.321875 0.02265625 0.07890625
6 0.303125 0.32734375 0.01953125 0.07109375
6 0.33359375 0.29453125 0.01484375 0.06796875
6 0.3625 0.49375 0.0265625 0.13671875
6 0.38671875 0.35625 0.02578125 0.05859375
6 0.35546875 0.39140625 0.021875 0.096875
6 0.34609375 0.38125 0.021875 0.08828125
6 0.10546875 0.44765625 0.03828125 0.12109375
6 0.20859375 0.571875 0.04921875 0.14609375
6 0.23203125 0.57890625 0.02890625 0.1203125
6 0.0171875 0.50234375 0.03359375 0.13203125
6 0.0484375 0.64296875 0.04921875 0.1515625
6 0.178125 0.6375 0.0453125 0.1734375
6 0.2421875 0.66171875 0.03671875 0.146875
6 0.30625 0.6484375 0.04296875 0.15390625
6 0.39140625 0.6484375 0.03515625 0.1546875
6 0.4796875 0.625 0.03984375 0.15546875
6 0.51328125 0.6609375 0.03515625 0.1546875
6 0.58203125 0.6453125 0.0375 0.16875
6 0.63046875 0.640625 0.05078125 0.16796875
6 0.67109375 0.64609375 0.03515625 0.1359375
6 0.71015625 0.62890625 0.03828125 0.18203125
6 0.69765625 0.890625 0.03359375 0.1203125
6 0.684375 0.371875 0.0359375 0.08203125
7 0.50390625 0.359375 0.0265625 0.071875
7 0.48515625 0.35859375 0.02890625 0.06015625
7 0.52890625 0.33828125 0.02109375 0.053125
6 0.33671875 0.2640625 0.00859375 0.05078125
6 0.02578125 0.48203125 0.02578125 0.0859375
7 0.17734375 0.578125 0.028125 0.08203125