6 0.1125 0.3015625 0.059375 0.0921875
6 0.590625 0.084375 0.06875 0.0890625
7 0.6140625 0.1265625 0.046875 0.0921875
1 0.6078125 0.1140625 0.090625 0.078125
7 0.2 0.69609375 0.0453125 0.075
1 0.2015625 0.684375 0.0578125 0.0671875
1 0.20859375 0.87265625 0.0296875 0.053125
1 0.57265625 0.87109375 0.040625 0.0484375
1 0.65 0.85078125 0.0375 0.0421875
1 0.46328125 0.9890625 0.0296875 0.021875
1 0.38203125 0.98046875 0.0328125 0.0390625
6 0.296875 0.22421875 0.0390625 0.071875
6 0.30390625 0.26015625 0.0296875 0.06875
7 0.21015625 0.89609375 0.03125 0.0625
7 0.38046875 0.98359375 0.0265625 0.0328125
7 0.43984375 0.9734375 0.0234375 0.0515625
7 0.57734375 0.87890625 0.0234375 0.0515625
7 0.65625 0.8609375 0.0265625 0.0515625
3 0.13125 0.7578125 0.115625 0.1453125
3 0.6015625 0.75546875 0.1234375 0.16875
3 0.63828125 0.79296875 0.1109375 0.1078125
3 0.69140625 0.57734375 0.1234375 0.15
3 0.7140625 0.67578125 0.109375 0.140625
3 0.0796875 0.86953125 0.06875 0.1125
6 0.41953125 0.984375 0.0171875 0.03125
4 0.4359375 0.96015625 0.0375 0.0421875
6 0.51875 0.971875 0.021875 0.05625
6 0.5609375 0.9671875 0.0234375 0.053125
6 0.57265625 0.95 0.021875 0.0609375
6 0.5859375 0.921875 0.0234375 0.0546875
6 0.57890625 0.925 0.01875 0.0390625
6 0.628125 0.90703125 0.0234375 0.0546875
6 0.6484375 0.965625 0.0203125 0.0359375
6 0.67890625 0.8609375 0.028125 0.0609375
6 0.6875 0.87265625 0.0234375 0.0546875
6 0.65703125 0.8875 0.028125 0.05625
6 0.65390625 0.8921875 0.0296875 0.05625
6 0.77890625 0.93984375 0.0234375 0.0453125