3 0.4796875 0.9890625 0.015625 0.021875
6 0.50703125 0.9921875 0.0046875 0.015625
4 0.39140625 0.9859375 0.0125 0.015625
4 0.39140625 0.97578125 0.015625 0.015625
4 0.37421875 0.94375 0.0140625 0.028125
4 0.375 0.92578125 0.0140625 0.021875
4 0.38046875 0.91171875 0.015625 0.01875
4 0.36171875 0.809375 0.0171875 0.0203125
4 0.471875 0.71953125 0.0171875 0.0265625
4 0.46875 0.7015625 0.0109375 0.025
4 0.3453125 0.73125 0.0203125 0.0234375
4 0.34375 0.71484375 0.01875 0.025
4 0.3296875 0.62578125 0.0171875 0.028125
4 0.3265625 0.60703125 0.01875 0.0203125
4 0.3671875 0.56171875 0.0109375 0.040625
0 0.31484375 0.55 0.0328125 0.0328125
4 0.3296875 0.33984375 0.0109375 0.0375
4 0.42890625 0.24609375 0.0234375 0.0234375
4 0.41328125 0.13359375 0.021875 0.01875
4 0.409375 0.0953125 0.0171875 0.040625
6 0.29921875 0.1359375 0.0125 0.015625
7 0.3296875 0.34609375 0.0078125 0.009375
7 0.33046875 0.3515625 0.00625 0.00625
6 0.453125 0.378125 0.00625 0.0203125
7 0.36640625 0.5609375 0.009375 0.025
4 0.440625 0.55546875 0.021875 0.025
3 0.41015625 0.96796875 0.0203125 0.0515625
3 0.4 0.9109375 0.0203125 0.05625
3 0.39140625 0.85234375 0.0203125 0.059375
3 0.45390625 0.7484375 0.0203125 0.065625
3 0.36484375 0.6953125 0.0265625 0.0703125
3 0.35546875 0.61484375 0.025 0.078125
3 0.359375 0.44375 0.028125 0.0859375
3 0.26171875 0.5484375 0.0578125 0.0515625
10 0.2328125 0.50078125 0.0421875 0.0390625
3 0.296875 0.46875 0.0578125 0.05
3 0.3140625 0.3796875 0.03125 0.1015625
3 0.37578125 0.33984375 0.0375 0.1078125
3 0.403125 0.28125 0.028125 0.0953125
3 0.2734375 0.1265625 0.0421875 0.1296875
3 0.38046875 0.0859375 0.034375 0.1109375