10 0.4859375 0.52734375 0.1140625 0.1734375
3 0.72890625 0.33203125 0.0828125 0.1078125
10 0.7484375 0.1765625 0.1 0.1328125
3 0.7046875 0.478125 0.10625 0.14375
6 0.61875 0.5921875 0.0359375 0.0484375
6 0.690625 0.32734375 0.03125 0.0484375
3 0.21171875 0.84921875 0.0734375 0.084375
3 0.03828125 0.7640625 0.0765625 0.115625
3 0.06015625 0.67578125 0.1203125 0.1234375
3 0.09921875 0.57890625 0.1375 0.1140625
3 0.14296875 0.48984375 0.1359375 0.11875
10 0.1890625 0.40703125 0.1125 0.1046875
3 0.221875 0.33984375 0.115625 0.1046875
3 0.25546875 0.27421875 0.1046875 0.09375
3 0.28515625 0.2234375 0.1046875 0.0859375
3 0.3078125 0.16953125 0.0984375 0.08125
3 0.334375 0.1234375 0.08125 0.06875
3 0.353125 0.078125 0.0859375 0.0765625
3 0.3953125 0.021875 0.0875 0.04375
3 0.1484375 0.1125 0.078125 0.084375
3 0.115625 0.18359375 0.078125 0.0984375
3 0.0765625 0.2625 0.0625 0.084375
6 0.2765625 0.096875 0.034375 0.053125
6 0.40546875 0.08046875 0.0203125 0.03125
3 0.790625 0.30546875 0.0890625 0.1140625