6 0.03125 0.58359375 0.00546875 0.01875
6 0.03046875 0.57578125 0.00625 0.015625
4 0.03203125 0.53203125 0.00546875 0.02109375
4 0.03984375 0.528125 0.00625 0.0203125
4 0.0484375 0.52421875 0.00625 0.01875
6 0.196875 0.740625 0.00546875 0.00859375
7 0.203125 0.74921875 0.00625 0.009375
3 0.4015625 0.73359375 0.0328125 0.059375
6 0.275 0.45859375 0.00546875 0.01953125
6 0.3359375 0.4375 0.003125 0.015625
6 0.3859375 0.39453125 0.003125 0.01171875
6 0.38046875 0.396875 0.00390625 0.01484375
6 0.35625 0.34375 0.003125 0.01484375
6 0.346875 0.359375 0.00234375 0.01328125
6 0.39453125 0.34453125 0.00234375 0.01015625
4 0.37734375 0.36875 0.0109375 0.0109375
3 0.44140625 0.090625 0.0125 0.0265625
10 0.47265625 0.18515625 0.01484375 0.03125
6 0.465625 0.25546875 0.0015625 0.0109375
6 0.46484375 0.253125 0.003125 0.01328125
6 0.446875 0.0171875 0.00234375 0.00859375
6 0.44453125 0.0171875 0.00234375 0.00859375
3 0.46015625 0.0125 0.01015625 0.02109375
4 0.51171875 0.028125 0.00390625 0.01171875
7 0.51328125 0.02421875 0.00234375 0.00703125
7 0.51171875 0.025 0.00234375 0.00703125
10 0.453125 0.421875 0.02421875 0.04375
4 0.44140625 0.51484375 0.00703125 0.01328125
4 0.52734375 0.47734375 0.00859375 0.01171875
3 0.465625 0.5421875 0.02421875 0.05078125
3 0.44296875 0.703125 0.02578125 0.059375
10 0.55 0.0046875 0.01484375 0.009375
10 0.59765625 0.02578125 0.01484375 0.021875
3 0.56484375 0.10859375 0.01484375 0.021875
3 0.6140625 0.11328125 0.0171875 0.01796875
3 0.6015625 0.08828125 0.01328125 0.015625
3 0.578125 0.04453125 0.0078125 0.009375
3 0.59140625 0.0640625 0.009375 0.01171875
3 0.6359375 0.0921875 0.01484375 0.01953125
3 0.6453125 0.16875 0.01796875 0.01796875
3 0.68359375 0.1578125 0.02265625 0.01953125
3 0.65078125 0.11640625 0.01796875 0.0234375
3 0.62421875 0.128125 0.01796875 0.01875
3 0.60859375 0.10078125 0.01640625 0.0109375
4 0.5625 0.12578125 0.00390625 0.01171875
6 0.67109375 0.18828125 0.003125 0.015625
6 0.6734375 0.22890625 0.00703125 0.015625
6 0.7015625 0.215625 0.0046875 0.01484375
6 0.665625 0.19140625 0.00234375 0.01015625
7 0.5625 0.1234375 0.003125 0.00625
7 0.5265625 0.4765625 0.00390625 0.00859375
7 0.44140625 0.509375 0.0046875 0.009375