9 0.0671875 0.609375 0.1015625 0.1265625
10 0.11953125 0.48125 0.0578125 0.08125
3 0.2265625 0.64609375 0.0421875 0.0609375
3 0.1625 0.7015625 0.0453125 0.05625
3 0.19765625 0.74296875 0.0390625 0.046875
3 0.22734375 0.775 0.0328125 0.040625
10 0.3265625 0.828125 0.0375 0.05
3 0.35859375 0.98359375 0.0296875 0.028125
9 0.33359375 0.9875 0.0359375 0.025
6 0.36875 0.80625 0.0109375 0.01875
1 0.371875 0.84140625 0.009375 0.0140625
6 0.4140625 0.88125 0.0109375 0.01875
6 0.41171875 0.934375 0.0125 0.0203125
6 0.46953125 0.98984375 0.0078125 0.0125
6 0.51015625 0.96640625 0.009375 0.015625
3 0.5609375 0.9796875 0.0234375 0.028125
3 0.61015625 0.85078125 0.0296875 0.04375
3 0.653125 0.96953125 0.01875 0.0203125
3 0.621875 0.74296875 0.0453125 0.059375
6 0.6875 0.47109375 0.01875 0.0265625
6 0.69375 0.47265625 0.015625 0.0203125
6 0.69375 0.48984375 0.0109375 0.015625
6 0.69609375 0.4921875 0.0109375 0.015625
6 0.71171875 0.69375 0.0140625 0.021875
6 0.70390625 0.7 0.0125 0.0171875
6 0.70703125 0.70859375 0.009375 0.015625
6 0.74921875 0.71875 0.0078125 0.0140625
6 0.72734375 0.7640625 0.0109375 0.01875
6 0.725 0.7640625 0.0109375 0.01875
6 0.74921875 0.75234375 0.0125 0.0171875
6 0.75390625 0.7328125 0.009375 0.015625
6 0.75625 0.71875 0.0125 0.0171875
6 0.75703125 0.709375 0.0109375 0.01875