3 0.15859375 0.721875 0.04921875 0.16796875
3 0.17421875 0.5296875 0.04296875 0.140625
3 0.26640625 0.47421875 0.040625 0.1515625
3 0.19375 0.21171875 0.03984375 0.1140625
6 0.0453125 0.478125 0.02578125 0.028125
7 0.225 0.321875 0.0140625 0.03046875
1 0.225 0.33046875 0.01015625 0.05078125
1 0.01015625 0.51953125 0.01953125 0.0140625
3 0.55546875 0.85078125 0.046875 0.175
3 0.54296875 0.64140625 0.04375 0.146875
3 0.53203125 0.46640625 0.04296875 0.140625
3 0.58828125 0.55078125 0.04453125 0.15859375
10 0.6015625 0.71171875 0.04765625 0.13671875
3 0.7078125 0.40390625 0.04296875 0.06796875
6 0.57265625 0.33125 0.01640625 0.034375
6 0.58359375 0.325 0.01328125 0.03515625
6 0.65625 0.74296875 0.02265625 0.02109375
7 0.490625 0.596875 0.0140625 0.028125
1 0.490625 0.5984375 0.01015625 0.05703125
3 0.14375 0.9109375 0.06015625 0.1203125