6 0.9515625 0.2328125 0.009375 0.0046875
6 0.93671875 0.23828125 0.0125 0.0046875
4 0.9546875 0.22265625 0.0125 0.0046875
4 0.790625 0.36484375 0.0125 0.0046875
3 0.78203125 0.284375 0.0296875 0.0125
6 0.7375 0.26953125 0.009375 0.0046875
3 0.51953125 0.39140625 0.03125 0.0125
4 0.375 0.41875 0.0140625 0.0046875
4 0.2703125 0.35234375 0.0125 0.0046875
9 0.0546875 0.12578125 0.0578125 0.0515625
10 0.10625 0.18515625 0.0328125 0.015625
3 0.0453125 0.25703125 0.03125 0.0109375
3 0.04296875 0.265625 0.03125 0.0125
3 0.04609375 0.27421875 0.03125 0.0125
3 0.05078125 0.28359375 0.03125 0.0125
3 0.04921875 0.2921875 0.0328125 0.0125
3 0.05390625 0.303125 0.0265625 0.0109375
3 0.05703125 0.31171875 0.0296875 0.009375
3 0.0578125 0.31953125 0.03125 0.0125
3 0.08046875 0.4890625 0.0203125 0.0171875
3 0.06484375 0.49140625 0.015625 0.0171875
3 0.04921875 0.49375 0.0171875 0.015625
3 0.03046875 0.496875 0.0140625 0.01875
3 0.46171875 0.53359375 0.0234375 0.0203125
3 0.4765625 0.50859375 0.03125 0.0109375
3 0.18359375 0.5375 0.0203125 0.01875
4 0.09765625 0.5375 0.0109375 0.0046875
4 0.0984375 0.540625 0.0125 0.0046875
4 0.09921875 0.54375 0.015625 0.0046875
4 0.09921875 0.546875 0.015625 0.0046875
4 0.10078125 0.55078125 0.015625 0.0046875
4 0.10234375 0.55390625 0.015625 0.0046875
4 0.10390625 0.55703125 0.0125 0.00625
4 0.103125 0.5609375 0.015625 0.0046875
4 0.10625 0.56484375 0.0140625 0.0046875
4 0.10625 0.5671875 0.015625 0.0046875
4 0.109375 0.57109375 0.01875 0.0046875