3 0.54609375 0.0921875 0.025 0.0234375
10 0.54296875 0.109375 0.03046875 0.0296875
10 0.6140625 0.09609375 0.02265625 0.03359375
3 0.6046875 0.11328125 0.02734375 0.02109375
3 0.60546875 0.1296875 0.028125 0.02421875
3 0.53984375 0.15859375 0.03046875 0.03046875
3 0.5984375 0.24453125 0.02421875 0.0265625
3 0.60234375 0.22265625 0.02734375 0.0265625
10 0.63828125 0.246875 0.025 0.0453125
3 0.51875 0.346875 0.03203125 0.028125
3 0.57890625 0.50625 0.03515625 0.03671875
3 0.57890625 0.5390625 0.02890625 0.03203125
3 0.56875 0.584375 0.03984375 0.03203125
6 0.53984375 0.62265625 0.00625 0.01796875
4 0.62109375 0.5828125 0.01484375 0.01796875
3 0.565625 0.671875 0.03984375 0.040625
3 0.47265625 0.64921875 0.03046875 0.0484375
6 0.47421875 0.69453125 0.00546875 0.01796875
6 0.48359375 0.69609375 0.0046875 0.01875
3 0.5515625 0.78046875 0.04140625 0.04453125
3 0.54296875 0.828125 0.04921875 0.04140625
10 0.45234375 0.75546875 0.03828125 0.0453125
3 0.44296875 0.83203125 0.04140625 0.05546875
3 0.53203125 0.94609375 0.040625 0.04375
10 0.4171875 0.92890625 0.0375 0.10546875
3 0.51953125 0.98515625 0.04765625 0.0296875
3 0.575 0.98515625 0.02421875 0.0296875
10 0.36484375 0.3296875 0.01640625 0.040625
6 0.321875 0.2109375 0.00625 0.02421875
6 0.2015625 0.284375 0.009375 0.01796875
7 0.2015625 0.290625 0.0078125 0.0140625