3 0.3921875 0.87578125 0.05546875 0.040625
3 0.38671875 0.9171875 0.0546875 0.04140625
3 0.4171875 0.63671875 0.04140625 0.03203125
3 0.38359375 0.45078125 0.03125 0.0234375
3 0.38515625 0.42421875 0.03359375 0.028125
3 0.56796875 0.3734375 0.01328125 0.0296875
10 0.5640625 0.3984375 0.01796875 0.028125
3 0.59296875 0.4078125 0.03046875 0.02109375
3 0.540625 0.465625 0.01484375 0.034375
3 0.88671875 0.0328125 0.01171875 0.01171875
3 0.9546875 0.06640625 0.01484375 0.01484375
3 0.98359375 0.0703125 0.01484375 0.01328125
3 0.99765625 0.0640625 0.0046875 0.0171875
10 0.9703125 0.059375 0.015625 0.01796875
3 0.9765625 0.04453125 0.01953125 0.01328125
3 0.946875 0.04296875 0.01484375 0.0140625
3 0.9359375 0.034375 0.0125 0.0140625
3 0.90703125 0.03125 0.01171875 0.01328125
3 0.8875 0.01328125 0.01171875 0.01328125
3 0.89140625 0.00390625 0.01171875 0.00703125
3 0.93828125 0.0203125 0.0203125 0.01484375
3 0.92890625 0.01328125 0.015625 0.01171875
10 0.8328125 0.00546875 0.01015625 0.01015625
4 0.9125 0.13671875 0.0046875 0.01484375
4 0.86796875 0.0890625 0.00390625 0.00859375
4 0.80703125 0.02265625 0.003125 0.00859375
1 0.36953125 0.39609375 0.0109375 0.0109375
1 0.3859375 0.403125 0.00703125 0.01640625
1 0.39375 0.403125 0.00703125 0.0140625
1 0.403125 0.403125 0.0046875 0.01640625
4 0.4078125 0.4015625 0.00390625 0.01640625
1 0.415625 0.39765625 0.0109375 0.0140625
1 0.41953125 0.403125 0.00390625 0.01640625
1 0.42421875 0.4015625 0.00390625 0.01484375
6 0.484375 0.90859375 0.00703125 0.03125
3 0.3828125 0.15390625 0.02265625 0.01484375
3 0.3859375 0.146875 0.02109375 0.0140625
3 0.34453125 0.11875 0.01796875 0.015625
3 0.34765625 0.1125 0.01875 0.0140625
3 0.3578125 0.08984375 0.0171875 0.01484375
3 0.3875 0.11796875 0.0125 0.01796875
3 0.3953125 0.10859375 0.0171875 0.01171875
3 0.396875 0.10234375 0.0171875 0.01171875
3 0.3984375 0.090625 0.01484375 0.01640625
3 0.36484375 0.06875 0.01796875 0.01484375
10 0.34453125 0.01328125 0.00859375 0.015625
6 0.36484375 0.12109375 0.00234375 0.01484375
6 0.3765625 0.109375 0.00234375 0.0140625
6 0.3796875 0.11796875 0.00234375 0.01484375
6 0.38203125 0.11328125 0.003125 0.01875
10 0.04140625 0.37578125 0.03359375 0.0265625
3 0.0109375 0.3703125 0.021875 0.021875