0 0.02421875 0.80625 0.03984375 0.08515625
7 0.01953125 0.7828125 0.02109375 0.03046875
10 0.00859375 0.16953125 0.0171875 0.03671875
10 0.0125 0.34296875 0.025 0.0546875
3 0.025 0.43046875 0.0328125 0.05390625
0 0.015625 0.63359375 0.02890625 0.0703125
9 0.11171875 0.590625 0.05390625 0.134375
6 0.0859375 0.92265625 0.01875 0.03046875
4 0.0875 0.921875 0.02578125 0.05625
0 0.353125 0.740625 0.04921875 0.0734375
8 0.41796875 0.71171875 0.03828125 0.06796875
3 0.2734375 0.50390625 0.03359375 0.0765625
8 0.290625 0.46015625 0.04453125 0.04453125
4 0.3453125 0.51640625 0.0265625 0.03203125
0 0.3078125 0.575 0.04453125 0.06484375
0 0.41015625 0.51328125 0.040625 0.05859375
6 0.3640625 0.48671875 0.01015625 0.04375
7 0.34609375 0.56796875 0.0125 0.03359375
4 0.346875 0.57421875 0.01640625 0.046875
6 0.35625 0.6078125 0.0125 0.03046875
8 0.36328125 0.60078125 0.03828125 0.059375
3 0.39140625 0.6609375 0.07265625 0.08203125
4 0.35 0.421875 0.0109375 0.03046875
8 0.37890625 0.415625 0.03203125 0.03984375
7 0.4203125 0.47890625 0.01484375 0.03125
6 0.43203125 0.478125 0.00859375 0.034375
4 0.42109375 0.48125 0.01640625 0.02890625
8 0.44140625 0.47578125 0.02734375 0.04140625
0 0.4609375 0.665625 0.0234375 0.07890625
0 0.4578125 0.49296875 0.03515625 0.059375
0 0.47265625 0.4609375 0.028125 0.0640625
6 0.9234375 0.93671875 0.0171875 0.046875
0 0.834375 0.83046875 0.03671875 0.09921875
6 0.75859375 0.73671875 0.01171875 0.04296875
6 0.7625 0.70390625 0.0109375 0.04140625
3 0.76171875 0.6921875 0.02265625 0.03203125
3 0.78125 0.66875 0.05390625 0.08359375
7 0.80390625 0.653125 0.0109375 0.0390625
7 0.80859375 0.659375 0.015625 0.02421875
4 0.80234375 0.6546875 0.01953125 0.040625
4 0.80625 0.5796875 0.02265625 0.02578125
4 0.790625 0.59453125 0.02421875 0.025
4 0.78671875 0.57890625 0.02265625 0.0296875
4 0.78359375 0.56328125 0.02109375 0.0234375
0 0.6859375 0.60390625 0.03984375 0.075
7 0.54375 0.45625 0.00859375 0.0265625
4 0.54140625 0.4625 0.01796875 0.02890625
7 0.51953125 0.4359375 0.00859375 0.0265625
4 0.5203125 0.44140625 0.02109375 0.0234375
6 0.44296875 0.42578125 0.00703125 0.03359375
7 0.44375 0.40390625 0.00703125 0.0296875
7 0.4421875 0.403125 0.00859375 0.025
4 0.44375 0.4109375 0.0140625 0.0234375
0 0.53671875 0.4109375 0.0375 0.046875
9 0.740625 0.38359375 0.0515625 0.0484375
5 0.72109375 0.30703125 0.06328125 0.065625
8 0.7359375 0.284375 0.0265625 0.03515625
4 0.7609375 0.234375 0.01171875 0.021875
6 0.725 0.23046875 0.0078125 0.0234375
0 0.7890625 0.259375 0.02265625 0.03515625
4 0.79921875 0.25390625 0.009375 0.021875
0 0.81953125 0.24921875 0.02421875 0.03671875
8 0.83671875 0.2359375 0.021875 0.0390625
4 0.84921875 0.23125 0.01328125 0.01796875
4 0.865625 0.23125 0.01484375 0.01875
4 0.86484375 0.21875 0.009375 0.0203125
4 0.87421875 0.21875 0.01171875 0.0203125
8 0.884375 0.20859375 0.0171875 0.025
8 0.91328125 0.1953125 0.02890625 0.0296875
8 0.8953125 0.1703125 0.01640625 0.021875
4 0.9421875 0.18046875 0.00859375 0.021875
4 0.95234375 0.18125 0.01484375 0.01875
4 0.953125 0.17578125 0.01015625 0.01640625
4 0.96796875 0.17265625 0.01328125 0.02109375
4 0.96953125 0.16796875 0.01015625 0.01953125
4 0.9796875 0.1640625 0.01015625 0.01875
4 0.98203125 0.16171875 0.01171875 0.0203125
6 0.9421875 0.15546875 0.00703125 0.01640625
4 0.9453125 0.146875 0.0109375 0.01328125
1 0.97109375 0.134375 0.009375 0.01640625
7 0.5484375 0.32265625 0.00625 0.02109375
4 0.6609375 0.30078125 0.0125 0.0234375
4 0.6484375 0.3078125 0.01171875 0.01953125
4 0.64375 0.31015625 0.01171875 0.021875
4 0.63828125 0.315625 0.009375 0.02109375
4 0.6359375 0.3140625 0.00859375 0.01953125
4 0.6328125 0.31328125 0.01015625 0.021875
4 0.62578125 0.31640625 0.01171875 0.01875
4 0.62109375 0.32109375 0.01171875 0.02421875
4 0.61640625 0.325 0.01328125 0.02578125
4 0.61328125 0.32578125 0.0125 0.01953125
4 0.61171875 0.3265625 0.0125 0.01796875
4 0.60546875 0.32734375 0.015625 0.02109375
4 0.60234375 0.33046875 0.01328125 0.0203125
4 0.5984375 0.33515625 0.01328125 0.021875
4 0.59375 0.3359375 0.0140625 0.021875
4 0.58984375 0.3375 0.0140625 0.02890625
4 0.584375 0.3390625 0.01171875 0.02890625
4 0.5765625 0.34375 0.0125 0.02421875
4 0.57265625 0.34921875 0.0140625 0.02421875
4 0.5953125 0.3609375 0.01484375 0.0296875
8 0.58203125 0.36953125 0.01953125 0.03671875
0 0.60859375 0.3515625 0.02734375 0.04609375
0 0.621875 0.34765625 0.02109375 0.04140625
0 0.63359375 0.3390625 0.02421875 0.0484375
0 0.6546875 0.3546875 0.03359375 0.040625
8 0.66171875 0.325 0.02421875 0.04453125
4 0.621875 0.28984375 0.01171875 0.01875
4 0.6265625 0.2875 0.009375 0.01953125
4 0.6078125 0.29609375 0.0109375 0.02421875
4 0.6015625 0.2984375 0.00859375 0.02421875
4 0.596875 0.3015625 0.0109375 0.02578125
4 0.59140625 0.30078125 0.00859375 0.028125
4 0.58671875 0.30703125 0.009375 0.02890625
4 0.584375 0.30625 0.0109375 0.025
4 0.5765625 0.31015625 0.0125 0.021875
4 0.56328125 0.3140625 0.0125 0.02109375
4 0.5578125 0.3203125 0.01484375 0.021875
4 0.54140625 0.35078125 0.01015625 0.028125
4 0.534375 0.35234375 0.01171875 0.0265625
4 0.51953125 0.35078125 0.01015625 0.02578125
4 0.51484375 0.353125 0.01015625 0.025
1 0.4796875 0.33828125 0.01640625 0.0234375
6 0.48984375 0.359375 0.0078125 0.028125
4 0.5109375 0.41015625 0.01484375 0.021875
4 0.49609375 0.4140625 0.02109375 0.02109375
4 0.4953125 0.40625 0.01953125 0.021875
4 0.50625 0.38984375 0.01171875 0.0203125
7 0.43671875 0.37890625 0.00703125 0.01953125
7 0.43515625 0.37578125 0.009375 0.0203125
4 0.43515625 0.378125 0.01328125 0.028125
4 0.3953125 0.3125 0.01484375 0.0265625
6 0.39609375 0.30390625 0.0078125 0.02421875
6 0.40546875 0.2984375 0.00703125 0.028125
6 0.39921875 0.29453125 0.00859375 0.0296875
4 0.36875 0.3265625 0.0203125 0.0296875
7 0.3484375 0.2953125 0.0078125 0.021875
0 0.4109375 0.28046875 0.02265625 0.03125
1 0.4125 0.2421875 0.01015625 0.02109375
6 0.37890625 0.2640625 0.00859375 0.03046875
8 0.38125 0.26953125 0.00859375 0.025
6 0.37109375 0.23984375 0.00625 0.02578125
6 0.375 0.209375 0.00859375 0.025
8 0.31875 0.24921875 0.02734375 0.0265625
1 0.3375 0.18828125 0.00703125 0.01640625
6 0.33125 0.17578125 0.00546875 0.02421875
8 0.33828125 0.17109375 0.015625 0.0265625
7 0.32109375 0.178125 0.00703125 0.01953125
4 0.321875 0.18359375 0.0109375 0.0203125
0 0.303125 0.20703125 0.02265625 0.02890625
7 0.28828125 0.20546875 0.00859375 0.015625
0 0.31015625 0.15546875 0.01640625 0.03359375
7 0.28359375 0.14921875 0.00703125 0.01953125
7 0.27265625 0.13984375 0.00546875 0.01640625
8 0.2828125 0.1515625 0.0109375 0.02421875
1 0.27109375 0.13984375 0.00859375 0.0109375
4 0.28046875 0.2109375 0.00703125 0.01171875
4 0.28125 0.18671875 0.01015625 0.01640625
3 0.1859375 0.18828125 0.0390625 0.03046875
3 0.15859375 0.165625 0.02109375 0.03515625
0 0.15078125 0.13515625 0.021875 0.02578125
8 0.2171875 0.1734375 0.02265625 0.0203125
4 0.246875 0.1265625 0.00625 0.01640625
8 0.2453125 0.096875 0.0125 0.01875
4 0.26015625 0.0796875 0.01171875 0.01328125
8 0.26171875 0.07421875 0.01171875 0.01796875
4 0.26953125 0.084375 0.01171875 0.0140625
7 0.24140625 0.06484375 0.00703125 0.01328125
7 0.240625 0.0640625 0.00703125 0.015625
4 0.24140625 0.06640625 0.00859375 0.01484375
7 0.234375 0.0765625 0.00546875 0.015625
4 0.23515625 0.08046875 0.00703125 0.0140625
4 0.25078125 0.11640625 0.0125 0.01875
7 0.23046875 0.04921875 0.00390625 0.015625
7 0.225 0.053125 0.0078125 0.01484375
4 0.23046875 0.05390625 0.00625 0.015625
4 0.225 0.05390625 0.00703125 0.01484375
8 0.2203125 0.01640625 0.01015625 0.01484375
0 0.215625 0.00546875 0.0140625 0.0109375
4 0.240625 0.0109375 0.00859375 0.01328125
3 0.18046875 0.54609375 0.03359375 0.078125