10 0.88203125 0.6328125 0.1765625 0.1859375
5 0.75625 0.62109375 0.0484375 0.0359375
6 0.75546875 0.7625 0.0578125 0.034375
6 0.43046875 0.675 0.05625 0.028125
6 0.4515625 0.78359375 0.0546875 0.03125
7 0.70546875 0.78828125 0.0578125 0.0359375
1 0.7171875 0.7890625 0.09375 0.05
7 0.58046875 0.6703125 0.0375 0.025
6 0.390625 0.5859375 0.059375 0.034375
6 0.19375 0.8515625 0.053125 0.0328125
9 0.34453125 0.88359375 0.1484375 0.1140625
3 0.203125 0.765625 0.09375 0.06875
3 0.1265625 0.5890625 0.05625 0.0421875
3 0.1328125 0.709375 0.0640625 0.0515625
3 0.02578125 0.5296875 0.040625 0.028125
3 0.05234375 0.64609375 0.05 0.0390625
3 0.02421875 0.61875 0.0484375 0.0375
3 0.00546875 0.5953125 0.0109375 0.03125
3 0.0375 0.46015625 0.0421875 0.040625
3 0.01484375 0.4484375 0.0296875 0.04375
10 0.165625 0.52734375 0.065625 0.0390625
7 0.040625 0.609375 0.03125 0.015625
1 0.04765625 0.6109375 0.025 0.0140625
6 0.05859375 0.5046875 0.03125 0.015625
6 0.028125 0.48359375 0.03125 0.015625
1 0.0328125 0.48359375 0.021875 0.0125
1 0.06015625 0.46640625 0.028125 0.0234375
4 0.06015625 0.48984375 0.025 0.021875
9 0.1203125 0.4640625 0.09375 0.0953125
9 0.10078125 0.4640625 0.1 0.0953125
1 0.696875 0.51171875 0.08125 0.046875
1 0.553125 0.5359375 0.04375 0.046875