6 0.0484375 0.140625 0.01953125 0.04140625
0 0.0203125 0.1109375 0.03984375 0.06953125
4 0.3203125 0.73671875 0.02109375 0.05625
4 0.3921875 0.6109375 0.01328125 0.0609375
4 0.4046875 0.5046875 0.01171875 0.0515625
7 0.39921875 0.38359375 0.01640625 0.034375
7 0.43359375 0.39609375 0.01640625 0.02578125
7 0.42890625 0.38203125 0.01640625 0.02578125
6 0.45703125 0.1015625 0.0171875 0.04296875
10 0.7328125 0.18671875 0.06484375 0.08046875
7 0.63515625 0.28828125 0.01171875 0.03203125
7 0.63515625 0.27734375 0.00859375 0.025
4 0.6328125 0.29453125 0.01328125 0.04453125
8 0.728125 0.37734375 0.05703125 0.0953125
3 0.71796875 0.47421875 0.07109375 0.13203125
3 0.70625 0.56953125 0.075 0.1453125
10 0.70390625 0.696875 0.07421875 0.15078125
0 0.7 0.93515625 0.06953125 0.12421875