6 0.42890625 0.09765625 0.0453125 0.1453125
3 0.91015625 0.1671875 0.1796875 0.259375
3 0.3375 0.1734375 0.11875 0.2140625
3 0.38671875 0.34296875 0.1109375 0.1265625
3 0.7640625 0.38515625 0.0984375 0.1234375
3 0.71328125 0.453125 0.059375 0.0890625
3 0.675 0.49140625 0.0484375 0.0671875
6 0.74296875 0.48203125 0.01875 0.0625
3 0.64765625 0.521875 0.0390625 0.05625
3 0.43671875 0.44140625 0.06875 0.096875
3 0.446875 0.4921875 0.046875 0.0578125
10 0.46484375 0.52421875 0.0640625 0.0703125
3 0.62578125 0.54375 0.0296875 0.0421875
3 0.60859375 0.559375 0.0265625 0.0359375
3 0.58984375 0.571875 0.0265625 0.0359375
3 0.60390625 0.5828125 0.0328125 0.0296875
3 0.59453125 0.59375 0.0328125 0.0265625
3 0.63203125 0.5890625 0.0328125 0.028125
3 0.63515625 0.59921875 0.0359375 0.03125
3 0.671875 0.61171875 0.0296875 0.0296875
3 0.575 0.5953125 0.0265625 0.0265625
3 0.56015625 0.596875 0.0328125 0.0296875
3 0.5515625 0.60078125 0.0296875 0.025
3 0.54296875 0.609375 0.021875 0.01875
3 0.5375 0.6109375 0.021875 0.01875
3 0.53203125 0.61328125 0.01875 0.01875
3 0.52890625 0.6140625 0.0203125 0.015625
3 0.528125 0.61796875 0.021875 0.0140625
3 0.52265625 0.61953125 0.01875 0.015625
3 0.52265625 0.62265625 0.0203125 0.01875
3 0.51640625 0.62578125 0.01875 0.015625
3 0.5125 0.62421875 0.01875 0.01875
10 0.509375 0.63125 0.021875 0.01875
3 0.5046875 0.63125 0.01875 0.015625
3 0.49921875 0.63203125 0.0125 0.0140625
3 0.49921875 0.63203125 0.015625 0.0140625
3 0.4984375 0.63359375 0.015625 0.0125
3 0.490625 0.6359375 0.0125 0.0109375
6 0.4828125 0.6359375 0.003125 0.0140625
3 0.48828125 0.6375 0.015625 0.0140625
3 0.484375 0.64140625 0.0125 0.009375
3 0.48046875 0.64296875 0.0125 0.0109375
3 0.428125 0.56875 0.0546875 0.0359375
3 0.47109375 0.56015625 0.0328125 0.0453125
3 0.4890625 0.57890625 0.0390625 0.0328125
3 0.453125 0.58515625 0.040625 0.0265625
3 0.4703125 0.596875 0.015625 0.021875
3 0.478125 0.6 0.01875 0.01875
3 0.46953125 0.60703125 0.0125 0.01875
3 0.47265625 0.6109375 0.01875 0.01875
3 0.4671875 0.61328125 0.0125 0.0203125
3 0.47109375 0.61484375 0.0125 0.015625
3 0.45859375 0.61640625 0.01875 0.015625
3 0.4421875 0.61953125 0.009375 0.0203125
3 0.459375 0.621875 0.009375 0.015625