9 0.51015625 0.15703125 0.0671875 0.0328125
3 0.5203125 0.28984375 0.0390625 0.0390625
3 0.56015625 0.27109375 0.0328125 0.0359375
3 0.65703125 0.20078125 0.0296875 0.0328125
3 0.5828125 0.325 0.0359375 0.0359375
3 0.61484375 0.3 0.03125 0.0359375
3 0.6515625 0.31484375 0.03125 0.0328125
3 0.6234375 0.35 0.03125 0.0359375
3 0.7171875 0.2375 0.0265625 0.0296875
9 0.77421875 0.190625 0.0375 0.0515625
3 0.79296875 0.1796875 0.0203125 0.0234375
3 0.8515625 0.15234375 0.0203125 0.0234375
3 0.86875 0.1703125 0.0171875 0.0234375
3 0.89296875 0.0796875 0.0171875 0.0265625
3 0.92421875 0.0796875 0.0265625 0.0265625
3 0.965625 0.08046875 0.0171875 0.0203125
3 0.6234375 0.43203125 0.0296875 0.0359375
3 0.48515625 0.3984375 0.0375 0.0390625
3 0.4609375 0.3859375 0.0328125 0.0421875
10 0.43515625 0.37421875 0.0421875 0.0359375
3 0.37109375 0.37109375 0.040625 0.0453125
3 0.275 0.45546875 0.0484375 0.05
3 0.4046875 0.4765625 0.0390625 0.0453125
4 0.61484375 0.48203125 0.021875 0.0140625
7 0.62109375 0.4796875 0.015625 0.0078125
3 0.97421875 0.83046875 0.0171875 0.025
3 0.96015625 0.73046875 0.025 0.0140625