3 0.821875 0.67265625 0.0734375 0.15078125
9 0.51953125 0.84375 0.09765625 0.26875
7 0.59765625 0.61953125 0.01875 0.059375
4 0.6 0.63828125 0.01953125 0.0734375
7 0.74609375 0.940625 0.03046875 0.07578125
7 0.7875 0.94375 0.02734375 0.071875
4 0.74609375 0.946875 0.03984375 0.10078125
4 0.78828125 0.94375 0.03203125 0.10703125
9 0.34375 0.66328125 0.14296875 0.12421875
4 0.28359375 0.634375 0.03203125 0.03515625
4 0.4125 0.55390625 0.02578125 0.05625
4 0.43984375 0.51953125 0.03515625 0.04375
4 0.43984375 0.49296875 0.01328125 0.046875
3 0.43515625 0.58125 0.07109375 0.1296875
4 0.453125 0.4375 0.02265625 0.03984375
4 0.4359375 0.43359375 0.02578125 0.04296875
4 0.4203125 0.4140625 0.0328125 0.03671875
5 0.54140625 0.48203125 0.13671875 0.1484375
10 0.51015625 0.40625 0.04375 0.071875
10 0.6109375 0.34921875 0.03046875 0.08671875
0 0.5140625 0.2765625 0.02890625 0.05
0 0.63046875 0.2453125 0.0203125 0.05
6 0.5265625 0.16953125 0.00546875 0.028125
6 0.53203125 0.1703125 0.00703125 0.02578125
3 0.525 0.15390625 0.0375 0.02890625
9 0.4390625 0.11796875 0.04296875 0.05625
6 0.471875 0.11640625 0.0046875 0.01875
4 0.471875 0.12109375 0.01171875 0.01640625
7 0.50234375 0.11875 0.0046875 0.01640625
8 0.49921875 0.11796875 0.02109375 0.0265625
10 0.49609375 0.0609375 0.01953125 0.01875
7 0.60078125 0.12890625 0.00625 0.01875
8 0.603125 0.13046875 0.01796875 0.01328125
7 0.6484375 0.12890625 0.00625 0.01484375
10 0.62578125 0.1609375 0.034375 0.040625
3 0.6953125 0.1265625 0.0140625 0.0265625
3 0.71953125 0.2015625 0.02421875 0.040625
7 0.74453125 0.22734375 0.01015625 0.03203125
1 0.74453125 0.23125 0.00703125 0.0296875
0 0.71875 0.3140625 0.02421875 0.05859375
9 0.76171875 0.321875 0.03359375 0.075
4 0.8359375 0.35859375 0.02265625 0.03203125
4 0.83359375 0.353125 0.021875 0.03203125
4 0.90390625 0.3484375 0.01953125 0.03359375
10 0.8546875 0.21953125 0.03203125 0.03984375
1 0.9421875 0.4421875 0.0328125 0.03984375
0 0.96015625 0.47265625 0.0625 0.07109375
0 0.96640625 0.51640625 0.06171875 0.0484375
4 0.97890625 0.53359375 0.03671875 0.04609375
3 0.9484375 0.5734375 0.0984375 0.0953125
9 0.6984375 0.15078125 0.15078125 0.065625
9 0.7875 0.159375 0.1328125 0.08828125
9 0.92109375 0.1765625 0.11875 0.075
3 0.878125 0.1421875 0.03984375 0.03984375
6 0.71640625 0.14296875 0.00625 0.021875
6 0.725 0.14453125 0.0078125 0.0265625
0 0.71015625 0.13515625 0.01015625 0.028125
6 0.71953125 0.11640625 0.0046875 0.01953125
6 0.7234375 0.11640625 0.00546875 0.021875
6 0.71171875 0.11953125 0.00546875 0.0203125
3 0.76796875 0.0890625 0.01328125 0.01875
3 0.7828125 0.11328125 0.0171875 0.02421875
6 0.7328125 0.0953125 0.00390625 0.01484375
8 0.76015625 0.07578125 0.0078125 0.0203125
0 0.7765625 0.0578125 0.00703125 0.015625
0 0.7875 0.04765625 0.00625 0.0140625
0 0.78046875 0.04921875 0.00546875 0.01484375
7 0.79375 0.04453125 0.003125 0.01015625
8 0.79296875 0.0484375 0.00390625 0.009375
7 0.78125 0.0734375 0.00390625 0.0109375
4 0.78125 0.0765625 0.00390625 0.01171875
10 0.775 0.040625 0.01171875 0.01328125
10 0.76328125 0.04140625 0.01171875 0.015625
6 0.7703125 0.059375 0.00234375 0.01640625
6 0.76875 0.059375 0.00390625 0.01484375
10 0.78984375 0.02890625 0.01015625 0.0109375
0 0.790625 0.09453125 0.0140625 0.01875
0 0.81796875 0.10234375 0.01953125 0.03203125
3 0.834375 0.10390625 0.01328125 0.02421875
3 0.840625 0.0875 0.02265625 0.01796875
0 0.85234375 0.0921875 0.0234375 0.0234375
7 0.85859375 0.08984375 0.00390625 0.01875
10 0.83359375 0.06640625 0.01875 0.01953125
10 0.84765625 0.03046875 0.01484375 0.0140625
6 0.7484375 0.0890625 0.0046875 0.0140625