3 0.35546875 0.5828125 0.034375 0.040625
3 0.39453125 0.50546875 0.034375 0.0390625
9 0.3640625 0.5265625 0.046875 0.059375
2 0.3921875 0.56171875 0.04375 0.053125
3 0.50859375 0.4 0.0578125 0.01875
3 0.4765625 0.3765625 0.0609375 0.0203125
3 0.509375 0.35703125 0.05625 0.015625
3 0.55625 0.3375 0.0515625 0.01875
10 0.659375 0.390625 0.046875 0.015625
2 0.70078125 0.375 0.1234375 0.0265625
2 0.796875 0.29765625 0.1125 0.0515625
3 0.834375 0.37578125 0.0390625 0.015625
3 0.9328125 0.43828125 0.034375 0.0140625
3 0.975 0.39609375 0.0359375 0.015625
2 0.859375 0.434375 0.0484375 0.015625
3 0.634375 0.190625 0.0421875 0.034375
3 0.67734375 0.2328125 0.0421875 0.03125
3 0.3875 0.0484375 0.0359375 0.0359375
6 0.4453125 0.2203125 0.0203125 0.0140625