3 0.540625 0.853125 0.1671875 0.26875
3 0.48828125 0.625 0.1203125 0.2109375
6 0.4203125 0.640625 0.0359375 0.0921875
6 0.4 0.4796875 0.0359375 0.078125
3 0.43203125 0.40234375 0.084375 0.1234375
3 0.703125 0.459375 0.1203125 0.140625
3 0.675 0.4125 0.1109375 0.1078125
3 0.64609375 0.36328125 0.109375 0.10625
3 0.6234375 0.3296875 0.09375 0.0859375
10 0.58984375 0.2875 0.096875 0.1015625
3 0.553125 0.2734375 0.08125 0.090625
3 0.4609375 0.17734375 0.0734375 0.0640625
3 0.31171875 0.384375 0.06875 0.121875
3 0.34609375 0.10234375 0.0421875 0.0484375
3 0.390625 0.13125 0.071875 0.0640625
10 0.3671875 0.2578125 0.071875 0.1046875
3 0.634375 0.1515625 0.0515625 0.0453125
3 0.646875 0.16796875 0.05625 0.04375
3 0.646875 0.0953125 0.0484375 0.040625
3 0.60625 0.0796875 0.0328125 0.04375
3 0.8078125 0.2796875 0.065625 0.059375
3 0.52421875 0.0828125 0.034375 0.05