6 0.35859375 0.8171875 0.02421875 0.07890625
6 0.3890625 0.84921875 0.02109375 0.0859375
10 0.2 0.746875 0.08984375 0.1953125
10 0.24765625 0.55546875 0.05625 0.1484375
10 0.32890625 0.21328125 0.02421875 0.05390625
10 0.43046875 0.5125 0.03671875 0.1046875
10 0.409375 0.24609375 0.02109375 0.06015625
3 0.42421875 0.4109375 0.03515625 0.08515625
3 0.28671875 0.434375 0.04921875 0.0953125
3 0.4203125 0.16953125 0.01953125 0.03671875
3 0.296875 0.35390625 0.034375 0.065625
3 0.31953125 0.26796875 0.0296875 0.0546875
3 0.4234375 0.21640625 0.0203125 0.0484375
3 0.4171875 0.1421875 0.0171875 0.034375
3 0.3390625 0.18125 0.02109375 0.03984375
3 0.34609375 0.15546875 0.01796875 0.0359375
6 0.43203125 0.334375 0.0109375 0.046875
6 0.4453125 0.25703125 0.00859375 0.03671875
7 0.39609375 0.196875 0.00859375 0.02890625
7 0.36953125 0.1875 0.0078125 0.0234375
7 0.353125 0.22890625 0.00859375 0.03359375
6 0.43125 0.09140625 0.00546875 0.02578125
6 0.37421875 0.09375 0.0046875 0.025
7 0.4109375 0.1109375 0.00546875 0.02421875
7 0.41953125 0.11171875 0.00703125 0.01953125
7 0.425 0.11328125 0.00625 0.01875
5 0.42265625 0.3265625 0.01328125 0.04453125
1 0.396875 0.20546875 0.00546875 0.02421875
0 0.36953125 0.19921875 0.01328125 0.03515625
4 0.353125 0.2359375 0.00703125 0.03046875
3 0.434375 0.04921875 0.0109375 0.01875
3 0.41796875 0.046875 0.01171875 0.02421875
3 0.4 0.046875 0.01171875 0.02109375
3 0.38046875 0.04453125 0.01171875 0.01953125
3 0.3640625 0.04375 0.01171875 0.0203125
9 0.3484375 0.04140625 0.0140625 0.028125
3 0.40078125 0.03125 0.009375 0.01796875
3 0.41796875 0.03359375 0.01015625 0.01953125
3 0.325 0.01796875 0.01171875 0.02109375
3 0.38984375 0.07265625 0.0125 0.0234375
4 0.16640625 0.34296875 0.028125 0.03125
1 0.23671875 0.225 0.021875 0.02421875
1 0.21484375 0.5359375 0.025 0.05546875
3 0.14765625 0.9328125 0.0890625 0.07890625