6 0.04609375 0.78046875 0.01875 0.021875
6 0.0328125 0.73984375 0.015625 0.0234375
6 0.0296875 0.72734375 0.0109375 0.0171875
6 0.0375 0.71953125 0.015625 0.0234375
6 0.040625 0.72578125 0.01875 0.0265625
6 0.12890625 0.703125 0.0171875 0.0203125
6 0.1578125 0.771875 0.0125 0.021875
6 0.1875 0.6625 0.0109375 0.0171875
6 0.190625 0.67734375 0.0140625 0.0171875
6 0.21953125 0.70703125 0.015625 0.021875
6 0.28046875 0.665625 0.0078125 0.015625
6 0.3015625 0.66484375 0.0125 0.0203125
6 0.31171875 0.65 0.0078125 0.015625
6 0.340625 0.64375 0.0109375 0.0171875
6 0.3859375 0.6515625 0.0109375 0.0203125
6 0.39296875 0.6734375 0.009375 0.021875
6 0.6125 0.3609375 0.0140625 0.0171875
6 0.571875 0.41953125 0.0140625 0.0171875
6 0.65625 0.475 0.0140625 0.0171875
6 0.52890625 0.7671875 0.009375 0.0234375
4 0.64453125 0.59140625 0.028125 0.025
4 0.6484375 0.60625 0.034375 0.028125
4 0.65390625 0.63046875 0.034375 0.025
4 0.65078125 0.646875 0.028125 0.025
4 0.65234375 0.6609375 0.0265625 0.021875
4 0.65546875 0.678125 0.034375 0.028125
4 0.65234375 0.68828125 0.0328125 0.0265625
4 0.65390625 0.70390625 0.03125 0.028125
4 0.6546875 0.72421875 0.03125 0.028125
4 0.6578125 0.7328125 0.028125 0.025
4 0.659375 0.7484375 0.03125 0.0265625
4 0.65859375 0.75625 0.0328125 0.034375
4 0.659375 0.76953125 0.03125 0.0328125
4 0.6609375 0.78203125 0.034375 0.034375
4 0.6609375 0.79140625 0.034375 0.03125
4 0.6640625 0.803125 0.028125 0.028125
4 0.66328125 0.81875 0.034375 0.028125
4 0.6640625 0.8328125 0.03125 0.028125
6 0.70078125 0.86953125 0.0125 0.0265625
6 0.7078125 0.878125 0.0125 0.021875
6 0.71171875 0.871875 0.0078125 0.015625
6 0.6890625 0.90546875 0.0125 0.025
9 0.6703125 0.925 0.0515625 0.11875
3 0.58125 0.896875 0.03125 0.0765625
10 0.590625 0.9734375 0.0265625 0.0375
6 0.55546875 0.86953125 0.0125 0.0234375