3 0.73984375 0.53515625 0.0359375 0.025
3 0.70625 0.55625 0.0359375 0.025
3 0.67421875 0.575 0.03125 0.0203125
3 0.6390625 0.58359375 0.0296875 0.0203125
10 0.60234375 0.6078125 0.0296875 0.0203125
2 0.61796875 0.61015625 0.078125 0.046875
3 0.5515625 0.628125 0.0265625 0.0234375
2 0.4984375 0.58125 0.0484375 0.0515625
2 0.490625 0.59140625 0.05 0.05
3 0.4953125 0.60625 0.0203125 0.01875
3 0.48359375 0.60859375 0.0203125 0.01875
10 0.47265625 0.55703125 0.025 0.025
10 0.453125 0.55390625 0.025 0.025
3 0.44765625 0.578125 0.0234375 0.021875
2 0.425 0.58203125 0.028125 0.028125
3 0.4359375 0.6046875 0.015625 0.015625
3 0.48828125 0.65234375 0.01875 0.0171875
3 0.51640625 0.6671875 0.0203125 0.0203125
10 0.46328125 0.646875 0.0203125 0.0203125
3 0.4515625 0.69921875 0.0234375 0.015625
9 0.43515625 0.69765625 0.0359375 0.021875
3 0.4390625 0.6859375 0.0203125 0.015625
3 0.42265625 0.696875 0.0203125 0.0140625
3 0.4140625 0.71171875 0.0203125 0.0140625
3 0.40625 0.70859375 0.0203125 0.0125
3 0.39453125 0.7234375 0.021875 0.0140625
3 0.39140625 0.71640625 0.0171875 0.0125
3 0.3796875 0.73203125 0.0171875 0.0125
3 0.3765625 0.725 0.0203125 0.0125
3 0.35625 0.7359375 0.0328125 0.0203125
3 0.31328125 0.7546875 0.015625 0.0109375
10 0.3 0.78203125 0.0140625 0.009375
3 0.28046875 0.77265625 0.0109375 0.0078125
3 0.5796875 0.73828125 0.021875 0.021875
3 0.5484375 0.7640625 0.0203125 0.01875
3 0.6265625 0.79921875 0.021875 0.0234375
10 0.590625 0.80390625 0.0234375 0.021875
9 0.60390625 0.8203125 0.0265625 0.028125
3 0.6203125 0.8375 0.01875 0.0203125
3 0.46796875 0.92890625 0.01875 0.0140625
3 0.44921875 0.91796875 0.0203125 0.015625
3 0.43671875 0.92890625 0.0171875 0.0125
3 0.425 0.9296875 0.01875 0.0140625
3 0.4125 0.93125 0.0171875 0.0125
3 0.40625 0.9359375 0.0171875 0.0125
3 0.47578125 0.93671875 0.01875 0.0140625
3 0.46015625 0.93828125 0.0203125 0.015625
3 0.44609375 0.9390625 0.0171875 0.0125
3 0.4328125 0.9390625 0.0171875 0.0140625
3 0.41953125 0.940625 0.0171875 0.0140625
3 0.4078125 0.940625 0.0171875 0.0125
2 0.396875 0.97265625 0.04375 0.0328125
2 0.40625 0.984375 0.04375 0.03125
2 0.41640625 0.990625 0.0390625 0.01875
3 0.36796875 0.55546875 0.01875 0.0203125
3 0.36328125 0.5390625 0.0171875 0.0171875
3 0.30703125 0.49453125 0.01875 0.0171875
3 0.29140625 0.471875 0.0203125 0.01875
3 0.29140625 0.43828125 0.0203125 0.01875
3 0.27109375 0.4703125 0.0203125 0.0203125
3 0.25546875 0.4703125 0.015625 0.015625
2 0.246875 0.45546875 0.028125 0.0265625
3 0.26171875 0.45 0.015625 0.015625
3 0.2671875 0.39375 0.01875 0.0171875
3 0.22265625 0.45078125 0.015625 0.015625
3 0.19453125 0.4125 0.0171875 0.0171875
3 0.15625 0.640625 0.015625 0.0109375
3 0.14453125 0.64765625 0.0171875 0.0125
3 0.08984375 0.6671875 0.0109375 0.0078125