10 0.17734375 0.83046875 0.078125 0.1140625
3 0.315625 0.6875 0.046875 0.0796875
3 0.29375 0.66328125 0.0453125 0.0734375
3 0.284375 0.62890625 0.0546875 0.090625
3 0.234375 0.58515625 0.05 0.078125
3 0.2171875 0.553125 0.0421875 0.075
3 0.19765625 0.53046875 0.0546875 0.0828125
3 0.1453125 0.47734375 0.0515625 0.08125
3 0.1296875 0.446875 0.0546875 0.0828125
3 0.0203125 0.40859375 0.0265625 0.0578125
3 0.2046875 0.2578125 0.03125 0.05625
3 0.04765625 0.634375 0.0625 0.0859375
3 0.0171875 0.596875 0.034375 0.084375
3 0.4296875 0.63671875 0.0609375 0.0765625
3 0.45390625 0.60625 0.053125 0.071875
3 0.53515625 0.509375 0.0546875 0.075
3 0.596875 0.43203125 0.053125 0.06875
3 0.66171875 0.35625 0.0515625 0.0609375
3 0.6859375 0.3109375 0.0515625 0.059375
3 0.70390625 0.29296875 0.0515625 0.05625
4 0.73203125 0.25703125 0.01875 0.0265625
7 0.78125 0.284375 0.009375 0.0171875
7 0.77265625 0.27734375 0.0109375 0.015625
7 0.77265625 0.284375 0.0078125 0.0140625
3 0.75859375 0.23984375 0.0296875 0.053125
2 0.96171875 0.1453125 0.0765625 0.09375
9 0.9109375 0.09921875 0.0546875 0.0625
9 0.8765625 0.07265625 0.04375 0.04375
3 0.84296875 0.16796875 0.0421875 0.0453125
3 0.91171875 0.79453125 0.0421875 0.0421875
3 0.85078125 0.925 0.0609375 0.0578125