4 0.13359375 0.88046875 0.02734375 0.05859375
7 0.13515625 0.878125 0.01875 0.03046875
7 0.1296875 0.88984375 0.01640625 0.01875
4 0.1296875 0.8359375 0.03125 0.03203125
7 0.1265625 0.8359375 0.01640625 0.02578125
4 0.12734375 0.7171875 0.01328125 0.046875
7 0.125 0.71796875 0.01328125 0.03203125
3 0.2015625 0.6828125 0.04609375 0.1140625
3 0.28515625 0.80390625 0.0671875 0.1109375
4 0.3453125 0.7890625 0.0140625 0.05390625
7 0.3453125 0.78125 0.01171875 0.03046875
9 0.4 0.7765625 0.04921875 0.13125
4 0.43515625 0.70546875 0.01953125 0.03984375
7 0.434375 0.6984375 0.01171875 0.0203125
4 0.48203125 0.60078125 0.02265625 0.03984375
7 0.48359375 0.59609375 0.015625 0.0234375
7 0.47265625 0.56328125 0.01328125 0.0234375
4 0.47109375 0.565625 0.02578125 0.03671875
3 0.35234375 0.5984375 0.05234375 0.06171875
3 0.03203125 0.621875 0.04140625 0.10390625
3 0.0171875 0.5078125 0.034375 0.103125
3 0.06015625 0.4484375 0.03828125 0.090625
2 0.1671875 0.478125 0.08515625 0.19375
6 0.334375 0.44296875 0.00703125 0.03125
6 0.34921875 0.45234375 0.00625 0.02109375
6 0.346875 0.44296875 0.009375 0.02421875
9 0.290625 0.3859375 0.07421875 0.153125
4 0.32265625 0.34921875 0.0125 0.03515625
4 0.36328125 0.2921875 0.0203125 0.025
4 0.33828125 0.234375 0.01484375 0.02890625
3 0.26171875 0.14140625 0.03203125 0.05390625
4 0.25234375 0.05546875 0.01484375 0.02890625
4 0.1234375 0.184375 0.0140625 0.03125
7 0.121875 0.178125 0.01015625 0.01875
9 0.11953125 0.10546875 0.0484375 0.09609375
4 0.12890625 0.05859375 0.0140625 0.03125
7 0.128125 0.05390625 0.01015625 0.01640625
9 0.65390625 0.8640625 0.08515625 0.13203125
10 0.671875 0.7859375 0.07578125 0.11875
3 0.68203125 0.72265625 0.071875 0.10859375
3 0.69921875 0.6640625 0.06015625 0.11796875
10 0.7046875 0.60625 0.04921875 0.090625
4 0.65625 0.553125 0.02265625 0.03203125
7 0.6578125 0.55078125 0.01640625 0.02421875
3 0.4953125 0.39375 0.03984375 0.06953125
9 0.52109375 0.3625 0.06640625 0.10078125
3 0.53984375 0.353125 0.04765625 0.06875
3 0.559375 0.334375 0.04921875 0.06875
3 0.58359375 0.31640625 0.05 0.0640625
10 0.59609375 0.28828125 0.04453125 0.05625
3 0.62734375 0.2734375 0.046875 0.05859375
6 0.71484375 0.30234375 0.01328125 0.0265625
6 0.69609375 0.26015625 0.01484375 0.02421875
6 0.69609375 0.2390625 0.01484375 0.0265625
3 0.6796875 0.17578125 0.04453125 0.06640625