3 0.98671875 0.6828125 0.02109375 0.0453125
3 0.5625 0.1265625 0.00859375 0.01484375
3 0.546875 0.08046875 0.00546875 0.015625
10 0.54765625 0.11171875 0.0078125 0.01484375
3 0.5546875 0.05859375 0.00703125 0.0109375
7 0.38671875 0.5171875 0.0046875 0.0140625
7 0.3859375 0.4828125 0.00546875 0.0140625
7 0.4234375 0.34375 0.00546875 0.009375
7 0.43046875 0.2921875 0.0046875 0.01171875
7 0.434375 0.296875 0.00546875 0.009375
7 0.625 0.296875 0.00390625 0.009375
7 0.6359375 0.30234375 0.00234375 0.01015625
7 0.58203125 0.21875 0.00390625 0.01328125
7 0.58046875 0.16484375 0.003125 0.009375
7 0.490625 0.0921875 0.00234375 0.00625
7 0.4921875 0.06953125 0.003125 0.00625
7 0.771875 0.953125 0.0109375 0.0234375
7 0.7703125 0.7890625 0.009375 0.02578125
7 0.58203125 0.1484375 0.0046875 0.00859375
7 0.571875 0.06953125 0.003125 0.00625
4 0.49140625 0.075 0.003125 0.00390625
4 0.49140625 0.0984375 0.00234375 0.00546875
4 0.571875 0.07578125 0.003125 0.00546875
4 0.58125 0.15546875 0.00234375 0.00625
4 0.58046875 0.1703125 0.00390625 0.00703125
4 0.58203125 0.2265625 0.0046875 0.00859375
4 0.625 0.30625 0.0046875 0.00859375
4 0.63515625 0.3125 0.003125 0.01015625
4 0.43515625 0.30546875 0.0046875 0.00703125
4 0.42890625 0.30078125 0.003125 0.00703125
4 0.4234375 0.35390625 0.00546875 0.0109375
4 0.38515625 0.50078125 0.0078125 0.015625
4 0.3859375 0.5328125 0.00703125 0.015625
4 0.7703125 0.796875 0.02265625 0.01875
4 0.7671875 0.96484375 0.01328125 0.03515625
6 0.5671875 0.028125 0.00234375 0.01015625
6 0.49921875 0.01796875 0.00234375 0.0109375
7 0.66640625 0.46328125 0.00390625 0.01171875
4 0.665625 0.47109375 0.0078125 0.01953125
6 0.59140625 0.1921875 0.00234375 0.0140625
6 0.5921875 0.1859375 0.003125 0.0140625