3 0.546875 0.55859375 0.0515625 0.06484375
3 0.44140625 0.484375 0.046875 0.0515625
3 0.33046875 0.4515625 0.03359375 0.04140625
3 0.29296875 0.42109375 0.02734375 0.03671875
3 0.3328125 0.40703125 0.0296875 0.0359375
3 0.6328125 0.403125 0.01796875 0.04140625
3 0.17421875 0.25078125 0.01640625 0.021875
3 0.2015625 0.30390625 0.0203125 0.0203125
3 0.08671875 0.17578125 0.01015625 0.01328125
3 0.0796875 0.1546875 0.0078125 0.01484375
3 0.084375 0.1328125 0.00859375 0.01171875
3 0.08125 0.10546875 0.0078125 0.01171875
3 0.09296875 0.09375 0.00859375 0.01015625
3 0.08984375 0.07421875 0.00703125 0.01171875
3 0.0703125 0.084375 0.00703125 0.0140625
3 0.0625 0.08203125 0.0078125 0.0109375
3 0.06953125 0.06171875 0.0078125 0.01484375
2 0.20390625 0.33203125 0.03984375 0.059375
3 0.05703125 0.05390625 0.00703125 0.00703125
3 0.06328125 0.04296875 0.0078125 0.00625
2 0.66171875 0.3796875 0.03203125 0.09609375
3 0.7109375 0.3359375 0.01328125 0.034375
3 0.6921875 0.2015625 0.00859375 0.015625
3 0.69140625 0.16328125 0.01015625 0.0140625
3 0.6921875 0.14375 0.0078125 0.015625
3 0.6796875 0.1390625 0.0078125 0.015625
3 0.64609375 0.128125 0.01171875 0.01640625
3 0.66328125 0.11328125 0.009375 0.01484375
3 0.67734375 0.08125 0.01015625 0.0109375
3 0.70546875 0.0640625 0.00703125 0.01171875
3 0.6890625 0.0640625 0.00859375 0.0109375
3 0.67890625 0.059375 0.00859375 0.01171875
3 0.7015625 0.703125 0.0546875 0.0796875
4 0.5625 0.39609375 0.00546875 0.015625
4 0.57578125 0.3890625 0.0046875 0.01484375
4 0.584375 0.3890625 0.0046875 0.015625
4 0.565625 0.378125 0.00859375 0.01015625
7 0.56171875 0.390625 0.0046875 0.01875
7 0.56875 0.37421875 0.00546875 0.02109375
7 0.5765625 0.38046875 0.0046875 0.015625
7 0.58515625 0.38125 0.0046875 0.01484375
3 0.38828125 0.76796875 0.04609375 0.1203125