3 0.09296875 0.69296875 0.04140625 0.07109375
3 0.103125 0.6484375 0.0390625 0.07109375
3 0.146875 0.59453125 0.03359375 0.06640625
3 0.20390625 0.56796875 0.03515625 0.06328125
3 0.225 0.53359375 0.0359375 0.065625
3 0.3046875 0.4203125 0.0375 0.06875
3 0.32265625 0.4109375 0.03203125 0.05546875
10 0.16328125 0.56875 0.03671875 0.0734375
10 0.3453125 0.396875 0.03203125 0.0640625
3 0.36953125 0.371875 0.03125 0.05078125
3 0.38359375 0.3484375 0.03046875 0.0515625
3 0.38203125 0.31328125 0.02734375 0.04296875
3 0.396875 0.30625 0.03046875 0.05390625
3 0.40703125 0.290625 0.028125 0.04609375
3 0.41875 0.271875 0.02734375 0.04453125
3 0.43203125 0.2625 0.02890625 0.04375
3 0.446875 0.24296875 0.03046875 0.04609375
3 0.4578125 0.228125 0.0296875 0.03984375
3 0.46796875 0.20859375 0.02890625 0.04140625
3 0.46328125 0.27578125 0.03046875 0.04140625
3 0.49609375 0.22578125 0.02578125 0.04140625
3 0.4765625 0.196875 0.02890625 0.03984375
3 0.515625 0.2 0.02265625 0.03515625
3 0.528125 0.1703125 0.02578125 0.040625
3 0.53359375 0.15859375 0.02578125 0.03671875
3 0.54140625 0.1484375 0.02578125 0.03515625
3 0.4953125 0.1765625 0.0265625 0.03828125
3 0.48359375 0.18125 0.028125 0.046875
3 0.6421875 0.23203125 0.02890625 0.04453125
3 0.66015625 0.2515625 0.02421875 0.03984375
3 0.271875 0.715625 0.02421875 0.02578125
3 0.3015625 0.70625 0.02578125 0.0453125
3 0.32890625 0.7109375 0.02421875 0.0359375
3 0.36796875 0.68828125 0.02421875 0.08125