3 0.02421875 0.578125 0.0484375 0.04375
3 0.47890625 0.50625 0.0390625 0.0453125
3 0.30703125 0.57578125 0.05 0.053125
3 0.3359375 0.56484375 0.0484375 0.05625
3 0.253125 0.5875 0.0625 0.071875
3 0.4796875 0.43046875 0.05 0.0359375
3 0.525 0.49296875 0.0390625 0.0421875
3 0.54140625 0.48515625 0.0359375 0.040625
3 0.58203125 0.471875 0.040625 0.040625
3 0.63828125 0.4703125 0.034375 0.0375
6 0.534375 0.4390625 0.01875 0.0109375
6 0.553125 0.446875 0.0125 0.0078125
4 0.53515625 0.41875 0.0234375 0.0140625
4 0.53203125 0.41328125 0.025 0.0140625
3 0.64609375 0.37734375 0.0265625 0.0296875
3 0.703125 0.36171875 0.021875 0.0265625
3 0.72265625 0.359375 0.021875 0.0265625
3 0.7421875 0.35546875 0.0234375 0.0296875
3 0.684375 0.72578125 0.0390625 0.0390625
6 0.6953125 0.684375 0.0203125 0.0109375
7 0.7078125 0.68984375 0.015625 0.0078125
7 0.7078125 0.69140625 0.0125 0.009375
4 0.703125 0.690625 0.01875 0.0171875
4 0.73828125 0.7328125 0.0140625 0.0140625
4 0.74140625 0.74609375 0.0171875 0.0140625
6 0.2046875 0.69140625 0.03125 0.0171875
3 0.09765625 0.5359375 0.05625 0.0640625
3 0.8859375 0.42109375 0.0171875 0.01875
10 0.93359375 0.55859375 0.0203125 0.0203125
10 0.94140625 0.546875 0.0171875 0.0203125
10 0.9453125 0.54140625 0.0171875 0.01875
10 0.95390625 0.5359375 0.0171875 0.01875
3 0.93671875 0.55 0.015625 0.01875
3 0.9546875 0.53046875 0.015625 0.01875