10 0.6296875 0.48125 0.05390625 0.04296875
10 0.49765625 0.51015625 0.05546875 0.05390625
10 0.45078125 0.446875 0.05390625 0.04375
10 0.38671875 0.4015625 0.05234375 0.04140625
7 0.87421875 0.86328125 0.01015625 0.04296875
4 0.87265625 0.87265625 0.03671875 0.04140625
6 0.90078125 0.53203125 0.00859375 0.02578125
1 0.81171875 0.48125 0.021875 0.028125
1 0.90390625 0.56171875 0.0390625 0.0359375
1 0.86796875 0.440625 0.015625 0.025
1 0.8421875 0.42890625 0.0171875 0.01875
4 0.821875 0.425 0.015625 0.021875
4 0.80390625 0.41796875 0.0125 0.02109375
4 0.79453125 0.40625 0.00625 0.02421875
6 0.7296875 0.475 0.01015625 0.0296875
1 0.7625 0.39765625 0.00703125 0.02109375
3 0.9875 0.34140625 0.0234375 0.04375
7 0.4609375 0.884375 0.01328125 0.04296875
4 0.46015625 0.88984375 0.02734375 0.04453125
3 0.64765625 0.97109375 0.10078125 0.05703125
3 0.553125 0.87109375 0.0328125 0.10859375
3 0.17578125 0.9875 0.11328125 0.025
3 0.37265625 0.90390625 0.08515625 0.0734375
1 0.36015625 0.85390625 0.02578125 0.02421875
3 0.27890625 0.734375 0.07734375 0.07109375
3 0.52421875 0.70390625 0.06953125 0.06484375
7 0.17421875 0.71640625 0.01171875 0.02890625
1 0.175 0.73515625 0.02265625 0.021875
3 0.18203125 0.8015625 0.06484375 0.0703125
6 0.28203125 0.51640625 0.01171875 0.03515625
6 0.01015625 0.66328125 0.01640625 0.03828125
3 0.05859375 0.5078125 0.05625 0.053125
3 0.0265625 0.62421875 0.05078125 0.065625
3 0.1265625 0.659375 0.01640625 0.034375
3 0.0484375 0.759375 0.0421875 0.09140625
3 0.01015625 0.73046875 0.0203125 0.0734375
4 0.25625 0.36484375 0.01015625 0.02421875
4 0.2671875 0.36484375 0.0078125 0.02421875
4 0.24609375 0.35703125 0.00703125 0.01953125
3 0.2109375 0.41171875 0.05390625 0.034375
3 0.21171875 0.34921875 0.04375 0.03203125
10 0.04140625 0.29453125 0.03671875 0.03515625
9 0.16015625 0.3203125 0.06015625 0.0609375
9 0.140625 0.26171875 0.0734375 0.05625
6 0.56953125 0.44375 0.01015625 0.040625
6 0.578125 0.44375 0.00703125 0.03984375
3 0.6359375 0.39140625 0.04609375 0.0359375
3 0.6421875 0.37109375 0.04609375 0.028125
3 0.6578125 0.35546875 0.03671875 0.025
3 0.66484375 0.3359375 0.03828125 0.03203125
3 0.66015625 0.31640625 0.03671875 0.02578125
10 0.67265625 0.30390625 0.0359375 0.0359375
9 0.42578125 0.36328125 0.0515625 0.053125
9 0.46796875 0.33671875 0.04453125 0.059375
3 0.45078125 0.36015625 0.0390625 0.03515625
9 0.690625 0.3734375 0.04765625 0.078125
9 0.72734375 0.3890625 0.04375 0.084375
3 0.759375 0.346875 0.02265625 0.03828125
3 0.73203125 0.3390625 0.028125 0.04296875
3 0.7125 0.32890625 0.0234375 0.0296875
3 0.7828125 0.28046875 0.02578125 0.03125
3 0.76171875 0.2734375 0.028125 0.02890625
3 0.73359375 0.26484375 0.021875 0.03125
3 0.7125 0.2625 0.02109375 0.034375
3 0.6828125 0.25859375 0.02578125 0.0296875
3 0.55703125 0.32421875 0.03203125 0.04453125
3 0.57890625 0.29921875 0.02265625 0.0359375
3 0.60234375 0.27265625 0.02421875 0.034375
3 0.5359375 0.2671875 0.02890625 0.03046875
10 0.57109375 0.2546875 0.03984375 0.03671875
10 0.52578125 0.2359375 0.0296875 0.03671875
3 0.62734375 0.21015625 0.03359375 0.021875
3 0.6375 0.20078125 0.03359375 0.021875
3 0.64921875 0.18671875 0.03046875 0.02109375
3 0.7265625 0.240625 0.0390625 0.0234375
3 0.73515625 0.228125 0.03359375 0.02109375
3 0.75625 0.19453125 0.0328125 0.025
3 0.76328125 0.184375 0.03359375 0.01953125
3 0.76484375 0.1765625 0.0296875 0.01953125
3 0.77890625 0.16640625 0.034375 0.02109375
3 0.78046875 0.14921875 0.028125 0.01328125
10 0.79375 0.134375 0.02421875 0.0203125
3 0.8046875 0.128125 0.01953125 0.01953125
3 0.77578125 0.1234375 0.01171875 0.028125
3 0.79609375 0.10625 0.01015625 0.01875
3 0.78046875 0.10078125 0.01328125 0.01953125
10 0.6796875 0.16171875 0.025 0.0234375
3 0.68828125 0.15390625 0.01953125 0.01640625
3 0.70390625 0.14140625 0.0265625 0.0234375
3 0.7140625 0.11796875 0.03046875 0.01796875
3 0.72421875 0.10703125 0.025 0.015625
3 0.746875 0.11171875 0.01328125 0.0234375
3 0.74453125 0.0921875 0.02421875 0.01796875
3 0.7640625 0.06640625 0.01796875 0.01875
3 0.75703125 0.08125 0.02421875 0.015625
3 0.775 0.0609375 0.01640625 0.01875
3 0.78359375 0.053125 0.02265625 0.01640625
3 0.76484375 0.040625 0.01328125 0.02109375
3 0.80546875 0.0484375 0.01171875 0.015625
3 0.8234375 0.10234375 0.02265625 0.015625
3 0.8265625 0.09140625 0.01953125 0.0140625
3 0.79140625 0.0390625 0.01875 0.0140625
3 0.7984375 0.03203125 0.02578125 0.01484375
6 0.43359375 0.40390625 0.01015625 0.02890625
6 0.51015625 0.32578125 0.0046875 0.015625
1 0.509375 0.33828125 0.0078125 0.01015625
6 0.62734375 0.240625 0.00546875 0.025
6 0.6609375 0.28125 0.00703125 0.0140625
7 0.64140625 0.28203125 0.00546875 0.015625
7 0.6296875 0.2796875 0.00546875 0.01328125
1 0.62890625 0.2921875 0.009375 0.01171875
1 0.64140625 0.29453125 0.00859375 0.009375