4 0.103125 0.01875 0.01015625 0.0109375
4 0.10234375 0.03203125 0.01015625 0.01015625
4 0.10078125 0.040625 0.00859375 0.00859375
4 0.1 0.0484375 0.01171875 0.00703125
9 0.1296875 0.0484375 0.01484375 0.04453125
3 0.17265625 0.053125 0.01328125 0.03984375
3 0.2015625 0.05703125 0.01328125 0.04140625
9 0.24609375 0.034375 0.01640625 0.06875
3 0.2453125 0.0953125 0.01171875 0.04296875
10 0.22890625 0.09140625 0.01015625 0.0453125
3 0.21328125 0.09453125 0.0125 0.04453125
3 0.15625 0.09296875 0.01171875 0.0390625
3 0.140625 0.09140625 0.01171875 0.034375
3 0.21875 0.16875 0.02578125 0.0234375
3 0.21875 0.19140625 0.028125 0.0234375
3 0.2171875 0.2140625 0.02890625 0.025
3 0.21875 0.2421875 0.0265625 0.0234375
3 0.215625 0.265625 0.0296875 0.021875
3 0.21640625 0.29453125 0.028125 0.02421875
3 0.21484375 0.3234375 0.03203125 0.02421875
3 0.3203125 0.05625 0.009375 0.03984375
3 0.34921875 0.05390625 0.009375 0.03671875
3 0.3625 0.05546875 0.0109375 0.03671875
3 0.3625 0.0921875 0.01015625 0.03828125
3 0.37734375 0.09375 0.01015625 0.03671875
3 0.421875 0.1 0.01171875 0.0390625
3 0.42109375 0.05703125 0.01015625 0.04453125
3 0.40703125 0.05390625 0.01171875 0.0390625
9 0.3921875 0.05625 0.01171875 0.04921875
3 0.37734375 0.04921875 0.01171875 0.04296875
3 0.33359375 0.09609375 0.01171875 0.04140625
3 0.31875 0.09921875 0.01171875 0.0390625
3 0.3421875 0.17109375 0.0265625 0.02421875
3 0.3390625 0.19375 0.02890625 0.0265625
3 0.3390625 0.21953125 0.02734375 0.0234375
3 0.33671875 0.24296875 0.028125 0.0265625
3 0.3390625 0.265625 0.0296875 0.02578125
3 0.33984375 0.29140625 0.028125 0.02421875
3 0.034375 0.52890625 0.03515625 0.02421875
0 0.034375 0.3796875 0.015625 0.03671875
4 0.046875 0.3796875 0.00859375 0.021875
4 0.05546875 0.378125 0.00703125 0.03046875
4 0.1234375 0.40546875 0.0140625 0.01484375
7 0.1234375 0.39921875 0.00546875 0.015625
7 0.215625 0.41484375 0.00546875 0.009375
4 0.21640625 0.41640625 0.0109375 0.00859375
3 0.42578125 0.521875 0.03046875 0.025
3 0.48984375 0.375 0.03203125 0.028125
7 0.5640625 0.4953125 0.00546875 0.0109375
4 0.5625 0.496875 0.01328125 0.01015625
4 0.56484375 0.54921875 0.00625 0.0234375
0 0.615625 0.55078125 0.01171875 0.0296875
7 0.72109375 0.48203125 0.00546875 0.01171875
4 0.71953125 0.48203125 0.01015625 0.0109375