3 0.53046875 0.346875 0.1046875 0.05625
3 0.49609375 0.3015625 0.1078125 0.046875
3 0.490625 0.25625 0.1140625 0.0515625
6 0.38671875 0.28671875 0.0296875 0.0140625
6 0.35234375 0.3296875 0.0296875 0.0140625
6 0.390625 0.378125 0.0296875 0.0140625
6 0.409375 0.5015625 0.0296875 0.0140625
6 0.4078125 0.49140625 0.034375 0.0125
6 0.775 0.6640625 0.0328125 0.015625
5 0.77265625 0.634375 0.0828125 0.071875
6 0.50078125 0.58046875 0.0296875 0.0140625
6 0.4921875 0.59453125 0.0265625 0.0171875
6 0.46875 0.49609375 0.0265625 0.0140625
6 0.4828125 0.49921875 0.0328125 0.015625
6 0.52109375 0.58671875 0.03125 0.015625
0 0.51015625 0.59453125 0.0296875 0.0328125
0 0.4140625 0.56171875 0.046875 0.0296875
10 0.25078125 0.0625 0.053125 0.053125
10 0.3359375 0.053125 0.05625 0.0578125
10 0.36171875 0.12578125 0.0546875 0.053125
9 0.45078125 0.184375 0.18125 0.09375
3 0.27734375 0.11328125 0.0515625 0.05625
6 0.1359375 0.1484375 0.03125 0.0171875
6 0.1953125 0.2875 0.0359375 0.01875
6 0.2859375 0.2328125 0.0234375 0.0140625
6 0.16875 0.30625 0.028125 0.0109375
6 0.08984375 0.2625 0.0296875 0.0140625
4 0.0953125 0.215625 0.0203125 0.0125
1 0.10078125 0.225 0.0234375 0.0140625
10 0.0140625 0.3875 0.028125 0.034375
7 0.221875 0.35 0.0234375 0.0109375
7 0.215625 0.3546875 0.021875 0.009375
7 0.20546875 0.36015625 0.0203125 0.009375
7 0.36796875 0.3546875 0.03125 0.015625
7 0.3609375 0.41953125 0.03125 0.015625
7 0.27734375 0.2453125 0.021875 0.0140625
7 0.4609375 0.6046875 0.0265625 0.0140625
7 0.45078125 0.47265625 0.028125 0.0140625
7 0.434375 0.4609375 0.0234375 0.0140625
1 0.40390625 0.6875 0.0328125 0.0140625
10 0.109375 0.634375 0.059375 0.0359375
4 0.465625 0.60078125 0.021875 0.025
0 0.44375 0.46875 0.0390625 0.0453125
1 0.37265625 0.353125 0.0265625 0.0265625
1 0.37109375 0.41875 0.0359375 0.015625
6 0.33671875 0.38671875 0.03125 0.0125
6 0.3328125 0.340625 0.03125 0.0125
3 0.25 0.3765625 0.053125 0.0609375
3 0.33203125 0.47109375 0.078125 0.0359375
3 0.203125 0.571875 0.0640625 0.0359375
3 0.28984375 0.5296875 0.05 0.0609375
3 0.3609375 0.56015625 0.0796875 0.0421875
3 0.3265625 0.4421875 0.084375 0.040625
10 0.30390625 0.34375 0.0734375 0.0421875
10 0.315625 0.3765625 0.0796875 0.0421875
3 0.31796875 0.409375 0.0875 0.040625
3 0.3515625 0.50078125 0.078125 0.0390625
3 0.36015625 0.53203125 0.0875 0.0421875