10 0.3984375 0.6421875 0.0390625 0.0171875
10 0.94140625 0.5859375 0.0203125 0.009375
9 0.8078125 0.54453125 0.0390625 0.0203125
10 0.79765625 0.5328125 0.0265625 0.0140625
10 0.75546875 0.525 0.028125 0.0140625
3 0.71484375 0.53828125 0.025 0.0140625
10 0.64765625 0.53984375 0.0296875 0.015625
10 0.68828125 0.52578125 0.0296875 0.015625
6 0.7046875 0.625 0.00625 0.0046875
6 0.6953125 0.62578125 0.00625 0.0046875
9 0.60859375 0.615625 0.0546875 0.0234375
3 0.35703125 0.5734375 0.0359375 0.01875
3 0.43984375 0.54296875 0.0359375 0.0171875
3 0.48359375 0.5703125 0.0359375 0.01875
10 0.39140625 0.559375 0.0375 0.0203125
10 0.44296875 0.53125 0.0328125 0.0171875
10 0.38828125 0.53203125 0.0421875 0.021875
10 0.4859375 0.53125 0.0328125 0.01875
10 0.5609375 0.540625 0.0359375 0.01875
10 0.60078125 0.53984375 0.0328125 0.015625
3 0.5875 0.52890625 0.0359375 0.0171875
3 0.52265625 0.53125 0.0328125 0.0171875
2 0.49296875 0.54375 0.0484375 0.025
2 0.390625 0.54453125 0.059375 0.0296875
3 0.96171875 0.34296875 0.0171875 0.009375
2 0.7765625 0.34375 0.0359375 0.01875
2 0.59453125 0.328125 0.0421875 0.021875
6 0.83125 0.20703125 0.00625 0.0046875
6 0.8234375 0.203125 0.009375 0.0046875
6 0.80234375 0.203125 0.009375 0.0046875