3 0.396875 0.11015625 0.00234375 0.00390625
10 0.4 0.11796875 0.00234375 0.0046875
3 0.35859375 0.16796875 0.00390625 0.00703125
9 0.36875 0.221875 0.00703125 0.0234375
9 0.36328125 0.17109375 0.00859375 0.025
9 0.38203125 0.3859375 0.009375 0.0359375
9 0.35 0.47109375 0.025 0.0515625
3 0.3765625 0.35078125 0.0078125 0.0203125
7 0.3671875 0.4171875 0.00234375 0.00859375
8 0.36640625 0.42109375 0.00390625 0.01484375
9 0.43828125 0.93828125 0.065625 0.06875
3 0.11796875 0.53046875 0.02578125 0.02109375
3 0.19375 0.53671875 0.01796875 0.0453125
3 0.1875 0.43828125 0.02265625 0.02578125
0 0.2765625 0.56796875 0.0109375 0.02890625