6 0.6515625 0.2421875 0.009375 0.0296875
6 0.62578125 0.26796875 0.0125 0.03125
6 0.56484375 0.3265625 0.0125 0.03125
6 0.5734375 0.3265625 0.009375 0.03125
6 0.4578125 0.42734375 0.009375 0.025
6 0.46171875 0.428125 0.00625 0.021875
6 0.465625 0.43359375 0.009375 0.025
6 0.41796875 0.4671875 0.0078125 0.0234375
6 0.42265625 0.46953125 0.00625 0.021875
6 0.38671875 0.47109375 0.00625 0.0265625
6 0.38671875 0.478125 0.00625 0.025
6 0.30078125 0.528125 0.0046875 0.0234375
6 0.30703125 0.53125 0.003125 0.025
6 0.3109375 0.5296875 0.003125 0.0265625
6 0.315625 0.52890625 0.00625 0.021875
6 0.30703125 0.53671875 0.0046875 0.021875
6 0.32890625 0.5390625 0.00625 0.01875
6 0.33515625 0.5953125 0.00625 0.0234375
6 0.15 0.54609375 0.00625 0.01875
6 0.16328125 0.5625 0.00625 0.0234375
6 0.1921875 0.54609375 0.003125 0.0203125
6 0.18984375 0.5515625 0.0046875 0.0203125
6 0.215625 0.55390625 0.00625 0.01875
6 0.215625 0.559375 0.0078125 0.01875
6 0.2125 0.58125 0.00625 0.01875
6 0.2140625 0.5828125 0.00625 0.01875
6 0.2234375 0.6109375 0.00625 0.01875
3 0.14375 0.6453125 0.025 0.0203125
6 0.14765625 0.7015625 0.003125 0.0125
6 0.1078125 0.76875 0.003125 0.0125
6 0.13515625 0.78046875 0.003125 0.0109375
6 0.13203125 0.7828125 0.003125 0.009375
6 0.103125 0.7796875 0.003125 0.0125
6 0.06875 0.77265625 0.0046875 0.0109375
6 0.01015625 0.78125 0.003125 0.0125
6 0.00234375 0.790625 0.0046875 0.0125
6 0.009375 0.834375 0.003125 0.009375
6 0.00625 0.83359375 0.003125 0.009375
6 0.30390625 0.69375 0.003125 0.015625
6 0.309375 0.69296875 0.003125 0.0125
6 0.31015625 0.7 0.003125 0.0125
6 0.30859375 0.6984375 0.003125 0.0125
6 0.30390625 0.7 0.003125 0.015625
6 0.31484375 0.7078125 0.003125 0.015625
6 0.3125 0.7078125 0.003125 0.015625
10 0.24921875 0.7765625 0.0125 0.015625
3 0.259375 0.81015625 0.009375 0.0109375
9 0.2484375 0.81171875 0.0125 0.01875
6 0.31015625 0.75390625 0.003125 0.009375