9 0.2046875 0.93359375 0.01484375 0.05859375
9 0.15859375 0.69921875 0.02265625 0.0203125
9 0.2125 0.546875 0.01171875 0.04296875
9 0.23828125 0.45 0.01953125 0.01875
9 0.15390625 0.37890625 0.01015625 0.025
9 0.16875 0.32109375 0.00703125 0.01484375
9 0.21796875 0.3640625 0.01015625 0.03046875
9 0.22578125 0.296875 0.00625 0.01796875
9 0.19765625 0.23203125 0.00703125 0.02421875
2 0.196875 0.1828125 0.00703125 0.015625
2 0.23046875 0.05703125 0.00390625 0.009375
3 0.2171875 0.853125 0.01796875 0.0203125
3 0.225 0.790625 0.0140625 0.01171875
3 0.2296875 0.753125 0.01484375 0.0140625
3 0.23046875 0.740625 0.01640625 0.01484375
3 0.23046875 0.72890625 0.01640625 0.01171875
3 0.22890625 0.71796875 0.015625 0.0109375
3 0.19453125 0.7875 0.00859375 0.03046875
3 0.18828125 0.75078125 0.00703125 0.02890625
3 0.18359375 0.65078125 0.01484375 0.01171875
3 0.19921875 0.63359375 0.00625 0.0203125
3 0.1625 0.63515625 0.0078125 0.021875
10 0.1609375 0.340625 0.00546875 0.01171875
3 0.23515625 0.396875 0.009375 0.00703125
3 0.234375 0.3921875 0.01015625 0.01015625
3 0.23515625 0.38671875 0.009375 0.00703125
3 0.23515625 0.37734375 0.00703125 0.00859375
3 0.234375 0.315625 0.0078125 0.00859375
9 0.24453125 0.16171875 0.00703125 0.00703125
10 0.2515625 0.1625 0.0046875 0.0046875
3 0.215625 0.17421875 0.00234375 0.00625
3 0.2046875 0.15703125 0.00234375 0.00546875
3 0.21953125 0.090625 0.00234375 0.00546875
3 0.21953125 0.13671875 0.00234375 0.00546875
3 0.21875 0.1421875 0.003125 0.0046875
3 0.2171875 0.14609375 0.00234375 0.0046875
4 0.2140625 0.125 0.0015625 0.00390625
4 0.21171875 0.13515625 0.00234375 0.00546875
4 0.21640625 0.1609375 0.00234375 0.00390625
10 0.3625 0.1390625 0.00546875 0.00546875
3 0.36875 0.1390625 0.00390625 0.00546875
3 0.36484375 0.128125 0.003125 0.00625
3 0.365625 0.12109375 0.00234375 0.00703125
3 0.3109375 0.1390625 0.00234375 0.00625
3 0.315625 0.1421875 0.00390625 0.00625
2 0.58828125 0.103125 0.01015625 0.00859375
2 0.57734375 0.09921875 0.0046875 0.01015625
2 0.58828125 0.10234375 0.01015625 0.00859375
3 0.57109375 0.103125 0.003125 0.0046875
3 0.56875 0.09921875 0.00234375 0.00390625
9 0.55390625 0.18359375 0.00546875 0.00859375
9 0.5453125 0.1890625 0.0078125 0.00625
9 0.55078125 0.18515625 0.00390625 0.00703125
9 0.0265625 0.18828125 0.01328125 0.02109375
9 0.01796875 0.1875 0.009375 0.02109375
9 0.0140625 0.18671875 0.01171875 0.02421875
10 0.09765625 0.7265625 0.01171875 0.0234375