3 0.17421875 0.94140625 0.03828125 0.0609375
3 0.35859375 0.91640625 0.03359375 0.1109375
3 0.4921875 0.74296875 0.03203125 0.14140625
10 0.371875 0.6109375 0.02890625 0.11484375
9 0.41796875 0.39609375 0.075 0.15546875
3 0.57421875 0.25859375 0.06328125 0.05078125
3 0.4875 0.14375 0.02734375 0.08984375
3 0.315625 0.11796875 0.02734375 0.096875
3 0.19453125 0.73203125 0.03828125 0.1359375
3 0.20625 0.58203125 0.0390625 0.125
10 0.315625 0.403125 0.03359375 0.121875
6 0.57109375 0.390625 0.01484375 0.025
6 0.41953125 0.12421875 0.00703125 0.03203125
6 0.4609375 0.2640625 0.009375 0.02578125
6 0.49765625 0.2171875 0.01015625 0.03203125
6 0.515625 0.325 0.00859375 0.02578125
6 0.56875 0.32421875 0.0140625 0.02578125
7 0.45390625 0.05625 0.009375 0.02578125
1 0.45234375 0.06328125 0.01953125 0.02890625
10 0.48984375 0.04765625 0.02265625 0.065625
3 0.1546875 0.228125 0.03203125 0.09609375
6 0.1640625 0.32265625 0.01484375 0.03046875
6 0.09296875 0.3421875 0.01640625 0.025
10 0.04609375 0.91640625 0.07734375 0.11015625
6 0.09296875 0.878125 0.02734375 0.0234375
3 0.06171875 0.828125 0.0765625 0.10625
3 0.0625 0.74765625 0.07421875 0.11015625
3 0.06875 0.66875 0.06015625 0.0796875
3 0.11015625 0.58125 0.0625 0.08828125
6 0.140625 0.4765625 0.0125 0.0234375
10 0.0984375 0.478125 0.0640625 0.06796875
9 0.1875 0.45859375 0.10546875 0.19921875
7 0.44296875 0.64921875 0.01328125 0.02109375
7 0.46875 0.6828125 0.01015625 0.0234375
7 0.48203125 0.340625 0.009375 0.025
1 0.4828125 0.34609375 0.00625 0.04296875
1 0.4421875 0.65078125 0.00859375 0.0453125
1 0.46796875 0.684375 0.009375 0.04375