3 0.178125 0.3890625 0.02734375 0.01484375
3 0.21484375 0.38828125 0.0265625 0.0140625
3 0.253125 0.38828125 0.02109375 0.015625
10 0.2125 0.36875 0.0171875 0.015625
3 0.3125 0.38515625 0.02265625 0.01640625
3 0.44375 0.38359375 0.02265625 0.01640625
3 0.47421875 0.384375 0.0234375 0.01640625
3 0.5046875 0.38203125 0.02265625 0.01484375
3 0.53125 0.38828125 0.02265625 0.01640625
3 0.540625 0.38125 0.02265625 0.015625
3 0.565625 0.38203125 0.02265625 0.015625
10 0.509375 0.35703125 0.02109375 0.01484375
7 0.55234375 0.41015625 0.00625 0.01640625
1 0.553125 0.41640625 0.01171875 0.0140625
6 0.54140625 0.434375 0.00546875 0.02109375
7 0.5265625 0.4296875 0.0046875 0.0109375
4 0.52578125 0.440625 0.00390625 0.015625
6 0.52890625 0.4671875 0.00703125 0.0265625
6 0.51328125 0.471875 0.00546875 0.02421875
6 0.53515625 0.509375 0.00390625 0.021875
6 0.53671875 0.51171875 0.00390625 0.028125
6 0.59609375 0.4984375 0.00546875 0.02421875
6 0.59296875 0.4921875 0.00625 0.0265625
1 0.58515625 0.5234375 0.0140625 0.01953125
6 0.4765625 0.50234375 0.0078125 0.0234375
6 0.40703125 0.5 0.00625 0.028125
4 0.63359375 0.553125 0.01640625 0.02109375
4 0.6109375 0.57421875 0.01796875 0.021875
3 0.61015625 0.55859375 0.05078125 0.03359375
3 0.60703125 0.5359375 0.04609375 0.02890625
10 0.490625 0.52421875 0.03515625 0.03125
10 0.5078125 0.53828125 0.0328125 0.03515625
10 0.49765625 0.5609375 0.03125 0.03671875
10 0.51640625 0.58515625 0.02265625 0.05390625
10 0.48671875 0.60859375 0.04609375 0.0484375
10 0.4703125 0.59140625 0.05625 0.0390625
10 0.45703125 0.57890625 0.06015625 0.04921875
3 0.4515625 0.55078125 0.04921875 0.03125
3 0.46953125 0.53984375 0.04765625 0.028125
3 0.528125 0.65703125 0.03046875 0.0546875
10 0.58046875 0.63515625 0.0265625 0.05703125
10 0.4609375 0.65390625 0.06484375 0.05
3 0.45234375 0.68671875 0.07265625 0.05390625
3 0.490625 0.71171875 0.0671875 0.0515625
10 0.4515625 0.71953125 0.0578125 0.0484375
3 0.44921875 0.75859375 0.0796875 0.0609375
3 0.45859375 0.78359375 0.08515625 0.05703125
3 0.46015625 0.8234375 0.0875 0.06328125
3 0.46328125 0.8640625 0.08984375 0.05703125
3 0.4578125 0.90390625 0.06640625 0.05546875
10 0.47421875 0.94296875 0.12578125 0.11328125
3 0.46328125 0.9953125 0.12578125 0.009375
3 0.63515625 0.728125 0.04609375 0.0734375
3 0.64921875 0.64140625 0.04765625 0.0453125
3 0.678125 0.684375 0.0671875 0.04296875
3 0.68359375 0.7109375 0.07734375 0.05
10 0.665625 0.65859375 0.06171875 0.053125
4 0.72265625 0.72734375 0.02265625 0.02890625
4 0.72734375 0.7390625 0.028125 0.03359375
1 0.6984375 0.7359375 0.02421875 0.03203125
1 0.71640625 0.759375 0.0265625 0.0296875
10 0.740625 0.8140625 0.09921875 0.08203125
10 0.7515625 0.8703125 0.09296875 0.08359375
4 0.81015625 0.87890625 0.015625 0.05859375
8 0.81875 0.9390625 0.0734375 0.065625
3 0.7984375 0.96796875 0.11953125 0.0640625
3 0.846875 0.996875 0.13125 0.00625
6 0.7125 0.97109375 0.01875 0.0578125