10 0.771875 0.134375 0.10625 0.109375
10 0.38203125 0.459375 0.05 0.0546875
10 0.4984375 0.56328125 0.09375 0.0796875
10 0.2734375 0.6546875 0.05625 0.0515625
10 0.3546875 0.15625 0.0359375 0.028125
10 0.32890625 0.16953125 0.0328125 0.028125
10 0.31640625 0.17578125 0.03125 0.028125
10 0.27578125 0.2375 0.0296875 0.0296875
10 0.21640625 0.3421875 0.0265625 0.0265625
10 0.20234375 0.365625 0.0265625 0.0265625
10 0.175 0.4109375 0.0265625 0.025
10 0.2390625 0.52734375 0.0296875 0.0296875
10 0.26875 0.4640625 0.0375 0.034375
10 0.30546875 0.42890625 0.0421875 0.0390625
3 0.45078125 0.27265625 0.046875 0.040625
3 0.4375 0.321875 0.04375 0.0375
3 0.428125 0.33671875 0.04375 0.040625
3 0.4015625 0.365625 0.040625 0.0390625
3 0.5890625 0.37578125 0.0703125 0.0671875
3 0.38828125 0.38359375 0.040625 0.0359375
3 0.3765625 0.39609375 0.0359375 0.034375
3 0.34375 0.43359375 0.034375 0.0359375
3 0.28828125 0.50859375 0.0296875 0.0296875
3 0.49609375 0.16875 0.04375 0.025
3 0.3234375 0.0296875 0.0203125 0.0140625
10 0.56484375 0.11953125 0.059375 0.0578125
10 0.3859375 0.109375 0.040625 0.0265625
2 0.61328125 0.0484375 0.1046875 0.0890625
2 0.453125 0.14375 0.0953125 0.0609375
2 0.4125 0.10859375 0.0671875 0.0421875
2 0.37578125 0.07734375 0.0671875 0.0390625
2 0.296875 0.01328125 0.05 0.0265625
2 0.25390625 0.0125 0.034375 0.0234375
2 0.2859375 0.04296875 0.0453125 0.034375
2 0.27265625 0.18515625 0.0515625 0.0578125
2 0.34453125 0.1046875 0.05625 0.0375
2 0.22109375 0.278125 0.0375 0.0375
2 0.13046875 0.3578125 0.0328125 0.03125
2 0.11484375 0.4390625 0.0375 0.04375
2 0.12890625 0.48984375 0.05 0.05
2 0.11015625 0.525 0.0390625 0.0421875
4 0.2296875 0.62109375 0.0296875 0.021875
7 0.228125 0.621875 0.0203125 0.0109375
9 0.3515625 0.0796875 0.0390625 0.0296875
9 0.4859375 0.1890625 0.0875 0.0453125
9 0.23828125 0.2453125 0.0359375 0.03125
10 0.259375 0.22265625 0.0234375 0.021875
3 0.2125 0.30390625 0.01875 0.0171875
3 0.19375 0.33203125 0.021875 0.0203125
9 0.6640625 0.58125 0.1234375 0.1296875
6 0.35546875 0.12890625 0.01875 0.0078125
6 0.34609375 0.12265625 0.0125 0.00625
6 0.34375 0.12421875 0.01875 0.0078125
6 0.28828125 0.14609375 0.0125 0.00625