1 0.03515625 0.60859375 0.0703125 0.0734375
4 0.17734375 0.58828125 0.090625 0.0546875
4 0.07421875 0.265625 0.090625 0.084375
3 0.228125 0.309375 0.1734375 0.11875
9 0.2359375 0.6921875 0.1515625 0.1609375
9 0.4234375 0.37265625 0.115625 0.1359375
3 0.6875 0.40546875 0.0296875 0.0203125
3 0.6765625 0.415625 0.0375 0.0265625
9 0.63671875 0.3625 0.05625 0.034375
7 0.6578125 0.39140625 0.021875 0.009375
6 0.68515625 0.3953125 0.025 0.009375
9 0.646875 0.46171875 0.0671875 0.0625
10 0.61953125 0.453125 0.0515625 0.0359375
6 0.721875 0.35625 0.025 0.0078125
6 0.72265625 0.35234375 0.025 0.0078125
9 0.70625 0.30390625 0.08125 0.040625
0 0.640625 0.3890625 0.0203125 0.009375
10 0.55390625 0.33359375 0.090625 0.103125
6 0.5421875 0.37265625 0.0546875 0.021875
4 0.55625 0.4390625 0.0359375 0.015625
7 0.4421875 0.43671875 0.0453125 0.0203125
7 0.56796875 0.4421875 0.0390625 0.0140625
9 0.5328125 0.49609375 0.0703125 0.05625
7 0.04375 0.61640625 0.0875 0.0515625
7 0.17265625 0.59921875 0.0625 0.028125
7 0.20078125 0.59609375 0.071875 0.0359375
6 0.31953125 0.6171875 0.0921875 0.040625
6 0.2578125 0.4640625 0.0921875 0.0328125
6 0.253125 0.48203125 0.0890625 0.03125
6 0.06875 0.359375 0.103125 0.0375
6 0.0734375 0.34140625 0.10625 0.0375
7 0.1828125 0.42109375 0.0765625 0.0375
3 0.48359375 0.40078125 0.0703125 0.0625