3 0.40078125 0.303125 0.065625 0.065625
3 0.303125 0.39296875 0.078125 0.071875
3 0.40546875 0.53359375 0.0625 0.0640625
3 0.525 0.4640625 0.0421875 0.0375
3 0.52265625 0.2140625 0.0484375 0.0421875
3 0.58828125 0.27265625 0.0421875 0.0421875
3 0.62734375 0.2234375 0.034375 0.03125
3 0.6703125 0.22265625 0.0296875 0.025
3 0.628125 0.4359375 0.0234375 0.015625
3 0.6484375 0.44375 0.0234375 0.015625
3 0.6671875 0.45 0.021875 0.015625
3 0.7078125 0.453125 0.021875 0.015625
3 0.75625 0.47109375 0.0140625 0.009375
3 0.771875 0.48671875 0.015625 0.0125
3 0.77421875 0.50546875 0.015625 0.009375
3 0.25859375 0.609375 0.06875 0.08125
3 0.31875 0.62421875 0.053125 0.0640625
6 0.215625 0.11875 0.0421875 0.0296875
6 0.434375 0.09140625 0.0328125 0.0203125
3 0.775 0.1796875 0.01875 0.0171875
3 0.79609375 0.13515625 0.021875 0.0171875
6 0.58046875 0.43671875 0.0203125 0.009375
7 0.75390625 0.24296875 0.0109375 0.009375
7 0.65 0.30625 0.0109375 0.009375
7 0.653125 0.38671875 0.009375 0.00625
7 0.628125 0.3515625 0.009375 0.00625
7 0.61640625 0.3578125 0.0109375 0.0078125
4 0.64921875 0.38515625 0.0125 0.009375
4 0.6109375 0.35625 0.0109375 0.0109375
4 0.62421875 0.35 0.0109375 0.0109375
4 0.64453125 0.3046875 0.0109375 0.0109375
4 0.74921875 0.24140625 0.0109375 0.009375
10 0.64609375 0.42734375 0.0390625 0.0234375