6 0.52421875 0.99296875 0.02421875 0.0140625
6 0.73125 0.9796875 0.02109375 0.03984375
6 0.6921875 0.95234375 0.03359375 0.09140625
3 0.6890625 0.72421875 0.12890625 0.26015625
6 0.49296875 0.61640625 0.01953125 0.10546875
6 0.496875 0.44453125 0.0140625 0.08203125
6 0.5140625 0.23125 0.01015625 0.0640625
6 0.4984375 0.2234375 0.01328125 0.06953125
6 0.54140625 0.22421875 0.01015625 0.059375
6 0.5640625 0.22109375 0.01015625 0.06875
6 0.584375 0.2015625 0.01171875 0.06640625
6 0.60546875 0.196875 0.01796875 0.05703125
7 0.47421875 0.24375 0.01328125 0.06953125
7 0.46875 0.228125 0.01640625 0.05859375
6 0.47109375 0.2015625 0.01640625 0.065625
6 0.47578125 0.209375 0.01015625 0.06015625
6 0.4890625 0.21796875 0.0109375 0.06875
6 0.4984375 0.19453125 0.01328125 0.0640625
6 0.51328125 0.2140625 0.0109375 0.06484375
6 0.5203125 0.22109375 0.01171875 0.0640625
6 0.52578125 0.2140625 0.01015625 0.06328125
6 0.53359375 0.2015625 0.01640625 0.06796875
6 0.5484375 0.203125 0.0109375 0.06875
6 0.57421875 0.20546875 0.015625 0.06484375
6 0.58125 0.1765625 0.01484375 0.06875
6 0.6265625 0.1859375 0.01015625 0.05859375
6 0.61484375 0.19375 0.01171875 0.06171875
6 0.62265625 0.196875 0.009375 0.0453125
6 0.6265625 0.1703125 0.0109375 0.05703125
6 0.56640625 0.1765625 0.01328125 0.05
4 0.47421875 0.2515625 0.0359375 0.04296875
1 0.46953125 0.2375 0.03515625 0.04140625
10 0.44375 0.178125 0.03828125 0.1015625
10 0.58515625 0.15078125 0.0609375 0.07890625
10 0.5546875 0.103125 0.04609375 0.08671875
10 0.559375 0.38984375 0.08359375 0.1703125
4 0.62734375 0.2140625 0.03203125 0.03671875
7 0.596875 0.1859375 0.0140625 0.04140625
9 0.509375 0.07578125 0.06640625 0.05546875
7 0.396875 0.13203125 0.01015625 0.04296875
4 0.38828125 0.21640625 0.03359375 0.03984375
7 0.38125 0.1140625 0.01171875 0.03984375
7 0.39453125 0.12265625 0.0125 0.034375
7 0.39453125 0.11328125 0.01328125 0.04140625
7 0.4734375 0.040625 0.00703125 0.04140625
4 0.47421875 0.0484375 0.01015625 0.03984375
6 0.6625 0.21640625 0.01328125 0.07109375
7 0.7078125 0.16875 0.01171875 0.05859375
6 0.7265625 0.13203125 0.01484375 0.0609375
1 0.75 0.15234375 0.01875 0.0359375
7 0.80390625 0.14453125 0.01484375 0.03828125
7 0.8890625 0.12890625 0.01328125 0.03984375
6 0.90625 0.0640625 0.015625 0.05625
6 0.91875 0.0765625 0.015625 0.05
10 0.9609375 0.0765625 0.078125 0.071875
6 0.9984375 0.1359375 0.003125 0.059375
6 0.9953125 0.13828125 0.009375 0.0578125
6 0.98984375 0.1328125 0.015625 0.06171875
7 0.99921875 0.1109375 0.0015625 0.0421875
10 0.9703125 0.1734375 0.059375 0.0765625
10 0.9859375 0.246875 0.028125 0.103125
10 0.99609375 0.21171875 0.0078125 0.10234375
10 0.90234375 0.31015625 0.09765625 0.1203125
7 0.97890625 0.28359375 0.01875 0.06015625
4 0.9890625 0.309375 0.021875 0.05
7 0.43046875 0.7765625 0.034375 0.05859375
4 0.4765625 0.57734375 0.0234375 0.0765625
4 0.428125 0.515625 0.03671875 0.0703125
4 0.4171875 0.54921875 0.03203125 0.0640625
6 0.40078125 0.51953125 0.03203125 0.06953125
6 0.61015625 0.3359375 0.02265625 0.07890625
6 0.38125 0.40390625 0.0171875 0.0765625
6 0.30703125 0.32421875 0.01640625 0.06015625
6 0.1640625 0.096875 0.0140625 0.053125
6 0.1640625 0.16015625 0.01796875 0.059375
7 0.19921875 0.21171875 0.01953125 0.04921875
6 0.15 0.17890625 0.01953125 0.06171875
4 0.2015625 0.2265625 0.02421875 0.05390625
10 0.23359375 0.18671875 0.07421875 0.08984375
10 0.14765625 0.22578125 0.07265625 0.08671875
10 0.19921875 0.11484375 0.059375 0.09296875
3 0.21015625 0.03828125 0.06875 0.04921875
3 0.26875 0.02265625 0.075 0.04375
3 0.096875 0.028125 0.0359375 0.05078125
3 0.05 0.05546875 0.07109375 0.06171875
3 0.02421875 0.0234375 0.03359375 0.046875
3 0.10859375 0.66171875 0.10078125 0.19375
4 0.12109375 0.51171875 0.02421875 0.0796875