3 0.02890625 0.34140625 0.0578125 0.0609375
4 0.253125 0.30234375 0.021875 0.0140625
7 0.259375 0.3015625 0.0203125 0.0078125
6 0.23125 0.365625 0.0296875 0.0078125
6 0.21328125 0.35859375 0.0296875 0.0109375
10 0.3875 0.37265625 0.0390625 0.034375
6 0.4578125 0.27109375 0.0234375 0.0078125
9 0.515625 0.31015625 0.1296875 0.06875
3 0.6296875 0.33359375 0.0359375 0.025
3 0.7109375 0.3484375 0.0328125 0.0265625
3 0.74296875 0.284375 0.0296875 0.0265625
6 0.68203125 0.19765625 0.01875 0.00625
6 0.68515625 0.20390625 0.01875 0.0078125
6 0.7625 0.15234375 0.015625 0.0078125
6 0.77265625 0.14765625 0.0125 0.0046875
3 0.80390625 0.24765625 0.0234375 0.0265625
3 0.809375 0.18046875 0.025 0.0265625
3 0.81484375 0.1734375 0.021875 0.025
10 0.8578125 0.2484375 0.021875 0.0203125
3 0.8828125 0.0453125 0.0203125 0.0171875
3 0.88671875 0.02578125 0.0171875 0.021875
3 0.89296875 0.00859375 0.0203125 0.0171875
3 0.92109375 0.00703125 0.0203125 0.0140625
6 0.784375 0.41796875 0.0125 0.003125
6 0.78203125 0.41640625 0.0125 0.003125
3 0.8 0.45625 0.025 0.01875
3 0.85390625 0.48359375 0.0203125 0.0171875
3 0.70625 0.64609375 0.0296875 0.0328125
3 0.73515625 0.64609375 0.028125 0.0296875
4 0.5796875 0.659375 0.0125 0.0125
6 0.58515625 0.659375 0.015625 0.0046875
3 0.50859375 0.73984375 0.0453125 0.0203125
3 0.36015625 0.58359375 0.0453125 0.0421875
4 0.2359375 0.6578125 0.0296875 0.025