3 0.97734375 0.37578125 0.0453125 0.1234375
3 0.98125 0.41953125 0.0375 0.0921875
3 0.89296875 0.25 0.146875 0.1328125
3 0.59296875 0.328125 0.1015625 0.0921875
3 0.55859375 0.3609375 0.0875 0.075
3 0.52578125 0.40390625 0.071875 0.059375
3 0.4859375 0.45 0.0609375 0.05
3 0.471875 0.465625 0.05 0.040625
3 0.4640625 0.48359375 0.0484375 0.0375
3 0.4515625 0.5015625 0.040625 0.0328125
3 0.44140625 0.51171875 0.0390625 0.03125
3 0.4265625 0.5265625 0.0203125 0.0265625
10 0.3890625 0.53515625 0.01875 0.0265625
3 0.40859375 0.5546875 0.021875 0.0171875
3 0.3625 0.5125 0.03125 0.0234375
3 0.36640625 0.4875 0.0421875 0.0328125
3 0.36875 0.46875 0.04375 0.034375
3 0.3703125 0.45234375 0.046875 0.03125
3 0.37265625 0.44140625 0.0546875 0.0453125
3 0.37890625 0.3953125 0.059375 0.04375
3 0.37890625 0.38125 0.0703125 0.0578125
6 0.3765625 0.41484375 0.009375 0.0140625
6 0.38984375 0.36796875 0.009375 0.0140625
3 0.39453125 0.3421875 0.0859375 0.065625
3 0.39140625 0.303125 0.0875 0.071875
4 0.3265625 0.446875 0.021875 0.025
3 0.3984375 0.2296875 0.1125 0.09375
3 0.275 0.0796875 0.1109375 0.121875
3 0.340625 0.5484375 0.015625 0.015625
3 0.215625 0.0359375 0.125 0.071875