3 0.303125 0.93984375 0.13984375 0.1203125
3 0.2859375 0.8171875 0.13828125 0.1453125
3 0.2734375 0.584375 0.09453125 0.134375
3 0.6765625 0.74609375 0.14140625 0.09921875
9 0.75234375 0.8984375 0.19921875 0.17421875
9 0.2328125 0.44140625 0.16953125 0.19296875
9 0.50859375 0.25859375 0.13046875 0.12109375
9 0.46953125 0.16328125 0.16328125 0.128125
10 0.53828125 0.4703125 0.08046875 0.11640625
10 0.48046875 0.3765625 0.109375 0.10546875
10 0.41796875 0.3125 0.05078125 0.11953125
10 0.66484375 0.6359375 0.12421875 0.125
10 0.64375 0.5296875 0.08671875 0.08125
10 0.2328125 0.24765625 0.07578125 0.09921875
10 0.1984375 0.12734375 0.0609375 0.08828125
10 0.36953125 0.05859375 0.078125 0.06875
9 0.2796875 0.70234375 0.11640625 0.1546875
9 0.19609375 0.396875 0.125 0.12421875
3 0.23984375 0.32421875 0.08359375 0.09375
3 0.44296875 0.09453125 0.07265625 0.06015625
6 0.125 0.2203125 0.01796875 0.07578125
7 0.1421875 0.20859375 0.01796875 0.046875
0 0.95859375 0.95390625 0.0828125 0.0921875