3 0.57421875 0.659375 0.078125 0.0390625
3 0.73828125 0.5328125 0.071875 0.0703125
3 0.42421875 0.69453125 0.0609375 0.0421875
3 0.36171875 0.64765625 0.053125 0.0375
3 0.3015625 0.6296875 0.04375 0.03125
3 0.35390625 0.67265625 0.0609375 0.0421875
3 0.4234375 0.7265625 0.059375 0.04375
3 0.21171875 0.53203125 0.0328125 0.0234375
3 0.18046875 0.5109375 0.0296875 0.01875
3 0.1296875 0.49140625 0.0234375 0.01875
3 0.2453125 0.5609375 0.04375 0.0265625
3 0.3046875 0.61015625 0.0328125 0.0234375
10 0.26328125 0.57890625 0.0375 0.0234375
6 0.25078125 0.68203125 0.0265625 0.0109375
4 0.60234375 0.3515625 0.028125 0.025
4 0.409375 0.78984375 0.0359375 0.0171875
4 0.42734375 0.7734375 0.025 0.01875
7 0.59375 0.346875 0.0265625 0.015625
7 0.41796875 0.771875 0.0234375 0.0125
7 0.39921875 0.78828125 0.0296875 0.0125
3 0.878125 0.71953125 0.134375 0.0546875
1 0.87734375 0.5515625 0.0453125 0.0234375
7 0.86015625 0.54921875 0.0359375 0.0171875
3 0.05390625 0.378125 0.015625 0.0109375