3 0.3734375 0.72734375 0.06875 0.05078125
10 0.4671875 0.7265625 0.06015625 0.05390625
3 0.68671875 0.74296875 0.065625 0.05390625
3 0.85703125 0.746875 0.059375 0.05078125
3 0.9109375 0.5625 0.08828125 0.05625
3 0.696875 0.59921875 0.08671875 0.04921875
1 0.73671875 0.78046875 0.02109375 0.02578125
1 0.3140625 0.77578125 0.01328125 0.03515625
1 0.253125 0.7484375 0.02734375 0.028125
1 0.2609375 0.73046875 0.02109375 0.01875
6 0.25 0.73828125 0.0109375 0.0234375
6 0.25546875 0.72421875 0.01328125 0.02578125
3 0.59765625 0.24296875 0.0546875 0.04453125
3 0.68984375 0.24296875 0.05234375 0.03828125
3 0.6921875 0.1546875 0.02421875 0.0703125
3 0.81328125 0.15546875 0.05078125 0.03984375
3 0.81328125 0.121875 0.05234375 0.03671875
4 0.76328125 0.0859375 0.01640625 0.02578125
6 0.03828125 0.18046875 0.01171875 0.0359375
3 0.009375 0.20390625 0.01875 0.0359375