3 0.278125 0.5140625 0.0265625 0.01875
3 0.26171875 0.60390625 0.01875 0.015625
3 0.2625 0.640625 0.01796875 0.015625
3 0.303125 0.50390625 0.01953125 0.01484375
5 0.2703125 0.52578125 0.01953125 0.015625
3 0.3546875 0.459375 0.00859375 0.03359375
3 0.35234375 0.4109375 0.00859375 0.03203125
9 0.4859375 0.68046875 0.02265625 0.03125
8 0.4609375 0.71796875 0.00546875 0.01953125
3 0.3125 0.46953125 0.01796875 0.0140625
3 0.3125 0.4265625 0.01953125 0.01953125
3 0.31796875 0.15859375 0.01796875 0.015625
3 0.31484375 0.11875 0.01640625 0.01640625
4 0.33046875 0.24765625 0.00390625 0.01171875
6 0.3578125 0.13046875 0.00234375 0.009375
6 0.36015625 0.12890625 0.00234375 0.01015625
6 0.36171875 0.1296875 0.00234375 0.0109375
6 0.26796875 0.75703125 0.00390625 0.01015625
6 0.27109375 0.76015625 0.003125 0.00703125