10 0.7765625 0.06328125 0.19375 0.1265625
3 0.5359375 0.0375 0.10625 0.075
3 0.4203125 0.12265625 0.0921875 0.1
3 0.553125 0.20390625 0.109375 0.109375
3 0.6984375 0.290625 0.1375 0.140625
3 0.59609375 0.38359375 0.115625 0.128125
3 0.709375 0.57109375 0.115625 0.1484375
3 0.603125 0.57109375 0.1046875 0.1234375
10 0.8609375 0.5125 0.18125 0.184375
6 0.44296875 0.2609375 0.0625 0.0296875
7 0.434375 0.034375 0.0359375 0.021875
7 0.48125 0.359375 0.053125 0.021875
1 0.49609375 0.36015625 0.05 0.04375
8 0.44375 0.04296875 0.0578125 0.0609375
3 0.34140625 0.18984375 0.078125 0.0890625
3 0.3609375 0.3078125 0.0765625 0.084375
3 0.3734375 0.4 0.0859375 0.0828125
1 0.4140625 0.3828125 0.040625 0.0453125
1 0.3875 0.28671875 0.0390625 0.0390625
3 0.31875 0.0953125 0.096875 0.0953125
3 0.30703125 0.06171875 0.096875 0.0828125
3 0.2375 0.2125 0.084375 0.053125
3 0.23984375 0.2484375 0.0828125 0.0578125
3 0.25234375 0.28203125 0.071875 0.0515625
3 0.26015625 0.315625 0.08125 0.053125
3 0.2703125 0.346875 0.0765625 0.046875
3 0.2828125 0.37578125 0.078125 0.04375
3 0.28515625 0.41171875 0.0921875 0.0453125
10 0.29609375 0.44609375 0.0859375 0.0484375
6 0.303125 0.3375 0.0421875 0.01875
3 0.29296875 0.640625 0.0625 0.0703125
3 0.27265625 0.63203125 0.0625 0.0671875
3 0.25859375 0.63203125 0.05625 0.06875
3 0.25 0.6421875 0.0609375 0.0578125
10 0.21484375 0.66953125 0.0640625 0.0609375
10 0.1984375 0.66875 0.0484375 0.05625
10 0.1921875 0.67421875 0.05 0.046875
10 0.18515625 0.67421875 0.05625 0.0546875
10 0.171875 0.67578125 0.046875 0.046875
3 0.1640625 0.678125 0.040625 0.0453125
6 0.19375 0.715625 0.0328125 0.0140625
6 0.1984375 0.7234375 0.0328125 0.0140625
10 0.15703125 0.7328125 0.04375 0.0265625
3 0.1296875 0.753125 0.034375 0.0234375
3 0.12421875 0.7328125 0.03125 0.0171875
3 0.196875 0.775 0.040625 0.0296875
6 0.2390625 0.76015625 0.0390625 0.01875
3 0.11171875 0.79375 0.0265625 0.01875
3 0.075 0.7921875 0.021875 0.015625
3 0.06640625 0.77265625 0.021875 0.01875
6 0.05 0.78515625 0.0140625 0.00625
6 0.05703125 0.775 0.015625 0.0078125
6 0.06484375 0.74765625 0.015625 0.00625
6 0.0765625 0.740625 0.01875 0.0078125
6 0.08984375 0.73984375 0.021875 0.0109375
6 0.0765625 0.73828125 0.01875 0.00625
6 0.075 0.73125 0.01875 0.00625
6 0.0765625 0.734375 0.01875 0.00625
7 0.09921875 0.721875 0.015625 0.0078125
7 0.05234375 0.73359375 0.0125 0.0046875
1 0.05546875 0.73203125 0.0109375 0.0078125
4 0.10546875 0.72109375 0.0171875 0.009375
4 0.11015625 0.6890625 0.0171875 0.0171875
3 0.103125 0.7421875 0.0265625 0.0171875
3 0.04296875 0.7484375 0.015625 0.0109375