3 0.37890625 0.2796875 0.01484375 0.03671875
6 0.31328125 0.31328125 0.00546875 0.0234375
6 0.27109375 0.6921875 0.00859375 0.02890625
3 0.034375 0.36796875 0.046875 0.03671875
2 0.13046875 0.3 0.05703125 0.0515625
3 0.21875 0.2515625 0.0375 0.03203125
6 0.25703125 0.234375 0.00625 0.0234375
6 0.27109375 0.23828125 0.00546875 0.021875
6 0.3171875 0.146875 0.00546875 0.01640625
6 0.34140625 0.14453125 0.00546875 0.01796875
6 0.3765625 0.1328125 0.00390625 0.01796875
6 0.3859375 0.11796875 0.0046875 0.021875
7 0.38359375 0.13203125 0.00625 0.01640625
6 0.396875 0.11953125 0.0046875 0.01875
3 0.334375 0.04609375 0.0140625 0.0203125