3 0.915625 0.70703125 0.015625 0.0140625
6 0.88828125 0.69140625 0.0265625 0.01875
3 0.8609375 0.6640625 0.0328125 0.0234375
3 0.865625 0.66875 0.0265625 0.015625
3 0.87109375 0.6703125 0.0265625 0.0203125
3 0.87578125 0.675 0.0234375 0.0203125
3 0.84296875 0.68046875 0.0265625 0.021875
3 0.8515625 0.68203125 0.0234375 0.0171875
3 0.8640625 0.69296875 0.021875 0.0171875
3 0.878125 0.70546875 0.021875 0.015625
3 0.90390625 0.715625 0.0171875 0.0109375
3 0.90859375 0.7375 0.0171875 0.0109375
3 0.840625 0.7203125 0.015625 0.0140625
3 0.840625 0.725 0.0140625 0.0140625
3 0.82734375 0.7125 0.01875 0.0171875
3 0.8140625 0.70859375 0.0203125 0.015625
3 0.80546875 0.703125 0.0203125 0.0171875
2 0.7703125 0.68359375 0.040625 0.034375
3 0.73125 0.7 0.0140625 0.0171875
3 0.71015625 0.68828125 0.015625 0.021875
3 0.68125 0.67734375 0.0171875 0.0234375
3 0.66015625 0.6796875 0.015625 0.021875
0 0.63515625 0.66328125 0.01875 0.025
6 0.64296875 0.6375 0.0046875 0.0203125
6 0.63828125 0.63984375 0.00625 0.0203125
3 0.9234375 0.00859375 0.05 0.0171875
3 0.8671875 0.11171875 0.1265625 0.1421875
6 0.9546875 0.11484375 0.021875 0.0609375
6 0.9375 0.115625 0.03125 0.0609375
3 0.74375 0.209375 0.09375 0.109375
10 0.65078125 0.30234375 0.078125 0.1
10 0.59375 0.33046875 0.053125 0.103125
3 0.53203125 0.4125 0.05625 0.0703125
6 0.52734375 0.50859375 0.009375 0.03125
6 0.5203125 0.5015625 0.009375 0.034375
6 0.5609375 0.5984375 0.009375 0.025
3 0.9765625 0.50234375 0.046875 0.0390625
10 0.95625 0.52578125 0.0375 0.034375
10 0.93203125 0.54609375 0.03125 0.0234375
3 0.89296875 0.58984375 0.0375 0.028125
3 0.87109375 0.60546875 0.0328125 0.025
3 0.9140625 0.634375 0.0171875 0.0234375
6 0.796875 0.23828125 0.009375 0.028125
3 0.4421875 0.5609375 0.0484375 0.053125
4 0.52421875 0.57578125 0.015625 0.03125
3 0.50234375 0.6015625 0.0421875 0.04375
3 0.58203125 0.64140625 0.046875 0.0484375
7 0.52578125 0.578125 0.009375 0.025
4 0.51875 0.57734375 0.0140625 0.0265625
7 0.5203125 0.58046875 0.009375 0.025