3 0.278125 0.5734375 0.02109375 0.08359375
3 0.3171875 0.43671875 0.02109375 0.08203125
3 0.32890625 0.2765625 0.01796875 0.06640625
3 0.35625 0.26484375 0.0171875 0.06328125
3 0.36171875 0.125 0.015625 0.059375
3 0.3390625 0.11015625 0.01796875 0.05546875
3 0.3125 0.08046875 0.01796875 0.0546875
3 0.27890625 0.13125 0.01875 0.05703125
3 0.55703125 0.184375 0.0421875 0.03515625
3 0.56015625 0.140625 0.04140625 0.03125
10 0.62734375 0.515625 0.05078125 0.05390625
3 0.5625 0.03125 0.0390625 0.034375
10 0.2859375 0.4015625 0.01953125 0.06875
9 0.2953125 0.29296875 0.0171875 0.06640625
9 0.35703125 0.59921875 0.03984375 0.25859375
9 0.31171875 0.63046875 0.0390625 0.19609375