3 0.03359375 0.8578125 0.0671875 0.078125
3 0.034375 0.78203125 0.0671875 0.065625
3 0.06484375 0.65390625 0.084375 0.0640625
3 0.0796875 0.58203125 0.08125 0.0625
3 0.09765625 0.51875 0.075 0.0625
3 0.12578125 0.3375 0.0734375 0.0609375
3 0.16640625 0.17734375 0.0609375 0.05625
3 0.2859375 0.209375 0.0421875 0.109375
3 0.30234375 0.10546875 0.034375 0.0875
3 0.25703125 0.18515625 0.0375 0.096875
3 0.20390625 0.0125 0.0640625 0.025
3 0.27109375 0.07109375 0.0375 0.084375
3 0.19296875 0.0375 0.0640625 0.0578125
10 0.3171875 0.025 0.034375 0.05
3 0.35078125 0.01328125 0.0296875 0.0265625
6 0.2578125 0.04453125 0.0125 0.0328125
6 0.209375 0.115625 0.0125 0.028125
6 0.1359375 0.46015625 0.01875 0.025
4 0.07109375 0.31875 0.0234375 0.040625
7 0.26015625 0.5140625 0.0109375 0.0203125
1 0.059375 0.490625 0.0140625 0.040625
1 0.04609375 0.54375 0.0140625 0.040625
4 0.02421875 0.61171875 0.0234375 0.0453125
4 0.2609375 0.52109375 0.0125 0.0375
10 0.3234375 0.459375 0.0375 0.103125
10 0.54609375 0.16953125 0.040625 0.1046875
3 0.553125 0.071875 0.03125 0.0671875
3 0.575 0.21640625 0.0390625 0.109375
3 0.55859375 0.42109375 0.046875 0.11875
3 0.52890625 0.3859375 0.040625 0.096875
3 0.4734375 0.5796875 0.0609375 0.11875
7 0.40234375 0.728125 0.0140625 0.0203125
1 0.4 0.72734375 0.0296875 0.0125
3 0.6578125 0.41796875 0.0765625 0.0609375
6 0.61015625 0.29921875 0.015625 0.0328125
6 0.50234375 0.3265625 0.0125 0.0328125
5 0.5015625 0.34375 0.0234375 0.0546875
4 0.67578125 0.11484375 0.0234375 0.021875
1 0.68984375 0.1 0.0125 0.0328125