6 0.396875 0.1625 0.0140625 0.059375
7 0.396875 0.16875 0.009375 0.025
8 0.403125 0.1984375 0.0265625 0.0515625
3 0.4390625 0.19140625 0.040625 0.1
10 0.4515625 0.29296875 0.04375 0.0984375
3 0.46484375 0.3578125 0.0375 0.0765625
0 0.74453125 0.23828125 0.0484375 0.0671875
10 0.56484375 0.19609375 0.0390625 0.1203125
10 0.56171875 0.3015625 0.0328125 0.0765625
3 0.5546875 0.36328125 0.0421875 0.0671875
7 0.540625 0.375 0.0109375 0.03125
7 0.50234375 0.37109375 0.0125 0.03125
8 0.50234375 0.3515625 0.0140625 0.0296875
3 0.56328125 0.4296875 0.0265625 0.0515625
3 0.5625 0.48125 0.0234375 0.0546875
3 0.56171875 0.52109375 0.0234375 0.04375
3 0.57265625 0.56015625 0.0203125 0.03125
3 0.51015625 0.43046875 0.0296875 0.053125
3 0.48671875 0.4703125 0.0265625 0.05625
3 0.534375 0.484375 0.0234375 0.04375
3 0.50390625 0.5609375 0.0234375 0.040625
3 0.54453125 0.5625 0.0265625 0.0390625
10 0.47890625 0.56875 0.0203125 0.040625
10 0.5265625 0.590625 0.0296875 0.0484375
10 0.559375 0.5921875 0.0359375 0.0328125
10 0.6390625 0.6125 0.0359375 0.0359375
10 0.640625 0.6453125 0.0203125 0.025
10 0.59765625 0.6515625 0.03125 0.0359375
10 0.5703125 0.67890625 0.0140625 0.0265625
10 0.5953125 0.66875 0.0265625 0.0265625
3 0.62109375 0.82734375 0.009375 0.0109375
3 0.571875 0.65390625 0.0140625 0.0203125
3 0.575 0.6296875 0.015625 0.025
3 0.5890625 0.61328125 0.0296875 0.0296875
3 0.5984375 0.60078125 0.0296875 0.0328125
3 0.6703125 0.62109375 0.0328125 0.0265625
3 0.6703125 0.5796875 0.03125 0.028125
3 0.63671875 0.55859375 0.0453125 0.0375
3 0.659375 0.5953125 0.0359375 0.0265625
10 0.68671875 0.61328125 0.0203125 0.025
6 0.6765625 0.61328125 0.0078125 0.0234375
3 0.553125 0.6453125 0.0234375 0.0234375
3 0.55078125 0.61796875 0.0296875 0.0265625
3 0.51484375 0.60546875 0.0359375 0.028125
10 0.49453125 0.62265625 0.0171875 0.03125
6 0.49140625 0.6015625 0.00625 0.028125
6 0.48828125 0.58515625 0.0078125 0.028125
6 0.51015625 0.59921875 0.0078125 0.0296875
7 0.00546875 0.0296875 0.0109375 0.025
6 0.04609375 0.14609375 0.0171875 0.046875
6 0.0734375 0.14921875 0.0203125 0.05625
6 0.09296875 0.15 0.0171875 0.059375
6 0.146875 0.25859375 0.0125 0.0453125
6 0.1515625 0.27578125 0.0140625 0.053125
6 0.1625 0.2921875 0.0140625 0.05
6 0.125 0.2640625 0.0171875 0.05
6 0.121875 0.29921875 0.0140625 0.05
6 0.12890625 0.36640625 0.0140625 0.0484375
6 0.1640625 0.4109375 0.0140625 0.0390625
6 0.13359375 0.43515625 0.0140625 0.04375
6 0.1265625 0.4296875 0.0109375 0.040625
6 0.11484375 0.42578125 0.0125 0.040625
6 0.10390625 0.41171875 0.0109375 0.040625
6 0.09765625 0.403125 0.0125 0.040625
6 0.09453125 0.44765625 0.0125 0.040625
6 0.08828125 0.40546875 0.0078125 0.040625
6 0.0828125 0.40859375 0.0109375 0.04375
6 0.0765625 0.44375 0.0109375 0.04375
6 0.07734375 0.44921875 0.0109375 0.04375
6 0.11484375 0.4453125 0.0078125 0.03125
6 0.11796875 0.4796875 0.0078125 0.034375
7 0.11171875 0.45546875 0.003125 0.01875
6 0.15859375 0.50859375 0.0109375 0.040625
6 0.1453125 0.5015625 0.0109375 0.040625
6 0.0921875 0.4921875 0.0078125 0.034375
6 0.08046875 0.4890625 0.0109375 0.034375
6 0.1171875 0.52265625 0.0109375 0.03125
1 0.01796875 0.3078125 0.03125 0.0328125
1 0.0140625 0.24296875 0.028125 0.0328125
4 0.01328125 0.25 0.0265625 0.0375
3 0.0546875 0.24453125 0.059375 0.1078125
10 0.078125 0.34140625 0.05625 0.1015625
4 0.00625 0.58203125 0.0078125 0.0171875
4 0.015625 0.5921875 0.009375 0.025
7 0.0171875 0.5953125 0.00625 0.0140625
6 0.02734375 0.5875 0.0109375 0.028125
6 0.04453125 0.59765625 0.00625 0.021875
6 0.04921875 0.59921875 0.0078125 0.025
6 0.03828125 0.60234375 0.0078125 0.028125
1 0.04140625 0.5953125 0.01875 0.01875
6 0.0640625 0.59375 0.0078125 0.03125
6 0.0875 0.56328125 0.0109375 0.03125
6 0.0859375 0.5921875 0.0078125 0.03125
7 0.09921875 0.56328125 0.0140625 0.025
7 0.08984375 0.578125 0.009375 0.01875
1 0.07421875 0.58984375 0.009375 0.0203125
4 0.09921875 0.55234375 0.0078125 0.01875
4 0.090625 0.56796875 0.0140625 0.01875
6 0.1140625 0.61171875 0.00625 0.0203125
6 0.1109375 0.60859375 0.00625 0.0203125
6 0.121875 0.6109375 0.0078125 0.0265625
4 0.1125 0.5984375 0.015625 0.01875
6 0.13359375 0.60625 0.009375 0.028125
6 0.1421875 0.61171875 0.0078125 0.025
1 0.13984375 0.60625 0.009375 0.015625
4 0.24375 0.496875 0.01875 0.01875
4 0.24453125 0.50234375 0.021875 0.021875
4 0.26171875 0.56328125 0.009375 0.0203125
4 0.33125 0.56484375 0.015625 0.0140625
10 0.240625 0.5359375 0.0265625 0.0484375
10 0.2734375 0.54921875 0.0421875 0.046875
4 0.30546875 0.56875 0.01875 0.01875
7 0.27265625 0.50703125 0.00625 0.01875
7 0.28125 0.5046875 0.0109375 0.025
7 0.284375 0.5125 0.009375 0.021875
7 0.27265625 0.51328125 0.0078125 0.01875
7 0.31640625 0.5421875 0.0078125 0.021875
6 0.3625 0.62109375 0.00625 0.0203125
7 0.35703125 0.60859375 0.00625 0.015625
1 0.35390625 0.5984375 0.0125 0.01875
6 0.3578125 0.63671875 0.0078125 0.0234375
6 0.35234375 0.64375 0.0046875 0.0234375
6 0.34296875 0.646875 0.003125 0.021875
6 0.31875 0.63984375 0.0078125 0.0234375
6 0.33515625 0.6640625 0.003125 0.015625
6 0.32109375 0.66875 0.0109375 0.025
10 0.434375 0.6765625 0.0140625 0.025
9 0.4203125 0.671875 0.0140625 0.025
10 0.3984375 0.678125 0.021875 0.021875
6 0.4 0.69296875 0.00625 0.01875
6 0.43828125 0.7015625 0.0046875 0.01875
8 0.41171875 0.7 0.0140625 0.015625
8 0.4328125 0.70078125 0.015625 0.015625
6 0.3109375 0.7140625 0.003125 0.01875
6 0.31015625 0.709375 0.003125 0.01875
6 0.30625 0.70625 0.003125 0.01875
6 0.30234375 0.7140625 0.0046875 0.01875
6 0.3015625 0.7078125 0.003125 0.01875
6 0.29765625 0.7 0.003125 0.015625
6 0.296875 0.70625 0.00625 0.015625
6 0.3 0.715625 0.003125 0.015625
6 0.2921875 0.70859375 0.00625 0.021875
6 0.28359375 0.70234375 0.00625 0.021875
6 0.2890625 0.71484375 0.00625 0.01875
6 0.284375 0.71640625 0.003125 0.0109375
6 0.28203125 0.71796875 0.00625 0.0203125
6 0.27578125 0.72578125 0.00625 0.021875
6 0.27265625 0.72109375 0.0078125 0.0234375
6 0.26796875 0.71015625 0.003125 0.01875
6 0.2515625 0.76640625 0.003125 0.01875
6 0.246875 0.76640625 0.0046875 0.015625
6 0.2421875 0.765625 0.003125 0.015625
6 0.28515625 0.7890625 0.003125 0.0140625
3 0.32734375 0.77734375 0.01875 0.015625
3 0.3125 0.7703125 0.0203125 0.01875
3 0.2890625 0.7765625 0.01875 0.0125
3 0.27265625 0.7671875 0.01875 0.015625
3 0.2671875 0.75234375 0.0125 0.01875
3 0.29765625 0.740625 0.021875 0.015625
10 0.290625 0.7484375 0.015625 0.01875
10 0.315625 0.75078125 0.015625 0.01875
3 0.31640625 0.7921875 0.021875 0.0140625
3 0.4015625 0.83359375 0.0125 0.0109375
3 0.27265625 0.78828125 0.01875 0.0109375
2 0.25703125 0.7890625 0.0390625 0.03125
3 0.23203125 0.77265625 0.0234375 0.0171875
3 0.225 0.7875 0.021875 0.015625
3 0.1953125 0.78359375 0.0234375 0.0171875
3 0.1921875 0.7625 0.025 0.0203125
3 0.2296875 0.75625 0.0140625 0.025
3 0.234375 0.753125 0.015625 0.01875
10 0.23515625 0.746875 0.009375 0.021875
10 0.24140625 0.7390625 0.015625 0.021875
10 0.2609375 0.721875 0.015625 0.01875
10 0.246875 0.70703125 0.01875 0.021875
10 0.2484375 0.71953125 0.0203125 0.021875
6 0.25625 0.7375 0.00625 0.021875
6 0.21953125 0.71640625 0.00625 0.0203125
6 0.2265625 0.69375 0.0046875 0.01875
6 0.22265625 0.68828125 0.0078125 0.0234375
9 0.24453125 0.67734375 0.0265625 0.025
9 0.21171875 0.68046875 0.015625 0.025
10 0.22734375 0.69921875 0.025 0.0265625
10 0.2109375 0.69296875 0.025 0.0234375
10 0.1765625 0.6921875 0.0296875 0.0265625
10 0.1875 0.67734375 0.0328125 0.0265625
10 0.15078125 0.68828125 0.0140625 0.025
6 0.14453125 0.69765625 0.0046875 0.0203125
7 0.13203125 0.69765625 0.00625 0.0140625
6 0.13203125 0.6796875 0.00625 0.0203125
6 0.125 0.6765625 0.0046875 0.0203125
6 0.1296875 0.65390625 0.0078125 0.025
6 0.134375 0.6546875 0.00625 0.021875
6 0.1421875 0.64921875 0.00625 0.0140625
6 0.146875 0.65390625 0.00625 0.01875
6 0.14453125 0.659375 0.00625 0.0203125
6 0.15234375 0.6609375 0.0078125 0.025
6 0.1484375 0.66328125 0.00625 0.021875
6 0.1875 0.62890625 0.0078125 0.025
6 0.17578125 0.62890625 0.0078125 0.0234375
6 0.1703125 0.62734375 0.0078125 0.0234375
6 0.16328125 0.62421875 0.0078125 0.025
6 0.16015625 0.6234375 0.0046875 0.021875
6 0.14609375 0.6234375 0.0046875 0.021875
6 0.14765625 0.62109375 0.00625 0.021875
6 0.15 0.6234375 0.00625 0.0203125
7 0.1578125 0.62265625 0.00625 0.021875
7 0.190625 0.6171875 0.00625 0.015625
7 0.16640625 0.61796875 0.00625 0.015625