3 0.03984375 0.6828125 0.03203125 0.05859375
3 0.2765625 0.1296875 0.0265625 0.02421875
3 0.4078125 0.09375 0.02421875 0.02109375
10 0.37109375 0.12109375 0.02578125 0.025
3 0.36171875 0.28359375 0.0125 0.03828125
3 0.37421875 0.26640625 0.0125 0.03046875
3 0.4 0.26640625 0.01171875 0.0359375
3 0.41328125 0.2609375 0.01171875 0.0390625
3 0.4328125 0.28046875 0.01328125 0.03359375
3 0.45 0.2734375 0.01484375 0.0390625
10 0.51796875 0.265625 0.01484375 0.046875
3 0.53125 0.27109375 0.01484375 0.03125
3 0.54765625 0.2765625 0.01328125 0.03984375
3 0.57109375 0.2765625 0.01875 0.0359375
3 0.58671875 0.271875 0.015625 0.040625
3 0.59453125 0.25625 0.01796875 0.034375
3 0.609375 0.259375 0.0171875 0.04296875
3 0.6203125 0.25703125 0.0171875 0.03984375
3 0.6359375 0.25546875 0.015625 0.03671875
3 0.65 0.25625 0.01796875 0.040625
3 0.665625 0.25703125 0.01953125 0.0359375
3 0.68125 0.25625 0.01953125 0.0390625
3 0.69609375 0.24921875 0.01953125 0.03671875
3 0.7109375 0.25 0.01640625 0.0296875
3 0.69765625 0.14375 0.02890625 0.0234375
3 0.54296875 0.0953125 0.02265625 0.0203125
3 0.6703125 0.28203125 0.03203125 0.02421875
3 0.7125 0.27734375 0.02421875 0.025
3 0.48984375 0.58515625 0.02890625 0.0515625
3 0.32890625 0.4671875 0.02890625 0.046875
3 0.30703125 0.4578125 0.028125 0.04921875
3 0.31796875 0.42578125 0.0265625 0.03203125
3 0.32890625 0.409375 0.028125 0.03984375
3 0.340625 0.39375 0.02578125 0.03125
3 0.36171875 0.415625 0.02578125 0.04375
3 0.434375 0.3765625 0.0203125 0.04375
3 0.4984375 0.40703125 0.02578125 0.0453125
3 0.4328125 0.4125 0.02421875 0.04140625
3 0.45390625 0.38828125 0.02421875 0.03828125
3 0.46640625 0.4046875 0.02890625 0.04609375
3 0.4375 0.4484375 0.0296875 0.053125
3 0.38515625 0.38046875 0.02578125 0.040625
3 0.40625 0.38515625 0.0203125 0.04296875
9 0.38359375 0.41875 0.0328125 0.06328125
9 0.39609375 0.440625 0.03515625 0.06796875
9 0.4 0.521875 0.03359375 0.07421875
9 0.434375 0.53046875 0.06015625 0.125
3 0.3125 0.23828125 0.01171875 0.03046875
3 0.29453125 0.24375 0.01484375 0.028125
3 0.278125 0.2484375 0.01171875 0.02890625