3 0.4875 0.0234375 0.040625 0.046875
3 0.465625 0.1328125 0.0578125 0.1015625
3 0.32109375 0.2046875 0.0609375 0.1078125
3 0.39296875 0.20546875 0.0625 0.1109375
3 0.434375 0.2546875 0.0546875 0.103125
3 0.56171875 0.09765625 0.0859375 0.1171875
3 0.6796875 0.08828125 0.075 0.0671875
10 0.63828125 0.20078125 0.071875 0.071875
3 0.61640625 0.26484375 0.071875 0.0671875
3 0.5984375 0.31796875 0.0703125 0.0671875
3 0.51875 0.25390625 0.078125 0.1078125
10 0.57890625 0.36640625 0.065625 0.0640625
3 0.5015625 0.32265625 0.071875 0.1
3 0.47734375 0.40078125 0.071875 0.096875
3 0.36640625 0.328125 0.059375 0.109375
3 0.40234375 0.37578125 0.05625 0.1046875
4 0.3859375 0.4265625 0.025 0.021875
4 0.6578125 0.3875 0.021875 0.0421875
3 0.5546875 0.459375 0.06875 0.0625
3 0.54296875 0.50390625 0.0640625 0.0609375
10 0.46171875 0.46015625 0.071875 0.0984375
3 0.334375 0.459375 0.0515625 0.090625
3 0.375 0.4921875 0.0515625 0.090625
3 0.44453125 0.51875 0.06875 0.0890625
3 0.43046875 0.5703125 0.0640625 0.0796875
3 0.31640625 0.5484375 0.0453125 0.084375
10 0.4109375 0.63125 0.0640625 0.0828125
3 0.51171875 0.58828125 0.0546875 0.0546875
3 0.49296875 0.62734375 0.0609375 0.0578125
3 0.47734375 0.66484375 0.0609375 0.0578125
10 0.5484375 0.7734375 0.0625 0.059375
3 0.5765625 0.86875 0.0453125 0.0734375
3 0.55234375 0.86796875 0.0421875 0.071875
3 0.52890625 0.86484375 0.040625 0.06875
3 0.50546875 0.8609375 0.0390625 0.0625
3 0.44921875 0.7671875 0.0578125 0.053125
3 0.43984375 0.796875 0.0578125 0.053125
3 0.3984375 0.678125 0.059375 0.078125
3 0.38046875 0.73359375 0.059375 0.071875
3 0.24375 0.61328125 0.046875 0.08125
3 0.32890625 0.6796875 0.04375 0.078125
3 0.37109375 0.77421875 0.05625 0.0734375
3 0.30859375 0.7546875 0.0390625 0.071875
3 0.25859375 0.80703125 0.0390625 0.071875
9 0.21484375 0.7546875 0.040625 0.06875
3 0.36015625 0.81328125 0.0546875 0.06875
3 0.35390625 0.8515625 0.0546875 0.06875
3 0.2890625 0.83203125 0.0375 0.06875
3 0.34296875 0.8859375 0.0515625 0.0640625
3 0.27109375 0.90078125 0.0375 0.06875
3 0.33046875 0.9265625 0.053125 0.071875
3 0.3984375 0.91640625 0.05 0.0484375
3 0.3921875 0.9453125 0.046875 0.0453125
3 0.37890625 0.96875 0.0484375 0.0421875
3 0.32265625 0.9546875 0.040625 0.034375
3 0.2828125 0.4203125 0.0546875 0.0953125
9 0.19609375 0.83671875 0.05625 0.109375
3 0.24296875 0.8640625 0.0375 0.065625
3 0.22890625 0.9140625 0.0296875 0.0484375