3 0.659375 0.88203125 0.065625 0.0953125
3 0.6390625 0.70859375 0.0390625 0.0546875
3 0.70859375 0.6203125 0.03125 0.0390625
6 0.79375 0.75390625 0.0203125 0.0359375
6 0.8125 0.746875 0.0171875 0.0328125
1 0.7984375 0.76328125 0.0140625 0.025
1 0.81640625 0.75703125 0.015625 0.03125
10 0.83828125 0.47578125 0.0390625 0.034375
10 0.6171875 0.36640625 0.015625 0.021875
3 0.61640625 0.37890625 0.0140625 0.0171875
9 0.615625 0.390625 0.01875 0.0234375
9 0.61796875 0.4109375 0.021875 0.028125
9 0.61875 0.4296875 0.015625 0.0234375
10 0.6296875 0.43359375 0.015625 0.0265625
3 0.62421875 0.44453125 0.015625 0.015625
3 0.61640625 0.4578125 0.021875 0.0328125
9 0.628125 0.48359375 0.0328125 0.053125
3 0.61484375 0.48828125 0.0125 0.021875
9 0.61328125 0.50078125 0.021875 0.0359375
3 0.64296875 0.503125 0.0140625 0.0203125
3 0.65078125 0.51875 0.0171875 0.021875
3 0.63671875 0.3859375 0.0109375 0.0171875
3 0.625 0.390625 0.009375 0.0140625
3 0.665625 0.39453125 0.01875 0.0171875
3 0.68203125 0.38984375 0.0171875 0.01875
2 0.64453125 0.371875 0.0125 0.0203125
3 0.6359375 0.36796875 0.009375 0.0109375
0 0.72578125 0.4859375 0.0203125 0.0234375
5 0.71953125 0.47109375 0.0203125 0.0234375
5 0.71953125 0.47109375 0.0203125 0.0234375
5 0.68203125 0.58203125 0.0296875 0.040625
2 0.625 0.34765625 0.0125 0.015625
3 0.61640625 0.340625 0.0078125 0.0078125
3 0.67421875 0.35703125 0.0140625 0.009375
6 0.59765625 0.478125 0.0109375 0.0171875
3 0.18515625 0.96640625 0.071875 0.0609375
3 0.26328125 0.87265625 0.0453125 0.05
1 0.2109375 0.90546875 0.0296875 0.0359375
1 0.22890625 0.88671875 0.0359375 0.046875
3 0.33515625 0.9671875 0.0765625 0.065625
3 0.359375 0.88515625 0.075 0.0671875
3 0.37265625 0.85859375 0.059375 0.0546875
3 0.39609375 0.8203125 0.0515625 0.0515625
6 0.315625 0.90859375 0.028125 0.046875
3 0.4046875 0.79453125 0.053125 0.05
3 0.42109375 0.75 0.05 0.040625
3 0.415625 0.7671875 0.0484375 0.0421875
3 0.42890625 0.725 0.0515625 0.04375
3 0.43671875 0.7078125 0.046875 0.0390625
3 0.44140625 0.696875 0.04375 0.0375
4 0.33828125 0.7484375 0.015625 0.021875
4 0.3546875 0.74453125 0.0171875 0.0234375
5 0.36640625 0.7265625 0.028125 0.0390625
1 0.35546875 0.72734375 0.0140625 0.0171875
1 0.3921875 0.65703125 0.034375 0.0328125
3 0.44609375 0.67734375 0.0421875 0.0421875
1 0.47421875 0.809375 0.0234375 0.0234375