3 0.7484375 0.1234375 0.0984375 0.1265625
3 0.48828125 0.63203125 0.053125 0.071875
3 0.3546875 0.553125 0.0828125 0.09375
3 0.4171875 0.2234375 0.096875 0.1359375
3 0.89453125 0.75625 0.0859375 0.0984375
3 0.38203125 0.86640625 0.028125 0.0359375
3 0.35546875 0.91796875 0.0265625 0.034375
3 0.26328125 0.91484375 0.0234375 0.0296875
9 0.3375 0.95390625 0.021875 0.03125
8 0.3484375 0.8984375 0.0203125 0.0296875
7 0.3484375 0.9015625 0.0109375 0.015625
3 0.31328125 0.9046875 0.025 0.0328125
3 0.26640625 0.82578125 0.0390625 0.040625
3 0.26484375 0.89375 0.0265625 0.0296875
3 0.2625 0.7421875 0.05625 0.053125
3 0.39453125 0.83671875 0.0359375 0.0390625
3 0.42265625 0.7859375 0.0375 0.05
3 0.45859375 0.7 0.046875 0.0671875
3 0.69375 0.57578125 0.1 0.0921875
3 0.315625 0.31640625 0.1140625 0.1
3 0.29296875 0.3671875 0.0984375 0.0859375
3 0.27109375 0.41015625 0.0921875 0.084375
3 0.26875 0.63203125 0.0734375 0.06875
3 0.26953125 0.65 0.071875 0.0640625
6 0.21484375 0.89140625 0.0171875 0.028125
6 0.22109375 0.9 0.015625 0.0234375
6 0.2921875 0.84375 0.0125 0.025
6 0.2109375 0.896875 0.0140625 0.0265625
6 0.24296875 0.90546875 0.0125 0.025
6 0.25390625 0.90703125 0.0125 0.025
6 0.2921875 0.85234375 0.0125 0.025
6 0.296875 0.84140625 0.0109375 0.01875
7 0.28828125 0.85 0.0078125 0.0125
6 0.2359375 0.91015625 0.009375 0.015625
4 0.25234375 0.87265625 0.0171875 0.01875
4 0.2546875 0.77109375 0.01875 0.021875
1 0.24765625 0.79453125 0.01875 0.0234375
7 0.32890625 0.928125 0.015625 0.025
7 0.38359375 0.696875 0.0203125 0.0296875
7 0.42734375 0.38828125 0.025 0.0359375
7 0.42890625 0.39140625 0.0234375 0.0359375
7 0.303125 0.5671875 0.0265625 0.0390625
7 0.63203125 0.390625 0.03125 0.0421875
7 0.85859375 0.62421875 0.0140625 0.0171875
10 0.70390625 0.38046875 0.08125 0.1125
10 0.2828125 0.5078125 0.08125 0.0796875
10 0.27421875 0.60078125 0.075 0.075
3 0.36953125 0.89609375 0.025 0.03125
6 0.34765625 0.2 0.040625 0.0578125
1 0.30546875 0.2109375 0.0390625 0.05
6 0.85546875 0.61640625 0.03125 0.046875
6 0.84765625 0.61640625 0.0234375 0.0328125
4 0.634375 0.37890625 0.0328125 0.053125
4 0.43125 0.378125 0.0296875 0.05
4 0.22734375 0.43515625 0.0359375 0.0359375
7 0.22109375 0.44140625 0.025 0.0359375
7 0.26796875 0.56484375 0.009375 0.015625
6 0.2703125 0.55546875 0.021875 0.0375
4 0.2921875 0.5734375 0.025 0.040625
1 0.30703125 0.56171875 0.0234375 0.034375
1 0.3046875 0.57421875 0.021875 0.028125
6 0.35625 0.8640625 0.0171875 0.028125
6 0.39296875 0.90078125 0.015625 0.0265625
10 0.396875 0.9765625 0.0390625 0.040625
9 0.496875 0.74296875 0.0734375 0.1109375