6 0.125 0.70625 0.01484375 0.0203125
6 0.12265625 0.69609375 0.01484375 0.015625
6 0.21484375 0.528125 0.01171875 0.02578125
6 0.2328125 0.528125 0.01484375 0.0203125
6 0.23515625 0.503125 0.01015625 0.01796875
6 0.22578125 0.46875 0.00859375 0.021875
6 0.26796875 0.49921875 0.01171875 0.02109375
6 0.25234375 0.4390625 0.00859375 0.021875
6 0.34375 0.43359375 0.0078125 0.01875
6 0.4046875 0.44375 0.00703125 0.01640625
6 0.42265625 0.47578125 0.01015625 0.01875
6 0.43671875 0.49453125 0.01015625 0.025
6 0.44296875 0.478125 0.01171875 0.0234375
6 0.46875 0.496875 0.01171875 0.02109375
6 0.4625 0.47109375 0.0078125 0.01875
6 0.4703125 0.4734375 0.00625 0.01875
6 0.48203125 0.48359375 0.01171875 0.0265625
6 0.48828125 0.49765625 0.009375 0.0234375
6 0.19140625 0.34921875 0.009375 0.025
6 0.20546875 0.34296875 0.00859375 0.028125
6 0.32265625 0.12890625 0.00625 0.0265625