10 0.29453125 0.99609375 0.0578125 0.0078125
3 0.315625 0.9 0.0453125 0.0390625
3 0.24921875 0.9 0.0609375 0.05
3 0.334375 0.8578125 0.0578125 0.0484375
10 0.2671875 0.80625 0.090625 0.059375
3 0.2953125 0.78828125 0.0546875 0.0359375
10 0.41015625 0.78515625 0.0640625 0.0421875
3 0.3609375 0.67890625 0.0484375 0.0421875
7 0.4328125 0.6953125 0.0140625 0.009375
7 0.409375 0.72421875 0.0140625 0.009375
7 0.41171875 0.71640625 0.0125 0.009375
3 0.41953125 0.59921875 0.0171875 0.0140625
9 0.4078125 0.5515625 0.0484375 0.0421875
4 0.5171875 0.5390625 0.0203125 0.0140625
4 0.49453125 0.53046875 0.0171875 0.0109375
4 0.4984375 0.525 0.0203125 0.0109375
3 0.50625 0.4984375 0.053125 0.040625
3 0.4890625 0.490625 0.046875 0.0359375
3 0.46484375 0.4859375 0.053125 0.04375
9 0.4421875 0.484375 0.0578125 0.0484375
4 0.35 0.5328125 0.0296875 0.028125
3 0.48359375 0.44453125 0.0453125 0.0375
1 0.53046875 0.4703125 0.0140625 0.0125
1 0.53671875 0.4625 0.01875 0.0171875
3 0.50859375 0.440625 0.0453125 0.0359375
6 0.565625 0.43046875 0.015625 0.0125
9 0.54296875 0.39921875 0.0421875 0.0390625
3 0.5546875 0.3828125 0.046875 0.0375
6 0.62578125 0.32421875 0.0171875 0.0125
6 0.60859375 0.32890625 0.0171875 0.0109375
3 0.66171875 0.303125 0.0421875 0.025
6 0.6671875 0.3109375 0.0171875 0.0109375
6 0.48125 0.30859375 0.0171875 0.0140625
6 0.46484375 0.275 0.0203125 0.0125
3 0.49375 0.290625 0.0421875 0.0421875
3 0.03671875 0.5359375 0.046875 0.0359375
3 0.08125 0.60234375 0.0609375 0.0484375
6 0.12578125 0.50234375 0.0109375 0.009375
4 0.16953125 0.4703125 0.0203125 0.0140625
4 0.1828125 0.4578125 0.021875 0.0171875
4 0.1859375 0.45 0.01875 0.0171875
1 0.11484375 0.4640625 0.0234375 0.0125
4 0.1984375 0.4328125 0.0265625 0.025