6 0.528125 0.39296875 0.00390625 0.00546875
6 0.53671875 0.32890625 0.00390625 0.00703125
6 0.70078125 0.38671875 0.00390625 0.0046875
8 0.64453125 0.24609375 0.0046875 0.01171875
1 0.61640625 0.2484375 0.0015625 0.00859375
1 0.609375 0.246875 0.00234375 0.009375
4 0.62109375 0.2421875 0.00234375 0.01015625
6 0.35 0.35625 0.00234375 0.00703125
6 0.35234375 0.3609375 0.00234375 0.00859375
3 0.40546875 0.2484375 0.0171875 0.01796875
3 0.40390625 0.23515625 0.015625 0.01484375
3 0.4109375 0.22109375 0.01484375 0.01171875
3 0.41484375 0.20859375 0.015625 0.01328125
3 0.421875 0.19140625 0.01484375 0.0140625
3 0.42734375 0.16328125 0.015625 0.01484375
3 0.43046875 0.15 0.015625 0.01484375
3 0.43515625 0.13671875 0.01171875 0.01328125
3 0.43359375 0.12421875 0.01484375 0.01484375
3 0.4375 0.109375 0.01484375 0.0140625
3 0.4359375 0.0765625 0.00703125 0.0234375
3 0.4265625 0.07421875 0.00703125 0.02109375
3 0.4140625 0.05546875 0.01484375 0.015625
3 0.36328125 0.0265625 0.01484375 0.0140625
3 0.34921875 0.0515625 0.01640625 0.01484375
3 0.33046875 0.053125 0.01640625 0.01484375
3 0.31171875 0.0515625 0.0140625 0.01484375
3 0.29453125 0.05078125 0.01484375 0.0140625
3 0.30234375 0.02421875 0.01328125 0.0140625
3 0.2359375 0.04921875 0.0140625 0.01171875
3 0.25 0.0484375 0.01328125 0.0140625
3 0.26328125 0.05 0.01171875 0.01328125
3 0.278125 0.04921875 0.01328125 0.0140625
3 0.21640625 0.0484375 0.015625 0.0109375
3 0.21796875 0.02109375 0.01484375 0.01171875
3 0.20078125 0.0203125 0.0140625 0.01328125
3 0.1796875 0.046875 0.01328125 0.01328125
3 0.1984375 0.0484375 0.01484375 0.01328125
9 0.16328125 0.04140625 0.01953125 0.0234375
6 0.09140625 0.18125 0.00390625 0.00859375
3 0.4859375 0.0328125 0.01484375 0.01171875
3 0.503125 0.034375 0.0140625 0.01328125
1 0.434375 0.0296875 0.0015625 0.00703125
1 0.43671875 0.03046875 0.00234375 0.00625
1 0.440625 0.0296875 0.0015625 0.00703125
6 0.08125 0.59296875 0.00546875 0.0046875