6 0.45546875 0.37421875 0.0609375 0.0203125
6 0.29140625 0.70234375 0.0921875 0.0328125
6 0.509375 0.33515625 0.0484375 0.015625
3 0.5625 0.23515625 0.0328125 0.040625
3 0.57890625 0.3484375 0.034375 0.04375
3 0.60234375 0.36328125 0.0265625 0.034375
3 0.6078125 0.38125 0.0265625 0.034375
3 0.61328125 0.39453125 0.025 0.03125
3 0.6203125 0.403125 0.0296875 0.034375
3 0.60390625 0.3390625 0.0265625 0.0375
3 0.61171875 0.35390625 0.0328125 0.0375
7 0.5015625 0.34375 0.0328125 0.0140625
7 0.5171875 0.31640625 0.0328125 0.0171875
1 0.5078125 0.31796875 0.028125 0.028125
3 0.63359375 0.33203125 0.0171875 0.0171875
3 0.63828125 0.32578125 0.0171875 0.0125
3 0.64140625 0.31640625 0.0171875 0.015625
3 0.64609375 0.3234375 0.0171875 0.0171875
6 0.5375 0.2578125 0.034375 0.0125
6 0.51328125 0.3859375 0.0546875 0.0234375
7 0.553125 0.50078125 0.0359375 0.015625
1 0.5453125 0.5 0.0265625 0.025
3 0.59609375 0.5109375 0.034375 0.05
10 0.6078125 0.50859375 0.0390625 0.040625
3 0.63125 0.64453125 0.0296875 0.0375
6 0.603125 0.64375 0.0375 0.0140625
4 0.490625 0.6578125 0.04375 0.03125
4 0.50234375 0.665625 0.03125 0.0234375
1 0.4859375 0.6765625 0.034375 0.0296875
1 0.49453125 0.67421875 0.028125 0.025
6 0.48984375 0.72109375 0.053125 0.0203125
6 0.49375 0.70859375 0.0578125 0.0203125
6 0.4953125 0.696875 0.0515625 0.015625
6 0.4984375 0.6890625 0.0546875 0.0171875
6 0.503125 0.68828125 0.0546875 0.0203125
6 0.5140625 0.70078125 0.0609375 0.0203125
7 0.4953125 0.7265625 0.0484375 0.0171875
6 0.496875 0.7171875 0.0546875 0.0171875