3 0.1203125 0.26484375 0.240625 0.3015625
6 0.16015625 0.17890625 0.0703125 0.1453125
6 0.17734375 0.2078125 0.0734375 0.1328125
6 0.24296875 0.24921875 0.0703125 0.1359375
10 0.44921875 0.2 0.2453125 0.2453125
3 0.675 0.12734375 0.271875 0.2515625
1 0.53671875 0.0078125 0.1015625 0.015625
7 0.5484375 0.0296875 0.059375 0.059375
10 0.8 0.5015625 0.140625 0.2453125
3 0.90546875 0.45546875 0.1578125 0.2125
3 0.86640625 0.0875 0.1171875 0.175
10 0.70390625 0.54609375 0.146875 0.2578125
3 0.5921875 0.55859375 0.1328125 0.2140625
10 0.4953125 0.58046875 0.13125 0.246875
3 0.4078125 0.61796875 0.1375 0.2109375
10 0.33671875 0.6640625 0.140625 0.2109375
1 0.98828125 0.79609375 0.0234375 0.0703125
4 0.95078125 0.790625 0.040625 0.078125
9 0.90078125 0.7796875 0.103125 0.15625
10 0.8296875 0.81875 0.0953125 0.16875
6 0.703125 0.8921875 0.0390625 0.08125
0 0.61796875 0.86015625 0.0609375 0.1109375
4 0.31640625 0.978125 0.0390625 0.04375
4 0.39375 0.9765625 0.0375 0.046875
7 0.32265625 0.9875 0.0390625 0.025
7 0.39453125 0.9796875 0.0390625 0.040625
8 0.446875 0.98046875 0.046875 0.0390625
7 0.45390625 0.99453125 0.0296875 0.0109375