3 0.32734375 0.7734375 0.05625 0.0703125
6 0.2171875 0.8328125 0.01171875 0.025
6 0.228125 0.80625 0.01328125 0.0203125
4 0.25390625 0.80390625 0.0125 0.0609375
7 0.25390625 0.79453125 0.0125 0.028125
4 0.225 0.7421875 0.01484375 0.04140625
6 0.18359375 0.68203125 0.01015625 0.02421875
4 0.196875 0.6875 0.009375 0.03984375
7 0.1953125 0.68125 0.009375 0.025
9 0.259375 0.5421875 0.02578125 0.084375
10 0.28984375 0.54765625 0.03046875 0.08046875
6 0.1890625 0.5296875 0.0109375 0.02578125
6 0.19921875 0.4546875 0.009375 0.02421875
8 0.25703125 0.446875 0.015625 0.05
4 0.2296875 0.44140625 0.00859375 0.0390625
7 0.22890625 0.43828125 0.009375 0.025
4 0.18046875 0.3984375 0.021875 0.02578125
6 0.16171875 0.39375 0.00703125 0.02421875
7 0.1890625 0.315625 0.0078125 0.0140625
7 0.196875 0.309375 0.00703125 0.01640625
7 0.171875 0.303125 0.0078125 0.015625
7 0.19765625 0.28125 0.01015625 0.01328125
6 0.21953125 0.23359375 0.00703125 0.02578125
6 0.21796875 0.2 0.00859375 0.028125
6 0.21796875 0.14609375 0.0078125 0.02578125
6 0.21953125 0.134375 0.00859375 0.02578125
6 0.21640625 0.121875 0.00703125 0.025
6 0.22265625 0.103125 0.00625 0.028125
6 0.20859375 0.075 0.00625 0.02421875
6 0.228125 0.06640625 0.00703125 0.02890625
6 0.23671875 0.06484375 0.00546875 0.02578125
3 0.2765625 0.04375 0.01953125 0.0484375
3 0.27265625 0.103125 0.01953125 0.05
10 0.27421875 0.15078125 0.01953125 0.0609375
10 0.2734375 0.2203125 0.0203125 0.078125
8 0.26328125 0.3125 0.01015625 0.0359375
4 0.259375 0.34375 0.00859375 0.0296875
4 0.2625 0.40625 0.0078125 0.03046875
10 0.27734375 0.384375 0.025 0.078125
3 0.28359375 0.45703125 0.028125 0.07578125
4 0.27265625 0.278125 0.01953125 0.01875
10 0.296875 0.68203125 0.0265625 0.08671875
1 0.45859375 0.86796875 0.02578125 0.028125
7 0.4578125 0.86171875 0.01171875 0.02578125
6 0.425 0.8 0.0109375 0.02578125
6 0.4328125 0.81875 0.00859375 0.01953125
6 0.5671875 0.9390625 0.01640625 0.025
3 0.44296875 0.63125 0.0390625 0.11015625
3 0.52578125 0.62578125 0.040625 0.09921875
3 0.57890625 0.61484375 0.0640625 0.0609375
6 0.62578125 0.68671875 0.01328125 0.02578125
6 0.6328125 0.65859375 0.0125 0.02578125
6 0.678125 0.634375 0.01484375 0.0234375
3 0.71796875 0.70078125 0.02265625 0.0984375
9 0.62578125 0.534375 0.05078125 0.1296875
3 0.6640625 0.46640625 0.04609375 0.08671875
3 0.56015625 0.32421875 0.03203125 0.06328125
3 0.61640625 0.31640625 0.03671875 0.06796875
3 0.58515625 0.20546875 0.034375 0.05859375
3 0.52890625 0.1171875 0.02734375 0.05859375
10 0.590625 0.16953125 0.04140625 0.053125
3 0.58828125 0.1359375 0.03984375 0.046875
10 0.60703125 0.11796875 0.04609375 0.04921875
3 0.60234375 0.08125 0.04609375 0.03984375
4 0.46328125 0.3640625 0.01015625 0.03828125
4 0.43359375 0.1328125 0.00859375 0.03203125
4 0.4140625 0.13046875 0.00859375 0.03125
3 0.33984375 0.12578125 0.02109375 0.06953125
6 0.3609375 0.15546875 0.00546875 0.03125
6 0.36171875 0.04609375 0.00703125 0.03515625
6 0.35 0.078125 0.00703125 0.03359375
3 0.48515625 0.06953125 0.04453125 0.05
6 0.090625 0.909375 0.01328125 0.02578125
6 0.2609375 0.95625 0.015625 0.0234375
6 0.43828125 0.95859375 0.0125 0.02578125