3 0.6203125 0.01484375 0.040625 0.0296875
3 0.746875 0.07890625 0.03125 0.0375
3 0.7890625 0.09765625 0.028125 0.0328125
3 0.578125 0.02890625 0.03125 0.046875
3 0.59296875 0.05859375 0.0296875 0.0390625
3 0.60625 0.08671875 0.0265625 0.0359375
3 0.61796875 0.11015625 0.0234375 0.0296875
3 0.63046875 0.1328125 0.0203125 0.025
3 0.6390625 0.1515625 0.01875 0.025
3 0.6484375 0.16875 0.01875 0.025
3 0.65703125 0.1890625 0.0171875 0.01875
3 0.66640625 0.20859375 0.0140625 0.0171875
3 0.7890625 0.14140625 0.0265625 0.025
3 0.7828125 0.1359375 0.0234375 0.021875
3 0.775 0.13671875 0.0234375 0.021875
3 0.76796875 0.134375 0.0203125 0.0203125
3 0.7609375 0.13046875 0.028125 0.0265625
3 0.659375 0.03359375 0.0359375 0.0484375
3 0.66796875 0.06171875 0.0328125 0.040625
3 0.67265625 0.08125 0.028125 0.0328125
3 0.67890625 0.109375 0.028125 0.0359375
3 0.6828125 0.1265625 0.0234375 0.0296875
3 0.69296875 0.1640625 0.0234375 0.034375
3 0.70078125 0.19765625 0.015625 0.01875
3 0.68515625 0.2 0.015625 0.0203125
3 0.6765625 0.2265625 0.0140625 0.0171875
3 0.67890625 0.23359375 0.0125 0.015625
3 0.68203125 0.2421875 0.009375 0.0125
3 0.6875 0.2546875 0.0109375 0.0171875
3 0.69296875 0.26875 0.0109375 0.0171875
3 0.70078125 0.28359375 0.0109375 0.0140625
3 0.70390625 0.29140625 0.0078125 0.0078125
3 0.70703125 0.296875 0.00625 0.009375
3 0.71171875 0.30625 0.0046875 0.00625
3 0.75 0.2390625 0.01875 0.0171875
3 0.75703125 0.2375 0.01875 0.0171875
3 0.7671875 0.2375 0.0171875 0.015625
6 0.76015625 0.21796875 0.0078125 0.0125
6 0.746875 0.20859375 0.0078125 0.0140625
1 0.01875 0.175 0.0234375 0.0296875
3 0.01640625 0.34296875 0.0328125 0.0421875
3 0.00546875 0.40625 0.0109375 0.03125
10 0.0984375 0.39765625 0.0296875 0.028125
10 0.1234375 0.35625 0.03125 0.0296875
3 0.2578125 0.4015625 0.025 0.021875
3 0.32421875 0.40234375 0.0203125 0.0203125
3 0.30546875 0.43359375 0.015625 0.0140625
3 0.3171875 0.42734375 0.015625 0.015625
3 0.3390625 0.42265625 0.015625 0.0140625
3 0.3515625 0.41640625 0.015625 0.015625
3 0.27421875 0.4484375 0.015625 0.015625
3 0.31015625 0.43984375 0.0125 0.0125
3 0.3765625 0.390625 0.0171875 0.0171875
3 0.446875 0.3265625 0.01875 0.021875
2 0.46953125 0.33125 0.0296875 0.0359375
3 0.45234375 0.26875 0.0234375 0.021875
9 0.503125 0.27734375 0.04375 0.0359375
3 0.54453125 0.2875 0.0234375 0.01875
3 0.51953125 0.2984375 0.025 0.01875
9 0.5359375 0.30625 0.0265625 0.025
3 0.490625 0.33125 0.021875 0.0171875
3 0.50390625 0.3359375 0.01875 0.0171875
9 0.5140625 0.34140625 0.021875 0.0171875
3 0.5203125 0.34296875 0.015625 0.0140625
3 0.52890625 0.34453125 0.0125 0.0125
9 0.54609375 0.35234375 0.021875 0.0203125
9 0.55 0.35390625 0.025 0.025