9 0.7734375 0.5359375 0.01484375 0.01484375
9 0.83125 0.55859375 0.01484375 0.01640625
9 0.84296875 0.5625 0.01953125 0.01953125
9 0.89140625 0.584375 0.01953125 0.0234375
9 0.9296875 0.60078125 0.03203125 0.03203125
3 0.9890625 0.6390625 0.021875 0.0203125
7 0.87421875 0.58671875 0.00234375 0.009375
4 0.87421875 0.5890625 0.00390625 0.00859375
3 0.22421875 0.91796875 0.08671875 0.059375
3 0.44765625 0.928125 0.07734375 0.06171875
3 0.30546875 0.828125 0.06484375 0.04609375
3 0.484375 0.8359375 0.0578125 0.04609375
10 0.490625 0.79765625 0.05859375 0.04140625
3 0.38828125 0.74765625 0.05078125 0.03203125
10 0.37578125 0.72421875 0.0375 0.034375
3 0.4 0.71875 0.03671875 0.028125
3 0.39296875 0.70546875 0.03515625 0.02578125
3 0.40859375 0.68046875 0.03203125 0.028125
3 0.46953125 0.63203125 0.0296875 0.021875
3 0.49609375 0.59453125 0.01953125 0.0140625
2 0.5078125 0.57421875 0.01796875 0.02890625
3 0.7171875 0.88046875 0.071875 0.06015625
3 0.70703125 0.8390625 0.06015625 0.0484375
3 0.69609375 0.80234375 0.0546875 0.04140625
3 0.5546875 0.646875 0.03046875 0.0203125
3 0.67265625 0.64609375 0.01328125 0.021875
6 0.63984375 0.65390625 0.00390625 0.025
6 0.64375 0.65546875 0.00390625 0.021875
2 0.56015625 0.58046875 0.015625 0.03046875
3 0.590625 0.58203125 0.01953125 0.01171875
3 0.58828125 0.575 0.01953125 0.0109375
3 0.59296875 0.5640625 0.01640625 0.0109375
3 0.59921875 0.553125 0.01640625 0.009375
9 0.646875 0.5234375 0.01328125 0.009375
3 0.65625 0.5234375 0.0078125 0.00625