3 0.24609375 0.03203125 0.02265625 0.02421875
3 0.24765625 0.02265625 0.01953125 0.01953125
3 0.2515625 0.0125 0.0203125 0.01796875
3 0.3375 0.115625 0.01015625 0.03125
3 0.34453125 0.15390625 0.01171875 0.034375
3 0.3109375 0.246875 0.02109375 0.0203125
3 0.30859375 0.2609375 0.0234375 0.0203125
3 0.30859375 0.27890625 0.02890625 0.01953125
6 0.321875 0.28671875 0.00546875 0.01328125
3 0.3484375 0.2921875 0.01015625 0.034375
3 0.30859375 0.32890625 0.02421875 0.02109375
3 0.30859375 0.34609375 0.02265625 0.021875
3 0.30625 0.365625 0.025 0.021875
3 0.30546875 0.403125 0.02578125 0.021875
3 0.303125 0.42421875 0.0265625 0.021875
3 0.3 0.44296875 0.02578125 0.021875
10 0.2984375 0.46328125 0.0296875 0.0265625
3 0.29921875 0.50703125 0.02890625 0.02421875
3 0.29765625 0.528125 0.028125 0.0234375
3 0.29921875 0.553125 0.02890625 0.028125
3 0.29453125 0.6015625 0.03046875 0.025
3 0.2921875 0.6296875 0.03046875 0.02578125
3 0.290625 0.65703125 0.02890625 0.025
3 0.28515625 0.6890625 0.03203125 0.028125
3 0.2859375 0.71796875 0.03203125 0.02109375
3 0.37265625 0.703125 0.02578125 0.04453125
3 0.36640625 0.60859375 0.03046875 0.025
10 0.36640625 0.5765625 0.03359375 0.0296875
3 0.3640625 0.54453125 0.02890625 0.02578125
3 0.3640625 0.51875 0.0296875 0.025
3 0.3640625 0.49453125 0.0296875 0.025
3 0.3671875 0.471875 0.02734375 0.0234375
3 0.36640625 0.43203125 0.02734375 0.0234375
10 0.35390625 0.3421875 0.01171875 0.03984375
3 0.54140625 0.009375 0.0140625 0.01875
3 0.55234375 0.0078125 0.01171875 0.015625
3 0.56328125 0.00859375 0.0140625 0.0171875
3 0.5609375 0.0640625 0.01640625 0.0265625
3 0.5703125 0.0578125 0.0125 0.02109375
3 0.59453125 0.01171875 0.0171875 0.0234375
3 0.03984375 0.7109375 0.028125 0.02890625