3 0.1609375 0.96171875 0.009375 0.0203125
7 0.0390625 0.7609375 0.00390625 0.00390625
4 0.040625 0.76015625 0.01015625 0.00703125
7 0.2328125 0.7453125 0.00234375 0.00390625
4 0.2328125 0.74453125 0.00703125 0.0046875
4 0.2828125 0.74609375 0.00703125 0.00546875
7 0.28203125 0.74609375 0.003125 0.00546875
3 0.259375 0.58203125 0.01171875 0.03671875
3 0.2640625 0.50390625 0.0109375 0.0296875
3 0.2671875 0.46875 0.01015625 0.028125
10 0.2953125 0.4578125 0.00703125 0.0265625
3 0.296875 0.42109375 0.00859375 0.0265625
3 0.29765625 0.38359375 0.00703125 0.02890625
3 0.2734375 0.36640625 0.00859375 0.02890625
3 0.2703125 0.403125 0.00859375 0.02578125
3 0.26796875 0.434375 0.009375 0.028125
3 0.2734375 0.33046875 0.009375 0.02578125
3 0.27734375 0.26875 0.00859375 0.02578125
3 0.27890625 0.240625 0.00859375 0.02109375
3 0.28125 0.2109375 0.00703125 0.0234375
3 0.303125 0.21171875 0.00703125 0.0234375
3 0.30390625 0.184375 0.00703125 0.02421875
3 0.28203125 0.18046875 0.0078125 0.025
10 0.29609375 0.13671875 0.00625 0.02109375
6 0.30390625 0.1203125 0.00234375 0.009375
1 0.309375 0.1203125 0.0046875 0.00390625
1 0.30859375 0.115625 0.00390625 0.0046875
3 0.2890625 0.08125 0.0078125 0.02578125
3 0.27265625 0.11171875 0.01640625 0.01328125
3 0.275 0.09921875 0.015625 0.01328125
3 0.290625 0.04375 0.00703125 0.021875
3 0.28984375 0.01875 0.00859375 0.01953125
3 0.31171875 0.0171875 0.0078125 0.0234375
4 0.33359375 0.0546875 0.00390625 0.0109375
7 0.33515625 0.19921875 0.0015625 0.0046875
4 0.33515625 0.203125 0.00234375 0.009375
4 0.33515625 0.21328125 0.00234375 0.00859375
3 0.34296875 0.278125 0.0171875 0.0140625
3 0.325 0.32421875 0.01640625 0.0140625
3 0.32421875 0.3515625 0.01640625 0.01484375
3 0.32421875 0.3671875 0.01640625 0.0140625
3 0.3234375 0.38125 0.01640625 0.0140625
3 0.3234375 0.43984375 0.01796875 0.01484375
3 0.32265625 0.45390625 0.0171875 0.0140625
3 0.32265625 0.471875 0.01796875 0.01328125
3 0.321875 0.50234375 0.01953125 0.0140625
3 0.32109375 0.51796875 0.01796875 0.01484375
4 0.3625 0.53515625 0.00234375 0.009375
4 0.33828125 0.5546875 0.00546875 0.00390625
4 0.47890625 0.25390625 0.00703125 0.02890625
1 0.37578125 0.53203125 0.00234375 0.00859375
1 0.38125 0.53203125 0.003125 0.00859375
1 0.38515625 0.53125 0.00234375 0.00703125
1 0.39140625 0.53203125 0.00234375 0.00859375
1 0.41875 0.53125 0.00234375 0.00859375
1 0.43359375 0.53046875 0.00234375 0.009375
1 0.440625 0.53125 0.00234375 0.009375
4 0.42578125 0.53203125 0.003125 0.0109375
1 0.40859375 0.53125 0.00234375 0.009375
1 0.4140625 0.53203125 0.00234375 0.00859375
7 0.47421875 0.72421875 0.003125 0.0046875
1 0.47265625 0.72421875 0.00625 0.0046875
7 0.39296875 0.74140625 0.00234375 0.003125
4 0.39140625 0.740625 0.00703125 0.00625
9 0.4890625 0.771875 0.05078125 0.028125
3 0.50234375 0.934375 0.01171875 0.0453125
3 0.53125 0.93828125 0.01171875 0.04609375
3 0.54453125 0.9390625 0.01015625 0.03828125
3 0.5703125 0.93125 0.0109375 0.03984375
3 0.584375 0.9328125 0.01328125 0.0453125
3 0.59921875 0.92578125 0.0140625 0.04453125
3 0.6109375 0.9234375 0.0140625 0.04609375
3 0.62578125 0.91875 0.0140625 0.040625
3 0.6375 0.9140625 0.0140625 0.04140625
3 0.5625 0.79375 0.02265625 0.01875
9 0.71875 0.7421875 0.02109375 0.025
7 0.67734375 0.70703125 0.00390625 0.003125
1 0.67578125 0.7078125 0.00546875 0.0046875
9 0.2578125 0.63359375 0.01953125 0.05703125
3 0.21171875 0.09453125 0.0078125 0.02109375
3 0.2203125 0.1015625 0.00859375 0.0234375
3 0.228125 0.10625 0.00859375 0.0203125
3 0.2375 0.10546875 0.00859375 0.025
3 0.24765625 0.109375 0.0078125 0.02109375
3 0.34921875 0.021875 0.00625 0.02109375
3 0.34921875 0.00546875 0.00546875 0.0109375