2 0.1984375 0.046875 0.13125 0.09375
6 0.10546875 0.27109375 0.0171875 0.0171875
6 0.27578125 0.0953125 0.015625 0.0203125
7 0.2828125 0.09765625 0.0125 0.0171875
9 0.25078125 0.171875 0.1078125 0.1484375
9 0.2421875 0.3109375 0.1140625 0.1546875
6 0.446875 0.0109375 0.01875 0.021875
6 0.45546875 0.009375 0.0171875 0.01875
6 0.465625 0.00625 0.015625 0.0125
6 0.46328125 0.0125 0.015625 0.0234375
6 0.44609375 0.0484375 0.0140625 0.0234375
6 0.4515625 0.05078125 0.009375 0.01875
6 0.459375 0.04609375 0.0140625 0.021875
6 0.47734375 0.021875 0.0140625 0.021875
6 0.47578125 0.03515625 0.0140625 0.021875
6 0.48359375 0.0484375 0.0171875 0.025
6 0.45390625 0.125 0.01875 0.0265625
6 0.4609375 0.1171875 0.0140625 0.0234375
6 0.4796875 0.140625 0.0125 0.0203125
6 0.48828125 0.13828125 0.015625 0.025
7 0.48515625 0.12578125 0.009375 0.0125
5 0.4859375 0.1296875 0.0171875 0.021875
6 0.453125 0.19375 0.0125 0.0203125
6 0.45078125 0.2296875 0.0125 0.0203125
6 0.475 0.2109375 0.0140625 0.021875
6 0.4828125 0.2 0.015625 0.025
6 0.571875 0.3359375 0.0140625 0.0171875
7 0.55859375 0.36796875 0.01875 0.0234375
7 0.5484375 0.3734375 0.0109375 0.0140625
6 0.48125 0.2328125 0.0140625 0.021875
6 0.4734375 0.24296875 0.0140625 0.021875
6 0.50078125 0.25703125 0.0125 0.0203125
6 0.49453125 0.2609375 0.009375 0.015625
6 0.47734375 0.265625 0.015625 0.0203125
6 0.471875 0.27109375 0.0109375 0.0171875
6 0.49375 0.28671875 0.0109375 0.015625
6 0.50234375 0.2796875 0.0109375 0.0171875
7 0.47421875 0.30859375 0.0109375 0.0171875
6 0.5078125 0.3203125 0.0109375 0.0171875
6 0.5125 0.64609375 0.0171875 0.01875
6 0.46484375 0.67109375 0.0140625 0.01875
6 0.4625 0.640625 0.0171875 0.0171875
6 0.46015625 0.6546875 0.0140625 0.015625
6 0.51875 0.4703125 0.0140625 0.01875
6 0.6125 0.46015625 0.0140625 0.015625
6 0.45546875 0.50546875 0.0109375 0.0171875
6 0.45546875 0.48359375 0.0109375 0.0140625
6 0.45390625 0.46796875 0.0125 0.0171875
7 0.45703125 0.4453125 0.0140625 0.01875
6 0.509375 0.4515625 0.015625 0.0203125
6 0.5046875 0.4453125 0.0109375 0.0140625
6 0.4921875 0.425 0.0140625 0.0171875
6 0.49765625 0.41796875 0.0109375 0.0140625
6 0.48671875 0.36015625 0.0109375 0.015625
6 0.49375 0.35625 0.0140625 0.0171875
6 0.49296875 0.375 0.0109375 0.0171875
6 0.5015625 0.375 0.0140625 0.0203125
6 0.4859375 0.3984375 0.0109375 0.0171875
6 0.49453125 0.39765625 0.0109375 0.0171875
7 0.64765625 0.125 0.015625 0.0203125
7 0.584375 0.1203125 0.0125 0.0203125
7 0.5921875 0.0828125 0.0109375 0.0140625