3 0.9265625 0.23671875 0.0203125 0.0203125
3 0.8828125 0.26015625 0.046875 0.0296875
3 0.80859375 0.29296875 0.0390625 0.028125
8 0.91953125 0.221875 0.01875 0.015625
7 0.921875 0.32890625 0.0203125 0.0125
1 0.93046875 0.32734375 0.0234375 0.0140625
10 0.9109375 0.3890625 0.0515625 0.03125
3 0.86796875 0.4015625 0.0375 0.025
10 0.9015625 0.35234375 0.0671875 0.0375
3 0.71015625 0.3359375 0.0359375 0.0234375
3 0.69453125 0.37421875 0.025 0.01875
3 0.76640625 0.3984375 0.0328125 0.021875
3 0.778125 0.41796875 0.040625 0.028125
3 0.734375 0.41171875 0.0390625 0.0265625
3 0.7421875 0.4421875 0.0421875 0.028125
3 0.678125 0.4296875 0.034375 0.0234375
6 0.73125 0.39296875 0.015625 0.0078125
4 0.73515625 0.3921875 0.015625 0.0109375
1 0.87734375 0.24296875 0.0203125 0.0125
1 0.83671875 0.2625 0.021875 0.0125
3 0.609375 0.384375 0.028125 0.0203125
0 0.603125 0.40859375 0.0296875 0.0171875
3 0.553125 0.4515625 0.025 0.0171875
3 0.63359375 0.4453125 0.03125 0.021875
3 0.6125 0.4515625 0.025 0.01875
3 0.6453125 0.46875 0.03125 0.021875
3 0.59453125 0.4578125 0.0234375 0.0171875
3 0.5734375 0.4671875 0.0265625 0.01875
3 0.61328125 0.47734375 0.028125 0.0203125
3 0.57734375 0.49296875 0.0328125 0.021875
3 0.534375 0.50859375 0.025 0.0171875
3 0.521875 0.48828125 0.0234375 0.0171875
9 0.58359375 0.3953125 0.0359375 0.0234375
9 0.5484375 0.4125 0.040625 0.0265625
3 0.49765625 0.4421875 0.0171875 0.0140625
9 0.4828125 0.45078125 0.0234375 0.0171875
10 0.48828125 0.47421875 0.0296875 0.01875
3 0.4921875 0.48671875 0.0265625 0.0171875
3 0.46640625 0.5 0.0171875 0.0140625
3 0.45546875 0.4671875 0.021875 0.015625
3 0.44140625 0.47578125 0.0203125 0.015625
6 0.52109375 0.4359375 0.0140625 0.0078125
6 0.8359375 0.43515625 0.015625 0.0078125
7 0.596875 0.43671875 0.0125 0.0078125
1 0.59921875 0.4359375 0.0171875 0.0109375
3 0.421875 0.50234375 0.0171875 0.0140625
3 0.42734375 0.525 0.0203125 0.015625
3 0.45390625 0.52265625 0.0171875 0.0140625
3 0.4078125 0.53046875 0.0171875 0.0109375
9 0.4 0.54765625 0.0328125 0.025
3 0.384375 0.5375 0.0171875 0.0140625
3 0.39453125 0.50703125 0.015625 0.0109375
3 0.38046875 0.51796875 0.0171875 0.0140625
7 0.40234375 0.5234375 0.009375 0.00625
4 0.40546875 0.521875 0.009375 0.00625
6 0.36015625 0.54453125 0.0125 0.0078125
3 0.45703125 0.44296875 0.015625 0.015625
3 0.353125 0.5375 0.0109375 0.009375
3 0.34296875 0.54375 0.0109375 0.009375
3 0.3359375 0.54765625 0.0125 0.009375
3 0.32890625 0.55234375 0.0109375 0.009375
3 0.3234375 0.5578125 0.0078125 0.0078125
6 0.33671875 0.57109375 0.009375 0.00625
3 0.2859375 0.55234375 0.0109375 0.009375
3 0.27265625 0.56171875 0.0125 0.015625