9 0.47578125 0.034375 0.0046875 0.009375
9 0.4484375 0.075 0.00546875 0.0109375
9 0.41015625 0.13203125 0.00703125 0.01796875
9 0.409375 0.15625 0.00546875 0.015625
9 0.45546875 0.065625 0.0046875 0.01015625
9 0.434375 0.08671875 0.00390625 0.00859375
9 0.38515625 0.30546875 0.00390625 0.015625
9 0.38203125 0.33125 0.00703125 0.028125
2 0.37265625 0.3984375 0.0078125 0.03125
9 0.3484375 0.62578125 0.01484375 0.08125
9 0.5109375 0.30234375 0.0171875 0.0140625
9 0.5328125 0.27265625 0.01796875 0.015625
9 0.52109375 0.25078125 0.0234375 0.0265625
3 0.3609375 0.56953125 0.00625 0.0203125
3 0.3671875 0.5015625 0.00625 0.01640625
3 0.37265625 0.45078125 0.00625 0.01640625
3 0.365625 0.303125 0.0078125 0.00859375
3 0.36640625 0.2984375 0.00625 0.00625
3 0.365625 0.29375 0.00625 0.00625
3 0.3671875 0.290625 0.00703125 0.00625
3 0.36796875 0.2859375 0.00703125 0.00859375
3 0.3671875 0.28125 0.00703125 0.00546875
3 0.36796875 0.275 0.00625 0.00546875
3 0.36796875 0.27109375 0.00546875 0.00625
3 0.37109375 0.24140625 0.00703125 0.00703125
3 0.371875 0.234375 0.00703125 0.00703125
3 0.37265625 0.23125 0.00625 0.00546875
3 0.37265625 0.228125 0.00625 0.0046875
3 0.37265625 0.22421875 0.00703125 0.00546875
3 0.37265625 0.2203125 0.00703125 0.00703125
3 0.37421875 0.21640625 0.00546875 0.00625
6 0.36328125 0.253125 0.00078125 0.0046875
6 0.37578125 0.32890625 0.00234375 0.00625
6 0.35703125 0.315625 0.00234375 0.00625
6 0.36015625 0.2578125 0.00234375 0.0046875
6 0.3875 0.23828125 0.00234375 0.0046875
6 0.36328125 0.2359375 0.00234375 0.00546875
3 0.421875 0.1109375 0.003125 0.00546875
3 0.428125 0.0890625 0.003125 0.00859375
3 0.46484375 0.05078125 0.00234375 0.0046875
3 0.46875 0.04296875 0.00234375 0.0046875
3 0.49140625 0.2484375 0.00390625 0.00703125
3 0.49921875 0.2484375 0.00546875 0.00703125
9 0.4375 0.31015625 0.00859375 0.009375
3 0.453125 0.3171875 0.00390625 0.01015625
3 0.4578125 0.31875 0.00390625 0.00859375
3 0.4625 0.31875 0.003125 0.009375
3 0.46796875 0.31953125 0.00390625 0.01171875
3 0.47265625 0.3203125 0.00390625 0.0109375
3 0.478125 0.32109375 0.0046875 0.01171875
3 0.48203125 0.32109375 0.00390625 0.0109375
3 0.48671875 0.32109375 0.00390625 0.009375
6 0.44765625 0.8984375 0.00234375 0.00546875
6 0.45546875 0.90390625 0.00390625 0.00703125
6 0.46015625 0.896875 0.00390625 0.00859375
6 0.4390625 0.74609375 0.00234375 0.00859375
6 0.4359375 0.7265625 0.0015625 0.00703125
6 0.434375 0.72421875 0.00234375 0.00625
4 0.6109375 0.76328125 0.00703125 0.00859375
3 0.134375 0.86640625 0.01328125 0.03359375