6 0.75625 0.08671875 0.021875 0.0375
6 0.74375 0.15859375 0.028125 0.0703125
6 0.76640625 0.16953125 0.028125 0.0625
6 0.7828125 0.1671875 0.0296875 0.065625
4 0.790625 0.20859375 0.0296875 0.0625
6 0.7109375 0.29375 0.0234375 0.0578125
6 0.7359375 0.3015625 0.0234375 0.0640625
6 0.75 0.30546875 0.025 0.0578125
6 0.71328125 0.2015625 0.028125 0.0671875
6 0.6734375 0.28359375 0.0203125 0.059375
6 0.66171875 0.28515625 0.0234375 0.05625
6 0.6578125 0.16015625 0.0265625 0.0671875
6 0.64609375 0.17265625 0.021875 0.0609375
6 0.6640625 0.17265625 0.0265625 0.0671875
6 0.640625 0.2859375 0.0234375 0.0546875
1 0.64296875 0.2671875 0.021875 0.0515625
4 0.6234375 0.32578125 0.0171875 0.0421875
6 0.64296875 0.35390625 0.0234375 0.0578125
6 0.73046875 0.36484375 0.01875 0.0515625
6 0.61875 0.3671875 0.0171875 0.0421875
6 0.62734375 0.37578125 0.0171875 0.046875
6 0.6171875 0.3796875 0.0171875 0.040625
6 0.6421875 0.41171875 0.01875 0.0515625
6 0.64921875 0.4234375 0.0171875 0.0453125
6 0.65859375 0.42578125 0.0171875 0.046875
6 0.653125 0.47734375 0.015625 0.0359375
6 0.6625 0.4765625 0.0140625 0.0390625
6 0.6859375 0.4796875 0.0140625 0.0375
6 0.709375 0.4671875 0.0171875 0.040625
6 0.71484375 0.45859375 0.0140625 0.0390625
6 0.73203125 0.4078125 0.0171875 0.0453125
6 0.72890625 0.4171875 0.0140625 0.040625
6 0.625 0.44921875 0.015625 0.04375
6 0.615625 0.44765625 0.0140625 0.0375
6 0.62109375 0.465625 0.0140625 0.0375
6 0.61875 0.5203125 0.0125 0.034375
6 0.61171875 0.51875 0.0140625 0.0375
6 0.6125 0.49375 0.0125 0.0359375
6 0.60703125 0.496875 0.0109375 0.034375
6 0.62578125 0.52734375 0.0125 0.034375
6 0.621875 0.53828125 0.0109375 0.03125
6 0.61171875 0.54765625 0.009375 0.028125
6 0.62265625 0.54765625 0.0125 0.03125
6 0.68984375 0.52734375 0.0125 0.034375
6 0.67578125 0.5375 0.0109375 0.028125
6 0.6625 0.56328125 0.0125 0.0296875
6 0.67421875 0.5609375 0.0109375 0.0265625
6 0.63515625 0.55859375 0.009375 0.028125
6 0.65234375 0.590625 0.0078125 0.021875
6 0.65703125 0.59453125 0.00625 0.01875
6 0.65 0.5984375 0.0078125 0.021875
6 0.67265625 0.5953125 0.009375 0.025
6 0.66484375 0.5984375 0.0078125 0.021875
6 0.68046875 0.57734375 0.009375 0.025
6 0.68515625 0.57578125 0.00625 0.015625
6 0.690625 0.553125 0.009375 0.0265625
6 0.68984375 0.57109375 0.0078125 0.025
6 0.6921875 0.58515625 0.009375 0.0234375
6 0.69375 0.58984375 0.00625 0.0203125
6 0.69921875 0.58984375 0.0109375 0.025
6 0.61640625 0.6 0.0078125 0.025
6 0.64140625 0.61328125 0.0078125 0.025
6 0.6453125 0.61484375 0.0078125 0.021875
6 0.6515625 0.6125 0.00625 0.0203125
6 0.65703125 0.60703125 0.0078125 0.021875
6 0.6625 0.60546875 0.0078125 0.021875
6 0.671875 0.61875 0.0078125 0.021875
6 0.67578125 0.6203125 0.0078125 0.021875
4 0.62890625 0.5953125 0.009375 0.0171875
6 0.62890625 0.6 0.00625 0.015625
6 0.621875 0.61796875 0.00625 0.01875
6 0.62578125 0.6171875 0.0078125 0.021875
6 0.62734375 0.63046875 0.00625 0.0203125
3 0.615625 0.63046875 0.015625 0.0203125
6 0.625 0.63984375 0.00625 0.0203125
6 0.62109375 0.65 0.00625 0.01875
6 0.6453125 0.62734375 0.00625 0.01875
6 0.646875 0.63125 0.00625 0.0203125
6 0.65 0.62890625 0.0078125 0.0234375
6 0.65703125 0.6296875 0.0078125 0.021875
6 0.6671875 0.64140625 0.0078125 0.021875
6 0.6640625 0.64375 0.0078125 0.021875
6 0.61796875 0.6703125 0.00625 0.015625
6 0.61484375 0.66953125 0.00625 0.015625
6 0.6078125 0.6546875 0.00625 0.01875
4 0.6328125 0.6671875 0.0046875 0.009375
4 0.62421875 0.671875 0.0046875 0.0109375
6 0.62421875 0.67734375 0.0046875 0.0109375
6 0.67109375 0.51875 0.009375 0.021875
6 0.6671875 0.51875 0.0109375 0.0234375
3 0.67109375 0.5140625 0.0203125 0.040625
6 0.6109375 0.671875 0.00625 0.0140625
6 0.61875 0.6921875 0.00625 0.0140625
6 0.6515625 0.665625 0.00625 0.015625
6 0.5984375 0.665625 0.0046875 0.0125