6 0.36796875 0.88984375 0.00859375 0.01640625
6 0.2796875 0.89296875 0.0078125 0.015625
6 0.26796875 0.95234375 0.00625 0.01171875
6 0.2734375 0.95703125 0.00546875 0.009375
6 0.01171875 0.79609375 0.01171875 0.01796875
0 0.0125 0.728125 0.02421875 0.03125
9 0.03046875 0.61171875 0.0609375 0.0546875
7 0.06015625 0.56484375 0.00703125 0.01484375
7 0.178125 0.75859375 0.0078125 0.0109375
7 0.22734375 0.58828125 0.0078125 0.01640625
6 0.11171875 0.79765625 0.01015625 0.015625
7 0.35859375 0.58671875 0.00625 0.01875
7 0.3625 0.6078125 0.00703125 0.015625
6 0.30625 0.5359375 0.00625 0.02109375
6 0.3859375 0.44453125 0.0046875 0.01875
6 0.3046875 0.371875 0.00546875 0.021875
6 0.30390625 0.2515625 0.0046875 0.01796875
6 0.2625 0.253125 0.00703125 0.01796875
6 0.3140625 0.18828125 0.0046875 0.01953125
6 0.325 0.09140625 0.0046875 0.01953125
7 0.309375 0.009375 0.00546875 0.015625
7 0.428125 0.46015625 0.00546875 0.01484375
6 0.40078125 0.5875 0.00546875 0.01796875
6 0.4453125 0.58984375 0.00546875 0.01640625
7 0.38046875 0.6375 0.0078125 0.01796875
7 0.378125 0.65625 0.00625 0.015625
7 0.4078125 0.68515625 0.00703125 0.01484375
7 0.44296875 0.64296875 0.00703125 0.015625
7 0.54140625 0.71015625 0.00625 0.01328125
7 0.55390625 0.6765625 0.01015625 0.01796875
7 0.571875 0.6609375 0.0078125 0.01640625
3 0.7078125 0.64921875 0.04296875 0.0390625
3 0.6578125 0.6359375 0.04765625 0.040625
4 0.57265625 0.55390625 0.0125 0.03515625
4 0.57109375 0.66171875 0.01953125 0.01328125
4 0.5515625 0.678125 0.0203125 0.01484375
4 0.53984375 0.7109375 0.01796875 0.015625
4 0.4078125 0.68671875 0.01953125 0.01484375
4 0.4421875 0.64375 0.0203125 0.01328125
4 0.37890625 0.65703125 0.01875 0.01640625
4 0.38046875 0.63828125 0.015625 0.01484375
1 0.36171875 0.60859375 0.01640625 0.01171875
4 0.35625 0.584375 0.01796875 0.0140625
4 0.2265625 0.5890625 0.01796875 0.0140625
4 0.17890625 0.76015625 0.021875 0.01484375
4 0.0609375 0.56484375 0.01640625 0.0109375
6 0.03515625 0.5375 0.00703125 0.015625
3 0.0453125 0.525 0.03203125 0.0296875
3 0.07890625 0.6828125 0.053125 0.04140625
3 0.1515625 0.63828125 0.04453125 0.0390625
0 0.1796875 0.59140625 0.03359375 0.03359375
3 0.31328125 0.68359375 0.04765625 0.04140625
4 0.37890625 0.56953125 0.01953125 0.0140625
4 0.42890625 0.46328125 0.0140625 0.01328125
3 0.31015625 0.3109375 0.01796875 0.0546875
9 0.315625 0.25078125 0.0171875 0.046875
4 0.32265625 0.21328125 0.0140625 0.01875
4 0.203125 0.415625 0.0109375 0.01875
4 0.2421875 0.2984375 0.0140625 0.01484375
0 0.2328125 0.3234375 0.0109375 0.03046875
4 0.24609375 0.26953125 0.009375 0.0234375
4 0.24921875 0.25390625 0.00703125 0.021875
3 0.25703125 0.221875 0.01640625 0.04375
9 0.3328125 0.10703125 0.01796875 0.06328125
3 0.3375 0.06640625 0.0125 0.03203125
4 0.28671875 0.03359375 0.01015625 0.015625
4 0.2890625 0.01875 0.0125 0.00859375
4 0.290625 0.009375 0.0109375 0.009375
4 0.30859375 0.015625 0.00546875 0.02109375
6 0.64375 0.5078125 0.00546875 0.00859375
6 0.59375 0.53046875 0.0078125 0.015625
3 0.1109375 0.82734375 0.05234375 0.05078125
3 0.16875 0.84140625 0.0515625 0.0453125
3 0.23046875 0.85546875 0.05703125 0.0453125
4 0.29609375 0.91640625 0.0125 0.0359375
4 0.284375 0.95625 0.0125 0.03203125
4 0.29453125 0.95390625 0.009375 0.0359375
4 0.3046875 0.91796875 0.009375 0.0390625
4 0.31953125 0.91953125 0.01015625 0.03828125
4 0.31015625 0.95703125 0.0125 0.03046875
4 0.32265625 0.9609375 0.00703125 0.0234375
4 0.3359375 0.96171875 0.0078125 0.0203125
4 0.34765625 0.9609375 0.01015625 0.0234375
4 0.32890625 0.9265625 0.009375 0.03828125
4 0.33984375 0.921875 0.0078125 0.0359375
4 0.3515625 0.921875 0.00859375 0.03515625
4 0.42734375 0.94609375 0.00859375 0.040625
4 0.4390625 0.94921875 0.00625 0.03984375
4 0.44765625 0.9515625 0.0078125 0.0390625
4 0.46171875 0.95 0.01015625 0.040625
1 0.46875 0.94765625 0.01015625 0.03046875
1 0.45390625 0.94609375 0.00859375 0.03046875
3 0.50625 0.9546875 0.02734375 0.03515625