3 0.10234375 0.90078125 0.13515625 0.14296875
3 0.32890625 0.83046875 0.13671875 0.1484375
3 0.4015625 0.62578125 0.09609375 0.1015625
3 0.528125 0.57421875 0.09609375 0.08984375
3 0.6640625 0.6765625 0.11484375 0.103125
3 0.640625 0.51796875 0.08671875 0.0765625
3 0.03671875 0.33515625 0.07265625 0.06640625
3 0.71171875 0.11328125 0.0328125 0.03671875
3 0.6765625 0.20234375 0.03515625 0.0453125
3 0.5015625 0.18828125 0.03671875 0.03984375
3 0.16015625 0.19296875 0.04765625 0.04453125
3 0.2421875 0.1859375 0.0359375 0.0390625
3 0.61953125 0.11171875 0.02421875 0.025
6 0.06875 0.221875 0.01171875 0.03515625
6 0.0375 0.23671875 0.009375 0.03046875
6 0.0296875 0.23515625 0.01171875 0.03359375
6 0.015625 0.153125 0.0078125 0.02890625
6 0.09296875 0.08828125 0.00703125 0.02109375
3 0.0953125 0.0734375 0.01796875 0.02578125
3 0.059375 0.11796875 0.0109375 0.0234375
3 0.3078125 0.29921875 0.03515625 0.04921875
3 0.29453125 0.2765625 0.05703125 0.05078125
3 0.17734375 0.3015625 0.06953125 0.04453125
3 0.1796875 0.33125 0.06328125 0.04375
3 0.1796875 0.371875 0.07890625 0.06015625
3 0.71640625 0.4796875 0.025 0.05546875
4 0.06875 0.1390625 0.0109375 0.01875
9 0.20390625 0.703125 0.15703125 0.1515625
2 0.56484375 0.2 0.12734375 0.090625
2 0.40703125 0.29140625 0.165625 0.11953125
3 0.41484375 0.24765625 0.05078125 0.03203125
6 0.440625 0.17421875 0.00546875 0.03359375
9 0.6296875 0.15 0.06015625 0.0515625
3 0.56875 0.16953125 0.02578125 0.02578125
6 0.00546875 0.18046875 0.0109375 0.02890625
6 0.15703125 0.221875 0.0109375 0.03359375
7 0.1125 0.6890625 0.02734375 0.046875
1 0.1171875 0.696875 0.03203125 0.0609375
6 0.00625 0.43984375 0.0125 0.0484375
4 0.56875 0.1265625 0.01484375 0.0234375
4 0.55078125 0.125 0.00859375 0.01640625
7 0.54921875 0.1234375 0.00546875 0.01953125