9 0.3625 0.37734375 0.1140625 0.0578125
2 0.640625 0.39453125 0.0453125 0.046875
3 0.64140625 0.42265625 0.01875 0.01875
3 0.64140625 0.44375 0.01875 0.021875
3 0.625 0.4578125 0.01875 0.01875
3 0.62578125 0.4953125 0.01875 0.021875
3 0.64296875 0.4921875 0.01875 0.021875
3 0.6625 0.48203125 0.01875 0.01875
3 0.66640625 0.5140625 0.0171875 0.01875
9 0.68203125 0.52265625 0.040625 0.040625
2 0.67734375 0.46953125 0.025 0.025
2 0.6765625 0.440625 0.0421875 0.04375
2 0.6734375 0.4 0.04375 0.046875
3 0.67109375 0.25546875 0.015625 0.0171875
4 0.66484375 0.26171875 0.0109375 0.0109375
3 0.709375 0.33125 0.0203125 0.0125
3 0.70703125 0.34140625 0.0171875 0.0125
3 0.71953125 0.33828125 0.0140625 0.0109375
3 0.73046875 0.33515625 0.015625 0.0125
3 0.73984375 0.33515625 0.0140625 0.009375
10 0.740625 0.31015625 0.021875 0.0125
3 0.76328125 0.3171875 0.0140625 0.009375
3 0.7578125 0.30703125 0.0140625 0.0109375
3 0.8125 0.31796875 0.0140625 0.0078125