6 0.246875 0.15078125 0.059375 0.03125
6 0.2515625 0.14296875 0.05625 0.028125
3 0.47265625 0.01640625 0.0546875 0.0328125
3 0.484375 0.10859375 0.04375 0.04375
3 0.47890625 0.053125 0.04375 0.0515625
9 0.49765625 0.15703125 0.05 0.046875
3 0.61328125 0.0828125 0.01875 0.025
3 0.55703125 0.19765625 0.015625 0.0171875
3 0.53828125 0.23984375 0.015625 0.01875
3 0.53125 0.2546875 0.0140625 0.0171875
3 0.5296875 0.278125 0.0078125 0.009375
3 0.52578125 0.284375 0.0078125 0.0078125
3 0.49296875 0.1875 0.0328125 0.0328125
3 0.49609375 0.2140625 0.028125 0.028125
3 0.496875 0.2359375 0.0234375 0.021875
6 0.5171875 0.24375 0.015625 0.0078125
6 0.51640625 0.24765625 0.0125 0.0078125
6 0.5109375 0.25 0.0125 0.0078125
6 0.51328125 0.25234375 0.015625 0.0078125
6 0.5140625 0.2625 0.0140625 0.0078125
6 0.484375 0.30546875 0.015625 0.0078125
6 0.48125 0.290625 0.01875 0.0109375
0 0.45546875 0.278125 0.0265625 0.021875
0 0.478125 0.2875 0.01875 0.0171875
1 0.4421875 0.13515625 0.025 0.0171875
1 0.4421875 0.140625 0.025 0.0171875
1 0.4453125 0.1453125 0.025 0.0171875
1 0.4453125 0.14765625 0.025 0.0171875
1 0.446875 0.15234375 0.025 0.0171875
1 0.446875 0.15625 0.025 0.0171875
1 0.4484375 0.16171875 0.025 0.0171875
1 0.4484375 0.1671875 0.025 0.0171875
1 0.44765625 0.171875 0.025 0.0171875
1 0.45 0.17421875 0.025 0.0171875
1 0.4515625 0.178125 0.0203125 0.015625
1 0.45625 0.19296875 0.0203125 0.015625
1 0.4578125 0.20390625 0.0203125 0.015625
1 0.46015625 0.21171875 0.0203125 0.015625
1 0.46015625 0.21640625 0.0203125 0.015625
1 0.4625 0.22109375 0.0203125 0.015625
1 0.465625 0.23671875 0.0203125 0.015625
3 0.5 0.25625 0.0234375 0.021875
3 0.50078125 0.27109375 0.01875 0.0171875
3 0.5015625 0.29375 0.015625 0.015625
9 0.50234375 0.28515625 0.01875 0.0171875
3 0.49765625 0.3125 0.009375 0.0125
3 0.5046875 0.32578125 0.0125 0.0125
3 0.50703125 0.33359375 0.0125 0.0125
3 0.50859375 0.3390625 0.0109375 0.0109375
3 0.51015625 0.34375 0.0078125 0.009375
3 0.49921875 0.359375 0.0109375 0.009375
10 0.50703125 0.3625 0.0109375 0.009375
3 0.50234375 0.3515625 0.0109375 0.009375
3 0.50859375 0.3515625 0.0078125 0.0078125
3 0.51796875 0.3375 0.0125 0.0125
10 0.5203125 0.33671875 0.0125 0.0125
9 0.51796875 0.35 0.0125 0.0125
3 0.5125 0.36640625 0.0125 0.0125
10 0.5046875 0.40234375 0.0109375 0.009375
3 0.515625 0.4046875 0.00625 0.0046875
3 0.46796875 0.4046875 0.01875 0.01875
3 0.4578125 0.428125 0.0171875 0.01875
3 0.45546875 0.44296875 0.0109375 0.009375