3 0.3484375 0.209375 0.0375 0.034375
3 0.41171875 0.2859375 0.034375 0.025
3 0.41796875 0.253125 0.0359375 0.028125
3 0.51328125 0.3171875 0.0296875 0.0125
3 0.60234375 0.29375 0.0234375 0.0125
3 0.55703125 0.3125 0.025 0.0125
3 0.67109375 0.25859375 0.015625 0.009375
10 0.6609375 0.275 0.021875 0.0125
6 0.490625 0.21953125 0.015625 0.003125
6 0.490625 0.22421875 0.015625 0.00625
6 0.52578125 0.23125 0.015625 0.00625
3 0.62890625 0.34296875 0.01875 0.0125
3 0.62578125 0.3515625 0.015625 0.0125
3 0.659375 0.42734375 0.015625 0.009375
3 0.72578125 0.41328125 0.0140625 0.0125
3 0.78828125 0.34375 0.009375 0.009375
3 0.790625 0.35859375 0.0109375 0.009375
3 0.7890625 0.31875 0.009375 0.0125
3 0.78515625 0.32890625 0.009375 0.009375
3 0.6828125 0.446875 0.0125 0.015625
3 0.6875 0.44609375 0.0140625 0.015625
3 0.64453125 0.421875 0.0140625 0.009375
3 0.7328125 0.41796875 0.01875 0.0109375
3 0.73359375 0.42421875 0.015625 0.009375
3 0.73671875 0.4296875 0.01875 0.009375
3 0.74140625 0.43203125 0.015625 0.009375
3 0.74609375 0.43671875 0.015625 0.009375
3 0.74140625 0.409375 0.015625 0.0125
3 0.75078125 0.415625 0.01875 0.0125
3 0.75234375 0.42265625 0.015625 0.0125
3 0.75078125 0.4375 0.0140625 0.0140625
3 0.7609375 0.4171875 0.009375 0.009375
3 0.76171875 0.421875 0.0140625 0.009375
3 0.76484375 0.30546875 0.015625 0.00625
3 0.765625 0.3109375 0.0140625 0.00625
3 0.76796875 0.315625 0.015625 0.009375
3 0.76875 0.32109375 0.015625 0.009375
3 0.76875 0.32578125 0.0109375 0.0078125
3 0.76875 0.33203125 0.009375 0.0078125
3 0.76875 0.33671875 0.0125 0.0078125
3 0.7765625 0.34296875 0.0109375 0.009375
3 0.7734375 0.30625 0.0125 0.009375
3 0.771875 0.3109375 0.0140625 0.00625
3 0.77421875 0.31640625 0.0125 0.009375
3 0.7734375 0.32734375 0.0140625 0.009375
3 0.77578125 0.33203125 0.0109375 0.00625
3 0.79296875 0.35 0.0109375 0.009375
9 0.78671875 0.29765625 0.025 0.025
9 0.79609375 0.334375 0.01875 0.015625
9 0.80078125 0.3828125 0.01875 0.05
2 0.79921875 0.38203125 0.0234375 0.028125
2 0.6328125 0.29609375 0.03125 0.0109375
3 0.846875 0.6296875 0.009375 0.00625
3 0.83125 0.6453125 0.009375 0.00625
3 0.8203125 0.65546875 0.0109375 0.00625
3 0.803125 0.66796875 0.0140625 0.00625
3 0.8109375 0.6734375 0.0109375 0.0078125
3 0.71796875 0.659375 0.015625 0.009375
3 0.79375 0.675 0.015625 0.0078125
3 0.7734375 0.68515625 0.015625 0.0078125
3 0.78046875 0.69296875 0.015625 0.009375
3 0.7484375 0.69296875 0.0140625 0.009375
3 0.73125 0.6734375 0.015625 0.009375
3 0.67265625 0.70078125 0.015625 0.009375
3 0.6484375 0.671875 0.01875 0.0125
3 0.63125 0.6515625 0.021875 0.0125
3 0.56796875 0.70234375 0.028125 0.015625
3 0.6625 0.5828125 0.01875 0.015625
3 0.8765625 0.58984375 0.009375 0.00625
3 0.8890625 0.56640625 0.00625 0.00625
3 0.89765625 0.52890625 0.00625 0.00625
3 0.89609375 0.5421875 0.00625 0.00625
3 0.88984375 0.55546875 0.00625 0.00625
3 0.89609375 0.5609375 0.009375 0.00625
10 0.86328125 0.61640625 0.0125 0.0078125
9 0.7390625 0.709375 0.03125 0.0140625
9 0.90703125 0.509375 0.015625 0.0125
2 0.70703125 0.7140625 0.025 0.0125
3 0.4859375 0.70546875 0.0390625 0.015625
3 0.3703125 0.7015625 0.0515625 0.021875
3 0.2890625 0.6484375 0.034375 0.021875
4 0.6140625 0.6640625 0.0140625 0.00625
7 0.615625 0.6640625 0.0125 0.0046875
4 0.41875 0.42890625 0.0234375 0.0109375
7 0.4203125 0.428125 0.015625 0.00625
3 0.865625 0.515625 0.009375 0.003125
10 0.696875 0.45078125 0.015625 0.015625
3 0.7 0.4609375 0.0203125 0.015625
7 0.36640625 0.08984375 0.015625 0.009375