10 0.01875 0.39375 0.0375 0.171875
10 0.20546875 0.340625 0.2109375 0.103125
10 0.08125 0.4265625 0.1625 0.16875
6 0.05390625 0.60625 0.08125 0.0390625
3 0.16796875 0.45703125 0.15625 0.1625
3 0.24609375 0.47734375 0.128125 0.1484375
3 0.4421875 0.41875 0.13125 0.06875
9 0.4125 0.50390625 0.1125 0.1265625
10 0.46875 0.52265625 0.0984375 0.1015625
3 0.5046875 0.53125 0.0859375 0.1109375
3 0.5515625 0.5359375 0.0796875 0.1015625
6 0.5859375 0.521875 0.0453125 0.021875
10 0.60390625 0.53984375 0.10625 0.1140625
3 0.62265625 0.540625 0.0671875 0.0890625
3 0.6484375 0.55546875 0.0671875 0.0828125
3 0.67734375 0.5640625 0.0625 0.0796875
3 0.7046875 0.56953125 0.0640625 0.0765625
3 0.721875 0.58125 0.0609375 0.0765625
10 0.75078125 0.58515625 0.053125 0.0578125
3 0.76328125 0.55390625 0.0546875 0.065625
3 0.775 0.58984375 0.0546875 0.06875
10 0.80390625 0.5859375 0.05625 0.0671875
0 0.74765625 0.6625 0.0703125 0.028125
10 0.84296875 0.57265625 0.0546875 0.053125
10 0.853125 0.58828125 0.0484375 0.05625
10 0.86328125 0.603125 0.059375 0.0640625
3 0.8859375 0.6125 0.0421875 0.0515625
3 0.9015625 0.59609375 0.034375 0.0453125
10 0.91796875 0.58046875 0.03125 0.0375
10 0.9046875 0.56171875 0.0484375 0.0390625
10 0.88515625 0.56796875 0.040625 0.040625
10 0.8671875 0.546875 0.0546875 0.03125
3 0.809375 0.5265625 0.0515625 0.0359375
6 0.934375 0.57421875 0.0203125 0.009375
6 0.934375 0.59765625 0.0234375 0.0109375
6 0.93515625 0.62578125 0.03125 0.0109375
6 0.9296875 0.61953125 0.01875 0.00625
6 0.9671875 0.56640625 0.025 0.009375
6 0.971875 0.55390625 0.028125 0.0109375
6 0.93359375 0.55390625 0.0265625 0.009375
6 0.93359375 0.5546875 0.0265625 0.009375
6 0.9625 0.48828125 0.028125 0.0109375
6 0.95625 0.48203125 0.028125 0.0109375
1 0.93125 0.48828125 0.021875 0.01875
3 0.92578125 0.4671875 0.0390625 0.0515625
3 0.903125 0.4625 0.0421875 0.0515625
4 0.890625 0.46015625 0.0265625 0.01875
4 0.91015625 0.4421875 0.021875 0.01875
10 0.8078125 0.4765625 0.059375 0.034375
3 0.76953125 0.428125 0.06875 0.0484375
3 0.83984375 0.41953125 0.0515625 0.053125
10 0.83125 0.40625 0.0515625 0.059375
3 0.8125 0.39296875 0.04375 0.0640625
3 0.78984375 0.38671875 0.0578125 0.0734375
1 0.7734375 0.37265625 0.03125 0.0234375
4 0.7765625 0.34921875 0.0375 0.03125
10 0.1546875 0.02109375 0.15625 0.0421875
3 0.25546875 0.0421875 0.1265625 0.084375
3 0.33359375 0.0890625 0.1265625 0.159375
1 0.34140625 0.00859375 0.0765625 0.0171875
4 0.43671875 0.07578125 0.0671875 0.05625
8 0.41171875 0.09921875 0.0546875 0.0453125
3 0.4484375 0.18515625 0.1078125 0.140625
3 0.51484375 0.196875 0.0921875 0.1234375
3 0.59375 0.2515625 0.0921875 0.1125
6 0.5875 0.3328125 0.065625 0.0265625
3 0.62578125 0.28828125 0.078125 0.1
8 0.6515625 0.2703125 0.0515625 0.059375
4 0.690625 0.2765625 0.0359375 0.01875
10 0.68828125 0.3265625 0.078125 0.084375
10 0.725 0.33671875 0.084375 0.0921875