3 0.2015625 0.5375 0.0484375 0.0765625
3 0.36015625 0.29453125 0.034375 0.0484375
3 0.43046875 0.17578125 0.0203125 0.0328125
3 0.46015625 0.18515625 0.034375 0.0375
3 0.31796875 0.1265625 0.0390625 0.0359375
3 0.60078125 0.3015625 0.0359375 0.03125
10 0.52109375 0.26015625 0.04375 0.0421875
10 0.48125 0.22734375 0.0359375 0.0390625
10 0.37890625 0.346875 0.0328125 0.0484375
10 0.62109375 0.221875 0.0359375 0.034375
10 0.7625 0.43125 0.0359375 0.034375
3 0.71796875 0.40859375 0.0375 0.0390625
3 0.76171875 0.31328125 0.0359375 0.034375
3 0.76328125 0.29609375 0.034375 0.03125
3 0.740625 0.2703125 0.034375 0.03125
3 0.66796875 0.22421875 0.034375 0.03125
3 0.62734375 0.2046875 0.0328125 0.0296875
3 0.6484375 0.27578125 0.034375 0.03125
3 0.6859375 0.27109375 0.034375 0.03125
3 0.7296875 0.28359375 0.034375 0.03125
3 0.70390625 0.25546875 0.034375 0.0296875
3 0.7015625 0.23515625 0.0328125 0.028125
3 0.66328125 0.240625 0.0359375 0.034375
3 0.62265625 0.24453125 0.034375 0.0328125
3 0.57890625 0.24921875 0.0390625 0.0359375
3 0.5875 0.2296875 0.0375 0.0359375
3 0.5828125 0.2109375 0.03125 0.0296875
9 0.5921875 0.19296875 0.0453125 0.040625
10 0.12578125 0.5515625 0.046875 0.071875
3 0.19921875 0.15703125 0.0390625 0.0359375
3 0.19453125 0.17578125 0.0390625 0.0390625
3 0.165625 0.1390625 0.040625 0.034375
3 0.14609375 0.16015625 0.0421875 0.040625
10 0.128125 0.12109375 0.0296875 0.0359375
9 0.42109375 0.028125 0.0421875 0.05625
9 0.371875 0.0421875 0.046875 0.0484375
2 0.496875 0.00625 0.034375 0.0125
9 0.26328125 0.0203125 0.0484375 0.040625
1 0.26875 0.04375 0.015625 0.015625
1 0.3171875 0.06171875 0.015625 0.0140625
6 0.30390625 0.1515625 0.0109375 0.01875
6 0.39375 0.04609375 0.0109375 0.01875
6 0.4 0.04375 0.009375 0.015625
6 0.5390625 0.009375 0.009375 0.015625
6 0.534375 0.0125 0.009375 0.015625
6 0.50234375 0.06640625 0.009375 0.015625
6 0.503125 0.0765625 0.0078125 0.0140625
6 0.5046875 0.071875 0.0078125 0.0125
7 0.4453125 0.10078125 0.0109375 0.015625
7 0.34296875 0.28046875 0.009375 0.015625
1 0.44453125 0.10390625 0.0109375 0.0109375
4 0.3421875 0.284375 0.0171875 0.01875
1 0.33203125 0.5796875 0.0125 0.025
7 0.3328125 0.5796875 0.0125 0.0171875
6 0.421875 0.4625 0.0109375 0.01875
6 0.5578125 0.35078125 0.0125 0.0171875
6 0.6171875 0.4265625 0.0125 0.0203125
6 0.61875 0.4171875 0.0125 0.0203125
6 0.60546875 0.40234375 0.0171875 0.021875
6 0.53515625 0.32578125 0.0125 0.0171875
6 0.528125 0.20234375 0.009375 0.0140625
6 0.5328125 0.178125 0.0125 0.0171875
6 0.5140625 0.17109375 0.009375 0.015625
6 0.515625 0.1703125 0.009375 0.015625
6 0.525 0.11484375 0.009375 0.015625
6 0.51796875 0.10859375 0.0078125 0.0140625
3 0.53828125 0.1 0.0296875 0.0296875
9 0.5609375 0.00390625 0.028125 0.0078125
6 0.6875 0.1875 0.009375 0.015625
6 0.725 0.45234375 0.0140625 0.0203125
6 0.69921875 0.44921875 0.015625 0.0203125
6 0.65703125 0.39609375 0.0109375 0.0140625
6 0.77734375 0.2375 0.009375 0.0125
3 0.8 0.31015625 0.0328125 0.028125
3 0.78203125 0.284375 0.0328125 0.028125
3 0.81953125 0.28125 0.0328125 0.028125
10 0.82734375 0.29921875 0.0203125 0.0265625
7 0.840625 0.2703125 0.0109375 0.015625
4 0.83828125 0.27265625 0.0140625 0.0140625