3 0.278125 0.86953125 0.11015625 0.2046875
3 0.05 0.8234375 0.1 0.14375
3 0.08671875 0.746875 0.1234375 0.13203125
3 0.17421875 0.65 0.10078125 0.09609375
3 0.41796875 0.715625 0.0578125 0.128125
3 0.28359375 0.58671875 0.08125 0.06796875
3 0.27109375 0.54921875 0.08046875 0.05390625
3 0.30703125 0.496875 0.07109375 0.05078125
3 0.4046875 0.58359375 0.05546875 0.103125
3 0.46171875 0.57109375 0.04140625 0.0734375
3 0.58828125 0.578125 0.05 0.07890625
3 0.6296875 0.528125 0.07265625 0.05390625
3 0.63046875 0.50234375 0.075 0.0546875
3 0.6203125 0.47890625 0.0703125 0.04375
3 0.603125 0.46484375 0.0734375 0.0515625
3 0.60703125 0.4421875 0.07109375 0.04375
3 0.4796875 0.49765625 0.03359375 0.0640625
10 0.43125 0.51328125 0.03359375 0.07578125
3 0.4375 0.46875 0.03359375 0.05
3 0.45234375 0.41875 0.02265625 0.04921875
3 0.48203125 0.4125 0.02421875 0.04375
3 0.3890625 0.44375 0.03125 0.05546875
3 0.45859375 0.35625 0.02109375 0.02890625
3 0.4640625 0.31171875 0.0171875 0.02890625
3 0.396875 0.41640625 0.02421875 0.034375
3 0.40390625 0.3890625 0.02109375 0.03515625
10 0.4125 0.36171875 0.0171875 0.04140625
3 0.4203125 0.33828125 0.0171875 0.03359375
6 0.4328125 0.3375 0.00625 0.01953125
6 0.43984375 0.3390625 0.00703125 0.0234375
3 0.58046875 0.40078125 0.05703125 0.03203125
3 0.5734375 0.38984375 0.05 0.03515625
3 0.56015625 0.3578125 0.046875 0.03046875
3 0.55 0.346875 0.0421875 0.02890625
3 0.54296875 0.32421875 0.03359375 0.0265625
3 0.5328125 0.31171875 0.0296875 0.0265625
3 0.52578125 0.30703125 0.02890625 0.028125
3 0.4828125 0.296875 0.01640625 0.01875
3 0.43203125 0.290625 0.0140625 0.025
3 0.46953125 0.28359375 0.01171875 0.01796875
10 0.55390625 0.91171875 0.06953125 0.1203125