3 0.29296875 0.78828125 0.01875 0.0375
3 0.38515625 0.7171875 0.021875 0.0359375
3 0.3578125 0.659375 0.0203125 0.0359375
3 0.37578125 0.65703125 0.0203125 0.0390625
3 0.3921875 0.65390625 0.01875 0.0328125
3 0.3875 0.74609375 0.0203125 0.0359375
3 0.4296875 0.7234375 0.021875 0.0203125
3 0.4359375 0.68828125 0.021875 0.0203125
10 0.31328125 0.78203125 0.01875 0.0328125
4 0.30546875 0.88671875 0.009375 0.01875
4 0.325 0.84453125 0.009375 0.015625
4 0.2953125 0.9484375 0.0078125 0.015625
4 0.31328125 0.890625 0.00625 0.0125
4 0.284375 0.67109375 0.009375 0.015625
4 0.25234375 0.678125 0.0078125 0.0140625
7 0.31328125 0.89140625 0.0046875 0.00625
7 0.25234375 0.6765625 0.0078125 0.0109375
6 0.2703125 0.74140625 0.00625 0.009375
6 0.3 0.52890625 0.00625 0.0125
3 0.31328125 0.4140625 0.01875 0.0375
3 0.325 0.37890625 0.0171875 0.0359375
4 0.29296875 0.4328125 0.009375 0.0109375
4 0.28515625 0.42421875 0.0078125 0.0078125
4 0.27578125 0.4203125 0.0109375 0.0109375
4 0.29765625 0.4109375 0.009375 0.0109375
4 0.41171875 0.17265625 0.0078125 0.015625
3 0.2078125 0.4015625 0.0265625 0.025
10 0.27578125 0.25546875 0.0234375 0.0234375
3 0.2703125 0.2765625 0.021875 0.0203125
6 0.45234375 0.1234375 0.00625 0.009375
3 0.53515625 0.4328125 0.025 0.0265625
3 0.5421875 0.40546875 0.028125 0.0390625