3 0.70078125 0.309375 0.05703125 0.146875
3 0.71015625 0.64140625 0.03828125 0.1734375
3 0.5375 0.30703125 0.09765625 0.12109375
10 0.55703125 0.21015625 0.090625 0.1015625
10 0.615625 0.01875 0.06796875 0.03671875
3 0.5890625 0.11328125 0.08046875 0.08984375
0 0.446875 0.46015625 0.06015625 0.06875
6 0.471875 0.134375 0.01796875 0.065625
6 0.48828125 0.784375 0.015625 0.03125
6 0.48828125 0.85 0.015625 0.04453125
6 0.4765625 0.88828125 0.02421875 0.028125
6 0.234375 0.59140625 0.02265625 0.0359375
6 0.24375 0.38359375 0.02265625 0.04296875
6 0.25859375 0.3609375 0.01484375 0.05078125
6 0.4625 0.10390625 0.01015625 0.0609375
1 0.33046875 0.30390625 0.02265625 0.04609375
8 0.359375 0.7734375 0.06328125 0.11171875
7 0.38125 0.75625 0.015625 0.03125
6 0.27734375 0.771875 0.01796875 0.0265625
7 0.45234375 0.7734375 0.01640625 0.03203125
8 0.44453125 0.796875 0.05546875 0.10625
8 0.4125 0.59765625 0.05390625 0.07890625