6 0.32890625 0.8265625 0.009375 0.01875
6 0.32265625 0.8140625 0.0078125 0.01640625
6 0.3203125 0.8109375 0.00859375 0.01953125
6 0.3265625 0.7703125 0.0078125 0.01484375
7 0.38984375 0.7046875 0.00546875 0.00703125
0 0.39375 0.7125 0.0125 0.025
3 0.27265625 0.95546875 0.01953125 0.034375
3 0.3578125 0.846875 0.02109375 0.0546875
3 0.3265625 0.93828125 0.02578125 0.06875
3 0.3203125 0.87421875 0.0203125 0.05546875
3 0.37265625 0.740625 0.01953125 0.04375
3 0.31171875 0.81875 0.01875 0.04921875
3 0.2890625 0.8328125 0.0171875 0.046875
3 0.25390625 0.85546875 0.0140625 0.04140625
3 0.3046875 0.78125 0.01484375 0.03671875
3 0.3 0.74375 0.0125 0.03359375
3 0.2859375 0.74921875 0.01171875 0.02890625
3 0.340625 0.68203125 0.0140625 0.02890625
2 0.353125 0.6375 0.02578125 0.04140625
3 0.31875 0.67421875 0.01171875 0.02578125
2 0.25390625 0.73984375 0.01796875 0.05546875
3 0.26640625 0.69375 0.00859375 0.0203125
3 0.2890625 0.6484375 0.009375 0.02109375
3 0.309375 0.59609375 0.00859375 0.01640625
3 0.2984375 0.525 0.0046875 0.00703125
3 0.29453125 0.51640625 0.00390625 0.00703125
3 0.29140625 0.509375 0.003125 0.00625
3 0.28203125 0.51171875 0.003125 0.00625
3 0.278125 0.48984375 0.00234375 0.00390625
3 0.2734375 0.48359375 0.00234375 0.003125
3 0.27421875 0.47890625 0.0015625 0.003125
3 0.2625 0.4921875 0.00234375 0.003125
3 0.2578125 0.50078125 0.00234375 0.003125
3 0.26328125 0.496875 0.0015625 0.003125
3 0.259375 0.5078125 0.00234375 0.003125
3 0.25859375 0.51015625 0.00234375 0.0015625
3 0.265625 0.50234375 0.00234375 0.0046875
3 0.271875 0.50703125 0.00234375 0.00390625
3 0.26875 0.515625 0.00234375 0.0046875
3 0.2734375 0.5203125 0.003125 0.00546875
3 0.26875 0.52421875 0.00234375 0.0046875
3 0.265625 0.52421875 0.00234375 0.00546875
3 0.2625 0.5296875 0.00234375 0.00546875
3 0.25703125 0.54140625 0.003125 0.00703125
3 0.25390625 0.565625 0.00390625 0.00859375
3 0.209375 0.64296875 0.00859375 0.01640625
3 0.221875 0.65859375 0.01015625 0.015625
2 0.14453125 0.74921875 0.01171875 0.01953125
3 0.15 0.7453125 0.00703125 0.0109375
3 0.1390625 0.759375 0.00703125 0.01171875
3 0.1359375 0.76171875 0.00546875 0.01328125
6 0.52421875 0.31953125 0.00546875 0.01328125