3 0.9890625 0.62890625 0.021875 0.0296875
3 0.984375 0.6109375 0.025 0.0203125
10 0.90078125 0.721875 0.028125 0.0296875
3 0.940625 0.41484375 0.028125 0.0234375
3 0.85 0.42578125 0.0234375 0.0390625
10 0.825 0.42421875 0.0265625 0.021875
3 0.80625 0.44453125 0.021875 0.0328125
3 0.765625 0.45703125 0.0265625 0.021875
3 0.7515625 0.41875 0.025 0.021875
3 0.7875 0.40546875 0.0203125 0.0359375
3 0.7609375 0.3328125 0.021875 0.0375
3 0.74296875 0.40078125 0.025 0.021875
3 0.73828125 0.3828125 0.0265625 0.021875
3 0.7296875 0.365625 0.0265625 0.021875
3 0.7171875 0.33359375 0.0234375 0.021875
3 0.70859375 0.3125 0.0234375 0.021875
3 0.678125 0.24765625 0.0265625 0.025
3 0.671875 0.22734375 0.0234375 0.021875
10 0.65390625 0.18984375 0.0234375 0.0234375
9 0.646875 0.16953125 0.028125 0.028125
9 0.63046875 0.1328125 0.025 0.025
9 0.590625 0.13671875 0.028125 0.046875
3 0.64140625 0.27109375 0.0203125 0.0359375
3 0.62109375 0.2203125 0.021875 0.0390625
9 0.6109375 0.1875 0.01875 0.03125
3 0.659375 0.31484375 0.021875 0.0375
10 0.55078125 0.034375 0.01875 0.03125
3 0.5703125 0.00546875 0.025 0.0109375
3 0.61484375 0.0203125 0.028125 0.028125
3 0.53515625 0.00390625 0.0171875 0.0078125
10 0.48984375 0.21328125 0.0234375 0.040625
3 0.48046875 0.22890625 0.0203125 0.0359375
3 0.47265625 0.2421875 0.0203125 0.034375
3 0.43515625 0.0421875 0.0296875 0.0328125
3 0.48984375 0.309375 0.025 0.0375
3 0.52109375 0.40234375 0.021875 0.0375
3 0.51328125 0.4234375 0.025 0.0265625
3 0.56796875 0.396875 0.0203125 0.0359375
3 0.5875 0.43046875 0.0296875 0.0328125
9 0.55390625 0.49140625 0.0234375 0.040625
3 0.5703125 0.5296875 0.0234375 0.0390625
3 0.603125 0.53359375 0.025 0.0375
3 0.61796875 0.59296875 0.021875 0.0375
3 0.59921875 0.6546875 0.025 0.0265625
3 0.71875 0.61015625 0.025 0.021875
9 0.6671875 0.65390625 0.08125 0.0609375
3 0.39453125 0.665625 0.025 0.0375
3 0.6109375 0.78515625 0.025 0.025
3 0.56953125 0.74296875 0.025 0.025
4 0.9359375 0.5578125 0.0109375 0.0109375
4 0.90703125 0.57265625 0.0109375 0.009375
4 0.92109375 0.60078125 0.0078125 0.0078125
4 0.8640625 0.6140625 0.0125 0.0125
4 0.828125 0.51953125 0.0125 0.0125
4 0.78828125 0.540625 0.0125 0.015625
4 0.709375 0.71484375 0.0125 0.0203125
4 0.73203125 0.5671875 0.0125 0.0125
4 0.65390625 0.5875 0.0109375 0.0109375
4 0.59375 0.5640625 0.0078125 0.015625
4 0.61875 0.61953125 0.0109375 0.015625
4 0.61875 0.63515625 0.0078125 0.0078125
4 0.57265625 0.66328125 0.009375 0.0109375
4 0.59453125 0.625 0.0078125 0.015625
4 0.5828125 0.58046875 0.009375 0.015625
4 0.559375 0.5671875 0.0125 0.0140625
4 0.48203125 0.71015625 0.0109375 0.009375
4 0.43515625 0.73203125 0.0109375 0.0109375
4 0.4140625 0.74453125 0.009375 0.0109375
3 0.39140625 0.73203125 0.0265625 0.021875
3 0.36875 0.7421875 0.025 0.025
4 0.45390625 0.13671875 0.009375 0.015625
4 0.44375 0.1484375 0.009375 0.01875
4 0.4234375 0.06171875 0.0078125 0.0125
4 0.4140625 0.11875 0.0125 0.0125
4 0.6640625 0.3 0.0078125 0.015625
4 0.75 0.49296875 0.0109375 0.015625
4 0.8109375 0.5046875 0.0109375 0.0109375
6 0.98984375 0.55703125 0.009375 0.0109375
6 0.87109375 0.63984375 0.009375 0.0109375
6 0.71875 0.3015625 0.00625 0.00625