2 0.421875 0.35546875 0.07109375 0.06953125
3 0.51953125 0.39296875 0.04609375 0.046875
2 0.578125 0.0640625 0.06953125 0.11640625
3 0.46640625 0.4140625 0.04296875 0.0484375
3 0.4203125 0.434375 0.03671875 0.04375
10 0.36875 0.4515625 0.046875 0.05078125
3 0.271875 0.4859375 0.0484375 0.05
10 0.3109375 0.4015625 0.03203125 0.07421875
2 0.1859375 0.51953125 0.08671875 0.090625
9 0.071875 0.57109375 0.07265625 0.0859375
3 0.203125 0.1953125 0.0265625 0.05390625
9 0.17265625 0.20703125 0.02421875 0.0765625
3 0.146875 0.221875 0.01796875 0.06015625
10 0.01015625 0.60625 0.01875 0.04921875
6 0.25703125 0.4140625 0.009375 0.01875
6 0.24140625 0.421875 0.00859375 0.01328125
6 0.2375 0.43671875 0.01015625 0.0234375
6 0.22421875 0.41640625 0.00703125 0.015625
6 0.22421875 0.43203125 0.00859375 0.01640625
6 0.28046875 0.23125 0.01015625 0.0234375
4 0.49609375 0.3265625 0.01171875 0.0390625
4 0.5046875 0.32578125 0.01015625 0.03828125
4 0.5109375 0.321875 0.0109375 0.03984375
4 0.51796875 0.31953125 0.0109375 0.03984375
4 0.52890625 0.31328125 0.01171875 0.04140625
4 0.53671875 0.31484375 0.009375 0.03359375
4 0.54453125 0.31328125 0.01015625 0.02578125
4 0.553125 0.30703125 0.01171875 0.03984375
4 0.56015625 0.3015625 0.01015625 0.03515625
4 0.56796875 0.2984375 0.01171875 0.03515625
6 0.66875 0.50859375 0.0140625 0.02578125
6 0.659375 0.6921875 0.01015625 0.02109375
6 0.68046875 0.70859375 0.00859375 0.0203125
6 0.684375 0.72421875 0.01015625 0.00859375
6 0.03515625 0.51015625 0.01484375 0.01875
6 0.03515625 0.49609375 0.01484375 0.01796875
6 0.63046875 0.096875 0.00859375 0.0265625