2 0.24375 0.14609375 0.0359375 0.05390625
10 0.1484375 0.29375 0.04765625 0.06328125
3 0.49609375 0.9921875 0.0953125 0.015625
3 0.66484375 0.84609375 0.08515625 0.225
3 0.31328125 0.840625 0.07890625 0.18203125
3 0.3546875 0.6640625 0.07265625 0.134375
3 0.38046875 0.56953125 0.05546875 0.096875
3 0.41171875 0.43671875 0.03984375 0.0703125
3 0.4234375 0.3859375 0.03359375 0.05703125
3 0.4328125 0.3484375 0.0328125 0.05
3 0.44296875 0.31328125 0.02890625 0.04453125
3 0.44765625 0.2890625 0.025 0.0390625
3 0.45078125 0.2640625 0.02265625 0.04609375
3 0.4578125 0.24453125 0.02265625 0.03359375
10 0.4609375 0.2234375 0.01953125 0.0390625
3 0.46640625 0.215625 0.01796875 0.02890625
2 0.5265625 0.10625 0.01484375 0.040625
6 0.54609375 0.13828125 0.00390625 0.0203125
6 0.55625 0.13515625 0.00390625 0.01640625
3 0.49609375 0.11875 0.01171875 0.015625
3 0.50625 0.1109375 0.01015625 0.015625
3 0.4921875 0.11171875 0.00859375 0.01328125
3 0.49296875 0.103125 0.0078125 0.01171875
10 0.4953125 0.09921875 0.00859375 0.015625
7 0.47421875 0.1609375 0.00546875 0.015625
7 0.47109375 0.1546875 0.00625 0.01484375
4 0.48046875 0.15546875 0.01171875 0.01328125
6 0.48359375 0.13671875 0.003125 0.01875
6 0.478125 0.13359375 0.003125 0.015625
6 0.47265625 0.13828125 0.00234375 0.01796875
6 0.475 0.14140625 0.00390625 0.01875
6 0.50546875 0.08828125 0.00234375 0.01171875
6 0.50234375 0.09375 0.003125 0.0140625
6 0.50859375 0.08828125 0.00234375 0.01171875
6 0.5125 0.0890625 0.003125 0.01484375
6 0.49375 0.0796875 0.00234375 0.0109375
3 0.4609375 0.11484375 0.01015625 0.01484375
6 0.47265625 0.11796875 0.00390625 0.01640625
3 0.471875 0.08671875 0.0125 0.01171875
3 0.5 0.07890625 0.0078125 0.00703125
3 0.5 0.0765625 0.0078125 0.009375
3 0.50078125 0.07578125 0.00703125 0.009375
3 0.5015625 0.07578125 0.00625 0.01015625
3 0.50234375 0.0734375 0.00546875 0.00703125
3 0.503125 0.06875 0.00546875 0.01015625
3 0.50546875 0.065625 0.00546875 0.01015625
3 0.51953125 0.07578125 0.00546875 0.01015625
7 0.52265625 0.07890625 0.00390625 0.00703125
4 0.5234375 0.084375 0.00390625 0.00703125
3 0.5125 0.07578125 0.00703125 0.009375
3 0.51171875 0.071875 0.00703125 0.009375
10 0.5125 0.0671875 0.00703125 0.00859375
3 0.5109375 0.059375 0.00625 0.00859375
3 0.51484375 0.0578125 0.00625 0.00859375
10 0.51796875 0.05546875 0.00625 0.01171875
3 0.5203125 0.053125 0.00546875 0.00859375
3 0.52265625 0.053125 0.00390625 0.00546875
3 0.5265625 0.0515625 0.0046875 0.00625
3 0.52890625 0.05078125 0.00390625 0.00859375
3 0.53046875 0.04921875 0.00390625 0.00546875
3 0.5328125 0.04765625 0.0046875 0.00625
3 0.5375 0.046875 0.0046875 0.00703125
3 0.53984375 0.05390625 0.00546875 0.00703125
6 0.48671875 0.09296875 0.00234375 0.0140625
3 0.5078125 0.0390625 0.0078125 0.00703125
3 0.28359375 0.11875 0.01171875 0.01796875
3 0.98515625 0.49140625 0.0296875 0.04765625
6 0.99453125 0.4546875 0.0109375 0.040625
6 0.93359375 0.4546875 0.01328125 0.04453125
6 0.9328125 0.44921875 0.01328125 0.0609375
7 0.91171875 0.46328125 0.0140625 0.0265625
3 0.91796875 0.43125 0.04140625 0.06015625
7 0.8765625 0.4140625 0.0109375 0.04921875
1 0.87109375 0.4234375 0.0140625 0.0359375
3 0.79375 0.440625 0.05859375 0.0640625
6 0.83828125 0.37421875 0.01171875 0.05
7 0.8109375 0.32890625 0.00859375 0.03203125
8 0.80703125 0.34296875 0.03046875 0.03359375
3 0.8171875 0.31875 0.03984375 0.040625
3 0.790625 0.28671875 0.03359375 0.03515625
3 0.771875 0.26640625 0.03359375 0.03203125
1 0.75859375 0.2203125 0.01328125 0.021875
10 0.99921875 0.2765625 0.0015625 0.04375
6 0.86953125 0.20078125 0.00625 0.02890625
3 0.865625 0.15625 0.03359375 0.0203125
9 0.9046875 0.1953125 0.03203125 0.05390625
3 0.85234375 0.21875 0.0359375 0.02109375
3 0.84609375 0.21328125 0.03046875 0.025
3 0.840625 0.20703125 0.0296875 0.02421875
3 0.8296875 0.2 0.02578125 0.0203125
3 0.8109375 0.16328125 0.03203125 0.02109375
3 0.8078125 0.1578125 0.02578125 0.015625
3 0.79921875 0.1515625 0.02265625 0.01796875
3 0.77890625 0.11953125 0.02265625 0.0109375
3 0.78125 0.12890625 0.0203125 0.01015625
3 0.7859375 0.13828125 0.02109375 0.01796875
9 0.71484375 0.1234375 0.05625 0.028125
3 0.68828125 0.11171875 0.01015625 0.01875
7 0.6890625 0.228125 0.00703125 0.0234375
4 0.6890625 0.23671875 0.01015625 0.02109375
7 0.69453125 0.2015625 0.0046875 0.01484375
4 0.69375 0.21171875 0.00546875 0.01484375
6 0.68125 0.18125 0.00390625 0.01953125
6 0.68203125 0.1796875 0.00546875 0.021875
3 0.6921875 0.178125 0.01875 0.025
6 0.72578125 0.18671875 0.00546875 0.02578125
10 0.67421875 0.10546875 0.009375 0.0265625
3 0.65234375 0.13671875 0.01328125 0.0203125
8 0.653125 0.146875 0.00625 0.01328125
3 0.62578125 0.15703125 0.015625 0.01953125
7 0.603125 0.1546875 0.0046875 0.009375
5 0.603125 0.16015625 0.0078125 0.0109375
6 0.5921875 0.15703125 0.0046875 0.01953125
3 0.62890625 0.1359375 0.01171875 0.01875
3 0.6390625 0.1265625 0.01484375 0.01484375
3 0.66171875 0.109375 0.0109375 0.01640625
9 0.64921875 0.10625 0.00859375 0.02109375
6 0.6546875 0.11328125 0.00390625 0.01484375
6 0.66171875 0.11328125 0.00390625 0.015625
6 0.61875 0.1109375 0.0046875 0.01640625
6 0.6125 0.1109375 0.003125 0.0140625
6 0.60859375 0.1125 0.00390625 0.0140625
3 0.628125 0.10859375 0.00703125 0.0109375
3 0.61796875 0.09921875 0.009375 0.01171875
3 0.58203125 0.10546875 0.0078125 0.01640625
2 0.571875 0.08359375 0.01328125 0.0296875
9 0.61796875 0.09140625 0.0109375 0.0234375
10 0.609375 0.08671875 0.00703125 0.01484375
3 0.60390625 0.08203125 0.00546875 0.0109375
7 0.6015625 0.09453125 0.00234375 0.00703125
1 0.6015625 0.09921875 0.00234375 0.00625
6 0.59765625 0.08671875 0.00234375 0.01171875
10 0.59296875 0.078125 0.00625 0.01328125
10 0.57734375 0.06171875 0.0046875 0.00859375
10 0.5859375 0.0640625 0.0046875 0.0109375