3 0.6015625 0.06484375 0.059375 0.0625
3 0.64921875 0.284375 0.0734375 0.071875
3 0.5671875 0.43515625 0.0921875 0.053125
3 0.4078125 0.5546875 0.078125 0.059375
3 0.4484375 0.6421875 0.0765625 0.05625
6 0.75546875 0.559375 0.0265625 0.015625
6 0.803125 0.3359375 0.0203125 0.0109375
6 0.79375 0.33984375 0.0171875 0.0140625
1 0.23046875 0.3609375 0.01875 0.0171875
6 0.22421875 0.35859375 0.021875 0.0125
10 0.24296875 0.5078125 0.0640625 0.05
3 0.18125 0.19765625 0.04375 0.0265625
3 0.1265625 0.2375 0.0375 0.025
3 0.08515625 0.225 0.0375 0.021875