3 0.09921875 0.70234375 0.075 0.075
3 0.3234375 0.69375 0.075 0.075
6 0.41796875 0.5703125 0.015625 0.0234375
0 0.52734375 0.684375 0.046875 0.0578125
3 0.45390625 0.47421875 0.0453125 0.06875
10 0.46484375 0.40546875 0.0453125 0.0703125
3 0.48203125 0.3203125 0.0390625 0.059375
3 0.53046875 0.1484375 0.0234375 0.0390625
3 0.5640625 0.14375 0.028125 0.0390625
3 0.57421875 0.0765625 0.025 0.034375
1 0.040625 0.5859375 0.0234375 0.028125
6 0.07109375 0.54453125 0.0171875 0.0265625
4 0.2484375 0.5390625 0.0140625 0.025
4 0.8828125 0.53359375 0.0171875 0.028125
4 0.82265625 0.52578125 0.0078125 0.015625
4 0.815625 0.52265625 0.0109375 0.0171875
4 0.80859375 0.525 0.0125 0.021875
4 0.79921875 0.528125 0.0140625 0.0234375
4 0.79296875 0.52578125 0.0140625 0.021875
4 0.7140625 0.52734375 0.0125 0.0203125
4 0.70703125 0.52578125 0.0125 0.0203125
4 0.68359375 0.53203125 0.0140625 0.0234375
4 0.67421875 0.5265625 0.015625 0.0234375
4 0.64921875 0.52890625 0.0125 0.0234375
4 0.64296875 0.52578125 0.0125 0.0203125
4 0.63515625 0.52890625 0.0125 0.0203125
4 0.62109375 0.53125 0.015625 0.0265625
4 0.5671875 0.53125 0.0140625 0.025
4 0.55625 0.53359375 0.0140625 0.025
4 0.54140625 0.5328125 0.0125 0.0296875
4 0.5328125 0.53046875 0.0125 0.0265625
4 0.52421875 0.52890625 0.015625 0.028125
0 0.50625 0.91796875 0.05 0.05625
3 0.52265625 0.9625 0.0828125 0.075
0 0.55859375 0.89921875 0.04375 0.0546875
9 0.590625 0.953125 0.0578125 0.0625
3 0.59140625 0.98359375 0.0828125 0.0328125
4 0.834375 0.95078125 0.034375 0.0375