2 0.20859375 0.575 0.0578125 0.0765625
10 0.840625 0.159375 0.09375 0.1171875
3 0.7078125 0.25703125 0.0796875 0.0984375
6 0.784375 0.240625 0.0171875 0.0359375
6 0.27265625 0.56171875 0.0078125 0.01875
6 0.31171875 0.5703125 0.0109375 0.0203125
6 0.51484375 0.36953125 0.009375 0.0140625
10 0.26484375 0.59609375 0.025 0.034375
7 0.609375 0.44296875 0.0109375 0.015625
7 0.6125 0.44609375 0.00625 0.0109375
4 0.6109375 0.43125 0.01875 0.021875
4 0.5171875 0.3546875 0.0203125 0.021875
4 0.6234375 0.3546875 0.025 0.0296875
4 0.625 0.38125 0.0234375 0.034375
6 0.77890625 0.2296875 0.0109375 0.021875
4 0.74453125 0.27109375 0.025 0.0375
4 0.6515625 0.3375 0.021875 0.034375
4 0.66328125 0.32890625 0.021875 0.0328125
4 0.68359375 0.315625 0.0265625 0.040625
4 0.73125 0.2796875 0.0234375 0.040625
4 0.71953125 0.29296875 0.0234375 0.028125
4 0.709375 0.30390625 0.01875 0.0265625
7 0.84375 0.25703125 0.0109375 0.0203125
7 0.8265625 0.26875 0.0109375 0.015625
4 0.84375 0.24453125 0.0203125 0.0234375
4 0.8265625 0.2546875 0.01875 0.021875
6 0.840625 0.19609375 0.015625 0.0203125
1 0.86953125 0.1765625 0.0296875 0.04375
6 0.9984375 0.121875 0.003125 0.021875
4 0.6078125 0.5 0.021875 0.021875
4 0.48828125 0.4734375 0.0203125 0.01875
3 0.22265625 0.665625 0.0375 0.034375
3 0.2015625 0.67890625 0.0328125 0.028125
3 0.1953125 0.6828125 0.0296875 0.0296875
3 0.15234375 0.68515625 0.0234375 0.028125
3 0.16640625 0.70859375 0.025 0.0234375
10 0.16015625 0.71484375 0.0265625 0.0265625
3 0.1046875 0.7484375 0.025 0.0203125
3 0.0984375 0.75546875 0.025 0.0203125
3 0.0546875 0.678125 0.0203125 0.025
3 0.30234375 0.59140625 0.01875 0.028125
3 0.79296875 0.7078125 0.034375 0.0375
3 0.74921875 0.69140625 0.034375 0.0375
3 0.01953125 0.80625 0.0140625 0.0140625
3 0.015625 0.7796875 0.015625 0.0203125