3 0.6359375 0.63046875 0.0375 0.0171875
3 0.65390625 0.6484375 0.0359375 0.015625
3 0.7265625 0.634375 0.0296875 0.0140625
3 0.7515625 0.6109375 0.028125 0.0140625
3 0.6359375 0.5609375 0.0359375 0.0171875
3 0.5953125 0.5640625 0.040625 0.01875
3 0.484375 0.5640625 0.05625 0.0265625
3 0.3765625 0.7015625 0.065625 0.03125
10 0.48828125 0.5921875 0.0640625 0.025
10 0.54921875 0.56328125 0.0578125 0.025
10 0.5484375 0.5890625 0.053125 0.0234375
3 0.946875 0.590625 0.015625 0.0078125
10 0.9625 0.58671875 0.0140625 0.0078125
3 0.9703125 0.58515625 0.0078125 0.0078125
2 0.9578125 0.578125 0.025 0.009375
3 0.96953125 0.57578125 0.0125 0.00625
6 0.46171875 0.52734375 0.01875 0.0078125
6 0.38125 0.5875 0.0203125 0.009375
6 0.33828125 0.75390625 0.0203125 0.009375
6 0.34453125 0.7515625 0.021875 0.0078125
6 0.38984375 0.584375 0.0234375 0.0109375
6 0.66796875 0.675 0.0171875 0.009375
6 0.63046875 0.690625 0.01875 0.00625
6 0.63203125 0.6796875 0.01875 0.00625
6 0.62109375 0.6875 0.01875 0.009375
6 0.315625 0.7671875 0.0109375 0.0078125
6 0.3171875 0.77421875 0.0109375 0.00625
6 0.31953125 0.77578125 0.015625 0.0078125