3 0.3015625 0.85625 0.0609375 0.16171875
3 0.33515625 0.66484375 0.0453125 0.140625
3 0.40234375 0.77265625 0.05078125 0.1640625
3 0.35078125 0.553125 0.03359375 0.09609375
3 0.5765625 0.553125 0.04375 0.08515625
3 0.59765625 0.69296875 0.05390625 0.11796875
3 0.65546875 0.66171875 0.05625 0.10625
3 0.63671875 0.86796875 0.07734375 0.1765625
3 0.69765625 0.86875 0.0625 0.17421875
3 0.6953125 0.3484375 0.06796875 0.08359375
3 0.6046875 0.32890625 0.0515625 0.06015625
3 0.403125 0.31875 0.02578125 0.05078125
3 0.40703125 0.3765625 0.0359375 0.06015625
10 0.4359375 0.25234375 0.02421875 0.04140625
9 0.465625 0.3296875 0.03671875 0.09453125
7 0.44765625 0.39765625 0.0109375 0.0265625
1 0.44765625 0.40859375 0.0109375 0.01953125
3 0.46953125 0.29375 0.02421875 0.0453125
3 0.40859375 0.22578125 0.03359375 0.03125
6 0.64609375 0.25703125 0.0046875 0.01953125
1 0.6484375 0.26171875 0.00625 0.0203125
6 0.63203125 0.228125 0.01171875 0.0265625
7 0.63984375 0.190625 0.00703125 0.01953125
7 0.68046875 0.2 0.00546875 0.01640625
7 0.69375 0.19453125 0.0046875 0.01640625
7 0.71640625 0.19765625 0.0046875 0.01953125
7 0.7140625 0.19609375 0.00390625 0.01796875
4 0.71171875 0.203125 0.01015625 0.01796875
4 0.6921875 0.2015625 0.00703125 0.015625
4 0.678125 0.20546875 0.00859375 0.01640625
1 0.63984375 0.19296875 0.00703125 0.01328125
7 0.64375 0.13359375 0.00546875 0.01484375
4 0.64375 0.13828125 0.01015625 0.0109375
3 0.71328125 0.15625 0.03203125 0.02578125
10 0.69140625 0.10546875 0.025 0.02421875
3 0.62734375 0.11640625 0.0296875 0.02109375
3 0.59609375 0.146875 0.01328125 0.021875
3 0.56953125 0.1515625 0.01328125 0.02578125
3 0.56640625 0.17578125 0.0328125 0.0234375
9 0.54609375 0.14453125 0.02734375 0.05078125
3 0.52421875 0.13828125 0.01875 0.03046875
3 0.50234375 0.14296875 0.01796875 0.0203125
8 0.5 0.1640625 0.0171875 0.0265625
7 0.40390625 0.15546875 0.00546875 0.0140625
4 0.4046875 0.16015625 0.00703125 0.0109375
2 0.47421875 0.1109375 0.0703125 0.03046875
3 0.05859375 0.19296875 0.03125 0.01796875
3 0.084375 0.19921875 0.03046875 0.015625
3 0.0765625 0.21484375 0.03203125 0.0203125
3 0.1140625 0.19140625 0.03125 0.01875
3 0.1296875 0.20703125 0.03203125 0.02109375
3 0.1671875 0.203125 0.03203125 0.0203125
3 0.2 0.18125 0.02734375 0.02109375
3 0.21328125 0.203125 0.0296875 0.021875
3 0.25859375 0.20625 0.03046875 0.02578125
10 0.31171875 0.19296875 0.03125 0.02578125
6 0.3578125 0.42265625 0.0078125 0.02890625
6 0.32890625 0.4453125 0.01171875 0.03515625
6 0.3921875 0.16015625 0.00390625 0.01484375
6 0.3953125 0.15703125 0.00390625 0.01328125
7 0.4265625 0.1109375 0.00390625 0.01015625
4 0.4265625 0.11484375 0.003125 0.009375
1 0.05859375 0.465625 0.01875 0.015625
1 0.053125 0.4515625 0.01953125 0.01953125
1 0.0453125 0.434375 0.02421875 0.01875
1 0.03359375 0.4171875 0.025 0.025
1 0.02421875 0.3796875 0.025 0.02421875
1 0.01953125 0.35859375 0.02265625 0.02109375
1 0.01640625 0.3390625 0.01875 0.01640625
1 0.01640625 0.32578125 0.01484375 0.01328125
1 0.015625 0.3125 0.0140625 0.01171875
10 0.03125 0.59921875 0.06171875 0.078125
3 0.02109375 0.559375 0.040625 0.0453125
3 0.01484375 0.52734375 0.0265625 0.04375
6 0.11796875 0.56640625 0.01484375 0.0359375
3 0.71171875 0.69375 0.03515625 0.11171875