3 0.33671875 0.03203125 0.01875 0.040625
6 0.32890625 0.0625 0.0046875 0.025
6 0.38671875 0.025 0.00546875 0.02421875
3 0.4046875 0.0359375 0.02421875 0.04375
6 0.3921875 0.06953125 0.0046875 0.025
6 0.39609375 0.0859375 0.00546875 0.021875
10 0.4203125 0.084375 0.02734375 0.0515625
9 0.44453125 0.15859375 0.04296875 0.1
10 0.353125 0.09375 0.0234375 0.0484375
10 0.36640625 0.14921875 0.02578125 0.06484375
3 0.38203125 0.2234375 0.02734375 0.06484375
3 0.40390625 0.29453125 0.02890625 0.06875
6 0.47421875 0.165625 0.00703125 0.02578125
6 0.4828125 0.153125 0.0046875 0.0234375
6 0.4953125 0.184375 0.0046875 0.025
6 0.490625 0.20703125 0.00546875 0.0234375
6 0.4890625 0.18828125 0.0046875 0.02421875
6 0.4828125 0.18359375 0.0046875 0.015625
6 0.48671875 0.18046875 0.003125 0.01796875
6 0.48515625 0.1796875 0.00546875 0.02578125
4 0.46796875 0.22890625 0.021875 0.0265625
4 0.47109375 0.2375 0.02265625 0.02890625
4 0.4765625 0.246875 0.01796875 0.0234375
4 0.4765625 0.25703125 0.02421875 0.02890625
4 0.48046875 0.2640625 0.0234375 0.02890625
4 0.48125 0.27734375 0.02265625 0.0265625
4 0.48515625 0.28359375 0.02109375 0.028125
4 0.48671875 0.29375 0.01875 0.02109375
4 0.49140625 0.303125 0.02109375 0.0234375
4 0.49296875 0.31328125 0.021875 0.03359375
4 0.496875 0.32421875 0.02421875 0.0296875
4 0.5015625 0.33984375 0.0296875 0.021875
4 0.503125 0.346875 0.0203125 0.02421875
4 0.50703125 0.359375 0.0203125 0.02109375
4 0.5109375 0.37109375 0.0203125 0.02578125
4 0.51640625 0.38125 0.02578125 0.02890625
4 0.5171875 0.39375 0.01953125 0.01875
4 0.5203125 0.403125 0.025 0.02578125
4 0.521875 0.41796875 0.0203125 0.025
6 0.5765625 0.44140625 0.009375 0.021875
6 0.3484375 0.35078125 0.00703125 0.02421875
6 0.35234375 0.346875 0.00546875 0.0203125
6 0.36015625 0.34296875 0.00546875 0.02421875
6 0.378125 0.3359375 0.00703125 0.025
6 0.3671875 0.36484375 0.00625 0.02421875
6 0.375 0.371875 0.00703125 0.02421875
6 0.3890625 0.3875 0.00625 0.0265625
6 0.39765625 0.38671875 0.00703125 0.02109375
6 0.2828125 0.44921875 0.00703125 0.0234375
4 0.3015625 0.434375 0.0140625 0.015625
6 0.34765625 0.4234375 0.00703125 0.01953125
6 0.321875 0.54453125 0.00859375 0.01875
6 0.31015625 0.54921875 0.00546875 0.02109375
6 0.3015625 0.55078125 0.00546875 0.01875
6 0.30859375 0.540625 0.00390625 0.02109375
6 0.30859375 0.52421875 0.0078125 0.01875
6 0.31328125 0.509375 0.00703125 0.01640625
6 0.45390625 0.625 0.009375 0.0203125
6 0.45234375 0.603125 0.00625 0.021875
1 0.46328125 0.57890625 0.009375 0.0296875