3 0.353125 0.953125 0.115625 0.09375
10 0.34765625 0.87578125 0.09375 0.0875
10 0.353125 0.76953125 0.0859375 0.08125
3 0.34375 0.709375 0.08125 0.0703125
3 0.334375 0.596875 0.0859375 0.071875
10 0.3296875 0.5328125 0.0671875 0.065625
3 0.33046875 0.50078125 0.0625 0.053125
3 0.32421875 0.453125 0.0625 0.05
3 0.32109375 0.4203125 0.0625 0.05
3 0.31171875 0.38515625 0.065625 0.046875
3 0.315625 0.3640625 0.0578125 0.04375
3 0.3203125 0.33828125 0.0515625 0.0421875
10 0.3171875 0.315625 0.0546875 0.0421875
3 0.32578125 0.29921875 0.0515625 0.0359375
3 0.31953125 0.275 0.04375 0.0375
8 0.31796875 0.24296875 0.0359375 0.0328125
10 0.3140625 0.215625 0.0453125 0.040625
10 0.26484375 0.13203125 0.01875 0.0359375
3 0.57421875 0.93125 0.0671875 0.13125
7 0.61796875 0.92734375 0.021875 0.0421875
4 0.6203125 0.9375 0.0234375 0.0671875
7 0.5375 0.675 0.015625 0.0328125
4 0.53984375 0.6890625 0.01875 0.0390625
10 0.590625 0.61328125 0.0640625 0.13125
3 0.621875 0.50078125 0.0484375 0.071875
6 0.9234375 0.67109375 0.0234375 0.046875
7 0.94921875 0.55625 0.015625 0.0390625
7 0.9609375 0.55546875 0.0171875 0.0359375
3 0.47265625 0.52421875 0.040625 0.08125
3 0.6125 0.28125 0.0375 0.0453125
7 0.553125 0.28203125 0.009375 0.021875
4 0.55390625 0.2890625 0.0109375 0.025
7 0.5171875 0.22734375 0.0109375 0.025
4 0.5171875 0.23515625 0.009375 0.021875
3 0.40859375 0.26484375 0.025 0.04375
10 0.38984375 0.18046875 0.0203125 0.0328125
10 0.3703125 0.1 0.0171875 0.0296875
3 0.3671875 0.0859375 0.0171875 0.0265625
10 0.36171875 0.07265625 0.015625 0.0234375
3 0.35859375 0.0609375 0.015625 0.0234375
7 0.3703125 0.0546875 0.00625 0.015625
4 0.3703125 0.05859375 0.00625 0.0140625
7 0.3703125 0.02734375 0.00625 0.0140625
4 0.37109375 0.03046875 0.0046875 0.0109375
6 0.415625 0.01796875 0.00625 0.015625
6 0.41640625 0.02109375 0.0046875 0.009375
10 0.41328125 0.0328125 0.015625 0.0171875
9 0.4484375 0.059375 0.015625 0.025
6 0.47734375 0.05234375 0.00625 0.021875
3 0.471875 0.07421875 0.028125 0.0265625
3 0.4859375 0.0765625 0.0328125 0.025
6 0.4765625 0.08359375 0.00625 0.021875
10 0.48984375 0.078125 0.0265625 0.025
3 0.49375 0.090625 0.028125 0.0265625
10 0.5015625 0.09609375 0.0328125 0.0296875
10 0.5125 0.1015625 0.03125 0.0296875
10 0.5171875 0.11015625 0.0296875 0.028125
3 0.521875 0.11953125 0.0296875 0.0296875
6 0.46640625 0.11328125 0.009375 0.0234375
1 0.77734375 0.390625 0.0265625 0.028125