3 0.4359375 0.1953125 0.028125 0.0625
3 0.3984375 0.3703125 0.0234375 0.0453125
3 0.4109375 0.415625 0.0203125 0.0390625
3 0.37734375 0.48203125 0.0171875 0.0359375
3 0.35546875 0.57109375 0.0140625 0.0296875
3 0.3484375 0.6203125 0.0125 0.0203125
3 0.33125 0.7046875 0.0125 0.0171875
6 0.2390625 0.621875 0.0046875 0.0125
3 0.21640625 0.33515625 0.0265625 0.046875
6 0.271875 0.5375 0.00625 0.015625
3 0.2796875 0.60390625 0.0140625 0.028125
3 0.334375 0.74296875 0.0078125 0.0140625
3 0.3890625 0.6671875 0.0125 0.0203125
3 0.3796875 0.69609375 0.0125 0.0203125
3 0.3734375 0.71171875 0.0125 0.0171875
3 0.2734375 0.7 0.0109375 0.0203125
6 0.2453125 0.73828125 0.0046875 0.0109375
6 0.24140625 0.68359375 0.0046875 0.0109375
6 0.24453125 0.6859375 0.0046875 0.009375
6 0.24609375 0.684375 0.0046875 0.009375
3 0.26875 0.9421875 0.003125 0.0046875
3 0.2875 0.92578125 0.0046875 0.00625
3 0.2796875 0.93671875 0.0046875 0.00625
3 0.28125 0.92578125 0.003125 0.003125
3 0.29296875 0.90546875 0.0046875 0.00625
3 0.2953125 0.89453125 0.0046875 0.00625
3 0.28203125 0.89609375 0.0046875 0.00625
3 0.2828125 0.88828125 0.0046875 0.00625
3 0.284375 0.88203125 0.0046875 0.00625
3 0.234375 0.86328125 0.0046875 0.00625
3 0.22890625 0.8625 0.0078125 0.0078125
4 0.2640625 0.884375 0.003125 0.00625
4 0.275 0.846875 0.003125 0.0046875
3 0.265625 0.865625 0.0078125 0.0078125
3 0.296875 0.8578125 0.0046875 0.00625
3 0.29765625 0.85078125 0.00625 0.00625
3 0.3046875 0.85703125 0.0078125 0.0078125
3 0.30546875 0.85234375 0.0046875 0.00625
3 0.30625 0.84609375 0.00625 0.00625
3 0.30859375 0.83984375 0.00625 0.00625
3 0.31015625 0.83125 0.0046875 0.009375
3 0.29921875 0.84453125 0.0046875 0.00625
3 0.3109375 0.82421875 0.0078125 0.0078125
6 0.2484375 0.83046875 0.003125 0.00625
6 0.2453125 0.8125 0.003125 0.00625
4 0.2703125 0.82109375 0.0046875 0.00625
4 0.2671875 0.821875 0.003125 0.0046875
3 0.25 0.8140625 0.0109375 0.0109375
10 0.425 0.55625 0.0171875 0.0328125
3 0.37265625 0.82265625 0.0078125 0.0109375
6 0.36953125 0.80625 0.003125 0.00625
6 0.3734375 0.80859375 0.003125 0.009375
3 0.35 0.85390625 0.0078125 0.0109375
6 0.32109375 0.86015625 0.003125 0.00625
6 0.3375 0.878125 0.003125 0.009375
3 0.29609375 0.95 0.0046875 0.00625
3 0.30234375 0.8734375 0.0109375 0.0109375
3 0.315625 0.84140625 0.003125 0.0046875
3 0.31015625 0.859375 0.0078125 0.0078125
3 0.3125 0.85234375 0.00625 0.00625
3 0.31328125 0.84609375 0.003125 0.0046875
4 0.559375 0.11640625 0.0140625 0.0296875
4 0.5453125 0.1078125 0.015625 0.0359375
3 0.5140625 0.6921875 0.0171875 0.0171875
3 0.50234375 0.71328125 0.015625 0.0171875
7 0.55859375 0.12578125 0.0125 0.0203125
7 0.54375 0.11875 0.009375 0.015625
7 0.2703125 0.825 0.0046875 0.00625
7 0.26640625 0.82421875 0.0046875 0.00625
7 0.26796875 0.8890625 0.0015625 0.003125
7 0.2640625 0.8859375 0.003125 0.0046875
7 0.27421875 0.8484375 0.003125 0.003125
7 0.278125 0.8453125 0.003125 0.0046875