9 0.10234375 0.06015625 0.015625 0.03359375
9 0.12578125 0.05234375 0.01640625 0.04375
10 0.10546875 0.1984375 0.01015625 0.021875
3 0.1171875 0.14609375 0.00703125 0.01796875
3 0.0921875 0.26796875 0.00859375 0.0234375
3 0.084375 0.1953125 0.00859375 0.0203125
3 0.15 0.15546875 0.00703125 0.021875
3 0.15234375 0.0984375 0.00546875 0.021875
3 0.23671875 0.321875 0.00703125 0.02421875
9 0.04375 0.3765625 0.01484375 0.03671875
10 0.03828125 0.3578125 0.01015625 0.025
3 0.2578125 0.2984375 0.00703125 0.025
3 0.0546875 0.48203125 0.00859375 0.02578125
3 0.0421875 0.56796875 0.009375 0.02890625
3 0.0609375 0.55546875 0.00859375 0.03203125
3 0.13359375 0.653125 0.0125 0.01640625
9 0.025 0.61484375 0.01796875 0.05390625
10 0.021875 0.4546875 0.0109375 0.028125
10 0.26640625 0.49609375 0.009375 0.02578125
10 0.30625 0.4640625 0.01015625 0.02421875
10 0.33359375 0.553125 0.009375 0.0234375
10 0.31328125 0.46796875 0.00703125 0.02109375
10 0.36171875 0.5046875 0.00859375 0.02578125
10 0.36875 0.51171875 0.00703125 0.025
10 0.3328125 0.4859375 0.00859375 0.02421875
10 0.1171875 0.696875 0.01015625 0.02890625
10 0.12421875 0.6140625 0.01015625 0.02890625
10 0.19375 0.66796875 0.00859375 0.02421875
10 0.17890625 0.6578125 0.01015625 0.0234375
10 0.1859375 0.66328125 0.01171875 0.0265625
10 0.18046875 0.62109375 0.009375 0.021875
10 0.146875 0.59609375 0.01328125 0.02578125
3 0.13984375 0.58984375 0.00859375 0.0203125
3 0.13359375 0.5828125 0.01171875 0.025
3 0.13671875 0.628125 0.01171875 0.028125
3 0.14453125 0.63046875 0.0109375 0.0265625
3 0.13046875 0.61796875 0.00859375 0.021875
3 0.165625 0.6484375 0.0109375 0.028125
3 0.17109375 0.653125 0.00859375 0.02578125
3 0.17421875 0.615625 0.01015625 0.025
3 0.125 0.70078125 0.01015625 0.028125
3 0.1328125 0.70390625 0.01015625 0.0234375
3 0.1390625 0.7140625 0.01015625 0.02890625
3 0.29140625 0.553125 0.01015625 0.02421875
3 0.3140625 0.56875 0.009375 0.025
3 0.3203125 0.575 0.009375 0.02578125
3 0.346875 0.49296875 0.01015625 0.0265625
3 0.3546875 0.49921875 0.0078125 0.02421875
3 0.32578125 0.47890625 0.01015625 0.025
3 0.31953125 0.47578125 0.00859375 0.021875
3 0.20078125 0.6734375 0.01171875 0.028125
3 0.14609375 0.715625 0.01015625 0.021875
4 0.2078125 0.65703125 0.00703125 0.00703125
4 0.209375 0.6515625 0.00703125 0.00859375
4 0.2125 0.6390625 0.0078125 0.0109375
4 0.2109375 0.64765625 0.00859375 0.00859375
4 0.1140625 0.61484375 0.00546875 0.01328125
4 0.31484375 0.61640625 0.003125 0.0109375
4 0.3109375 0.6171875 0.00234375 0.01015625
4 0.3078125 0.61328125 0.00390625 0.01171875
4 0.296875 0.603125 0.00390625 0.01328125
4 0.28359375 0.59453125 0.003125 0.01328125
4 0.27578125 0.5890625 0.00625 0.009375
4 0.26640625 0.5875 0.00390625 0.0140625
4 0.26328125 0.5796875 0.00703125 0.009375
4 0.2578125 0.57265625 0.00703125 0.00859375
10 0.37734375 0.70859375 0.009375 0.0296875
10 0.378125 0.525 0.0078125 0.02578125
3 0.38515625 0.53359375 0.00859375 0.01953125
9 0.38515625 0.321875 0.009375 0.028125
3 0.52265625 0.40390625 0.00703125 0.01953125
3 0.546875 0.2171875 0.00859375 0.0234375
3 0.57109375 0.39453125 0.00859375 0.0234375
10 0.61484375 0.54609375 0.01640625 0.01640625
10 0.66171875 0.61875 0.015625 0.015625
10 0.6703125 0.5796875 0.01640625 0.01640625
10 0.65625 0.65859375 0.01484375 0.01640625
3 0.6546875 0.67578125 0.0140625 0.0140625
3 0.65078125 0.69453125 0.01640625 0.01953125
3 0.60390625 0.58515625 0.01171875 0.01328125
10 0.60234375 0.60234375 0.01328125 0.01796875
10 0.60078125 0.61953125 0.01328125 0.015625
10 0.5859375 0.696875 0.01171875 0.01796875
10 0.58671875 0.71328125 0.01328125 0.01484375