2 0.0109375 0.6203125 0.021875 0.0875
2 0.02109375 0.6265625 0.025 0.08125
2 0.028125 0.66328125 0.01796875 0.05625
7 0.03984375 0.19453125 0.00546875 0.00625
7 0.00625 0.2234375 0.00546875 0.00546875
6 0.04140625 0.38125 0.00546875 0.0046875
6 0.040625 0.390625 0.00390625 0.0046875
6 0.0390625 0.39453125 0.00390625 0.00390625
10 0.08203125 0.46875 0.009375 0.02578125
10 0.0765625 0.50703125 0.01015625 0.0296875
3 0.07109375 0.540625 0.0109375 0.028125
3 0.23828125 0.52265625 0.009375 0.02890625
5 0.253125 0.52421875 0.01015625 0.02109375
9 0.22421875 0.51015625 0.0125 0.03515625
10 0.25859375 0.48828125 0.01640625 0.01484375
3 0.21484375 0.3859375 0.00859375 0.028125
6 0.209375 0.415625 0.00390625 0.00546875
3 0.2328125 0.35390625 0.00859375 0.0296875
10 0.25234375 0.36875 0.01015625 0.0296875
10 0.24296875 0.36328125 0.01015625 0.0296875
5 0.2640625 0.3078125 0.009375 0.02109375
9 0.240625 0.25625 0.01953125 0.07578125
9 0.2515625 0.17890625 0.01640625 0.0546875
5 0.26015625 0.121875 0.0125 0.04609375
10 0.2671875 0.28515625 0.0125 0.028125
10 0.2703125 0.265625 0.0125 0.0296875
10 0.271875 0.24140625 0.01328125 0.03203125
10 0.27421875 0.21953125 0.01015625 0.0265625
3 0.278125 0.2015625 0.01171875 0.02890625
10 0.2796875 0.1765625 0.01328125 0.0296875
3 0.29296875 0.1046875 0.01484375 0.01328125
3 0.29375 0.0890625 0.01484375 0.01171875
10 0.29453125 0.07421875 0.01640625 0.01328125
3 0.2984375 0.04609375 0.01171875 0.01328125
3 0.296875 0.03046875 0.015625 0.01328125
3 0.296875 0.00390625 0.01484375 0.00703125
10 0.33203125 0.0109375 0.00625 0.02109375
10 0.32109375 0.02421875 0.00625 0.02421875
3 0.37890625 0.06953125 0.00625 0.0265625
3 0.33203125 0.08359375 0.00625 0.0265625
10 0.31875 0.09921875 0.00703125 0.0234375
10 0.334375 0.14375 0.00625 0.028125
10 0.44921875 0.04921875 0.0078125 0.0296875
3 0.46953125 0.03359375 0.0078125 0.03359375
6 0.5546875 0.16875 0.00234375 0.00703125
10 0.48203125 0.2390625 0.00859375 0.03046875
10 0.31640625 0.165625 0.0078125 0.03125
3 0.3953125 0.23359375 0.00859375 0.03046875
3 0.31484375 0.27421875 0.00703125 0.02578125
10 0.33671875 0.23671875 0.00703125 0.0296875
3 0.33984375 0.31875 0.00703125 0.0296875
10 0.31640625 0.35 0.0078125 0.0296875
10 0.33203125 0.378125 0.00625 0.02890625
10 0.34296875 0.3984375 0.00703125 0.0296875
4 0.4015625 0.40546875 0.00390625 0.01484375
6 0.4015625 0.40703125 0.00234375 0.00703125
3 0.42734375 0.4828125 0.00859375 0.03203125
10 0.3796875 0.54375 0.00703125 0.034375
10 0.34609375 0.6 0.0078125 0.0296875
10 0.34453125 0.71640625 0.00859375 0.02421875
3 0.3796875 0.6234375 0.00703125 0.0296875
3 0.33515625 0.6671875 0.00703125 0.03046875
3 0.31875 0.70546875 0.00859375 0.03125
9 0.41875 0.7125 0.01171875 0.03203125
3 0.6109375 0.72109375 0.01015625 0.015625
10 0.59375 0.65078125 0.01484375 0.03125
10 0.57421875 0.61171875 0.0125 0.0265625
2 0.56171875 0.57265625 0.01953125 0.05078125
3 0.53125 0.58125 0.01015625 0.0296875
3 0.5484375 0.52578125 0.01171875 0.03203125
3 0.53671875 0.478125 0.01171875 0.03203125
10 0.52734375 0.43671875 0.01171875 0.03125
2 0.51796875 0.3828125 0.01640625 0.04921875
6 0.52890625 0.3359375 0.003125 0.0046875
6 0.6875 0.44140625 0.0046875 0.00390625
6 0.6859375 0.465625 0.00546875 0.0046875
6 0.6921875 0.4515625 0.00546875 0.00390625
6 0.6921875 0.46875 0.00390625 0.003125
6 0.69296875 0.47265625 0.00390625 0.003125
6 0.69921875 0.46875 0.00390625 0.0046875
6 0.703125 0.465625 0.0046875 0.00390625
6 0.70625 0.43515625 0.00390625 0.00546875
6 0.71015625 0.321875 0.00390625 0.00390625
6 0.709375 0.303125 0.00546875 0.00390625
6 0.7234375 0.3078125 0.00546875 0.0046875
6 0.71875 0.29609375 0.00546875 0.0046875
6 0.72109375 0.29375 0.00546875 0.0046875
7 0.67578125 0.30703125 0.00546875 0.00625
7 0.67578125 0.30078125 0.003125 0.00390625
7 0.67890625 0.3046875 0.003125 0.00546875
7 0.6796875 0.31015625 0.00390625 0.00546875
4 0.60546875 0.33671875 0.00703125 0.009375
4 0.5796875 0.36875 0.00546875 0.00859375