9 0.6125 0.00703125 0.075 0.0140625
10 0.57265625 0.09453125 0.0546875 0.0484375
6 0.48984375 0.13046875 0.015625 0.009375
10 0.54609375 0.27109375 0.04375 0.040625
10 0.5328125 0.303125 0.0375 0.0375
10 0.4890625 0.3 0.04375 0.040625
3 0.4890625 0.3 0.04375 0.040625
10 0.50625 0.35625 0.046875 0.0375
3 0.453125 0.4734375 0.03125 0.0296875
6 0.44296875 0.471875 0.0125 0.00625
3 0.428125 0.4453125 0.034375 0.028125
3 0.43671875 0.50859375 0.0265625 0.0234375
10 0.41796875 0.53515625 0.0359375 0.03125
8 0.36171875 0.634375 0.0109375 0.0109375
7 0.35859375 0.63671875 0.0109375 0.00625
7 0.471875 0.61796875 0.0109375 0.00625
7 0.4953125 0.684375 0.0109375 0.0078125
3 0.48046875 0.7484375 0.025 0.0171875
3 0.4890625 0.7765625 0.025 0.0171875
9 0.32890625 0.71484375 0.0375 0.0375
3 0.3671875 0.76015625 0.0171875 0.0203125
3 0.3609375 0.7609375 0.015625 0.01875