10 0.36875 0.35546875 0.01796875 0.059375
3 0.32421875 0.41328125 0.01796875 0.046875
3 0.2625 0.48125 0.01875 0.05703125
3 0.328125 0.08359375 0.01328125 0.0296875
10 0.28828125 0.08203125 0.01328125 0.03671875
10 0.37265625 0.03515625 0.01015625 0.0296875
3 0.490625 0.17578125 0.01640625 0.034375
3 0.4765625 0.178125 0.0140625 0.034375
3 0.50546875 0.24609375 0.01328125 0.03359375
9 0.55078125 0.3609375 0.04296875 0.0984375
3 0.61015625 0.70703125 0.021875 0.04375
6 0.103125 0.66328125 0.00625 0.01171875
6 0.05859375 0.71328125 0.00859375 0.01875
6 0.16953125 0.4453125 0.00703125 0.021875
6 0.134375 0.42109375 0.00546875 0.0203125
6 0.14765625 0.4328125 0.00546875 0.015625
6 0.184375 0.409375 0.00703125 0.01640625
6 0.1875 0.38984375 0.00546875 0.01484375
6 0.2 0.340625 0.00703125 0.0203125
6 0.215625 0.3109375 0.00546875 0.01484375
6 0.2078125 0.27265625 0.00703125 0.01953125
6 0.1546875 0.26875 0.00546875 0.01953125
6 0.1484375 0.2734375 0.00703125 0.01953125
6 0.1875 0.2140625 0.00546875 0.01953125
6 0.19453125 0.16640625 0.00625 0.01171875
6 0.18984375 0.13828125 0.00390625 0.0140625
7 0.21953125 0.18203125 0.00546875 0.0140625
6 0.18046875 0.1140625 0.00390625 0.009375
6 0.1875 0.09609375 0.00390625 0.01171875
6 0.21171875 0.0953125 0.00390625 0.0109375
3 0.24453125 0.08046875 0.00625 0.01328125
3 0.23828125 0.053125 0.00546875 0.0140625
3 0.23359375 0.00859375 0.00546875 0.01484375
3 0.5484375 0.12578125 0.0046875 0.0203125
3 0.60546875 0.25078125 0.01484375 0.025
6 0.41640625 0.0734375 0.00703125 0.02109375
6 0.4890625 0.684375 0.0046875 0.015625
6 0.65078125 0.50546875 0.00703125 0.02421875
6 0.1984375 0.04375 0.00390625 0.0140625
6 0.19609375 0.0484375 0.00390625 0.01328125
6 0.18515625 0.09375 0.00390625 0.01015625
6 0.1828125 0.10859375 0.0046875 0.0140625
6 0.19296875 0.13828125 0.00390625 0.0109375
6 0.19140625 0.40078125 0.00625 0.0140625
6 0.1015625 0.67578125 0.0078125 0.01484375
4 0.32578125 0.0125 0.00703125 0.015625
9 0.30859375 0.015625 0.01640625 0.03125
6 0.49453125 0.68203125 0.0046875 0.0203125
6 0.58671875 0.4765625 0.00703125 0.01640625