6 0.6140625 0.3265625 0.021875 0.00625
6 0.59140625 0.33046875 0.0203125 0.00625
3 0.4671875 0.3390625 0.0625 0.0265625
3 0.421875 0.2828125 0.065625 0.0234375
6 0.3796875 0.3578125 0.021875 0.00625
3 0.30546875 0.29765625 0.0515625 0.0203125
3 0.30078125 0.353125 0.0484375 0.021875
3 0.2453125 0.35859375 0.05 0.025
3 0.2421875 0.30078125 0.0484375 0.021875
3 0.19140625 0.3625 0.0484375 0.021875
3 0.1890625 0.309375 0.0453125 0.0203125
3 0.1375 0.315625 0.0390625 0.01875
3 0.12734375 0.36953125 0.0390625 0.0171875
3 0.08984375 0.3703125 0.0390625 0.0203125
10 0.0984375 0.32109375 0.0328125 0.015625
3 0.0640625 0.32578125 0.0328125 0.015625
3 0.0359375 0.34296875 0.0390625 0.0171875
3 0.01015625 0.33359375 0.0203125 0.0203125