10 0.49921875 0.93515625 0.05859375 0.09296875
3 0.48984375 0.875 0.06015625 0.0703125
8 0.23203125 0.8890625 0.0296875 0.03359375
0 0.253125 0.83671875 0.0390625 0.046875
4 0.25 0.81171875 0.021875 0.028125
4 0.24375 0.67890625 0.02109375 0.0234375
3 0.30625 0.67578125 0.0515625 0.0390625
6 0.225 0.653125 0.01171875 0.03359375
0 0.2703125 0.55390625 0.02109375 0.025
0 0.40859375 0.5484375 0.015625 0.0390625
3 0.34140625 0.465625 0.0265625 0.0265625
3 0.3484375 0.43828125 0.03203125 0.02109375
3 0.4515625 0.4546875 0.02734375 0.028125
10 0.4515625 0.41796875 0.02109375 0.02890625
9 0.43515625 0.41484375 0.02734375 0.06875
4 0.453125 0.390625 0.00703125 0.01328125
4 0.32578125 0.4515625 0.01328125 0.0140625
7 0.353125 0.42109375 0.00546875 0.0109375
6 0.3609375 0.41796875 0.00546875 0.01484375
8 0.35859375 0.41484375 0.0203125 0.01328125
4 0.3421875 0.415625 0.00859375 0.01015625
0 0.35 0.40078125 0.01640625 0.01875
7 0.3375 0.39765625 0.00546875 0.00859375
6 0.34140625 0.3921875 0.00546875 0.01953125
6 0.3453125 0.36328125 0.00390625 0.015625
3 0.3671875 0.3796875 0.0234375 0.0203125
3 0.36328125 0.37109375 0.02265625 0.01796875
3 0.3609375 0.36328125 0.021875 0.0234375
3 0.36171875 0.33046875 0.02109375 0.015625
5 0.38515625 0.346875 0.00859375 0.02421875
5 0.37578125 0.3515625 0.01640625 0.0203125
5 0.3703125 0.346875 0.0078125 0.01796875
5 0.36328125 0.34296875 0.01015625 0.01953125
4 0.35625 0.321875 0.00859375 0.00859375
0 0.35390625 0.31796875 0.0125 0.0140625
4 0.359375 0.315625 0.00859375 0.00625
3 0.36640625 0.3046875 0.01953125 0.01640625
3 0.36796875 0.30078125 0.02109375 0.01640625
8 0.3625 0.28671875 0.00859375 0.0109375
10 0.43984375 0.35390625 0.0203125 0.025
10 0.44140625 0.34453125 0.01796875 0.0234375
3 0.43984375 0.33515625 0.01875 0.0203125
3 0.43828125 0.32890625 0.01953125 0.01796875
3 0.43359375 0.32109375 0.0171875 0.01640625
3 0.43515625 0.3140625 0.01640625 0.015625
10 0.4375 0.3078125 0.01484375 0.01796875
9 0.43515625 0.28359375 0.0140625 0.03125
3 0.4328125 0.2609375 0.0140625 0.01328125
3 0.43125 0.25078125 0.01328125 0.0109375
9 0.43046875 0.24140625 0.01484375 0.0109375
4 0.38828125 0.2734375 0.003125 0.00703125
8 0.390625 0.26640625 0.0125 0.01015625
7 0.384375 0.25703125 0.00390625 0.00625
7 0.3890625 0.25625 0.00390625 0.00703125
7 0.40703125 0.2390625 0.00234375 0.00625
4 0.40703125 0.2421875 0.00234375 0.00859375
8 0.37578125 0.2578125 0.01015625 0.01171875
4 0.3640625 0.2671875 0.00546875 0.00625
0 0.371875 0.24140625 0.00859375 0.009375
0 0.3765625 0.23515625 0.00625 0.0109375
0 0.37578125 0.2296875 0.009375 0.0109375
10 0.37578125 0.2265625 0.01171875 0.01171875
0 0.37890625 0.2125 0.00703125 0.01015625
0 0.3875 0.2234375 0.00390625 0.01328125
10 0.38203125 0.203125 0.0125 0.009375
9 0.375 0.19296875 0.015625 0.01328125
4 0.4234375 0.23125 0.00546875 0.00625
4 0.42890625 0.23046875 0.01328125 0.01015625
10 0.43046875 0.22578125 0.01015625 0.01015625
3 0.428125 0.22265625 0.01015625 0.00859375
0 0.4296875 0.21171875 0.0046875 0.009375
9 0.4265625 0.190625 0.00859375 0.021875
4 0.40859375 0.190625 0.00234375 0.00546875
7 0.4078125 0.1890625 0.00234375 0.00546875
0 0.40078125 0.17890625 0.0046875 0.009375
3 0.42109375 0.1453125 0.00625 0.00546875
9 0.4234375 0.159375 0.0046875 0.01015625
3 0.40703125 0.15703125 0.00390625 0.00859375
3 0.39453125 0.16484375 0.00703125 0.00703125
3 0.39296875 0.17109375 0.00703125 0.00625
10 0.390625 0.1484375 0.00703125 0.00625
3 0.39296875 0.1453125 0.00625 0.00703125
3 0.6375 0.61875 0.025 0.0609375
5 0.57109375 0.50078125 0.03203125 0.084375
9 0.55625 0.3984375 0.01484375 0.04453125
3 0.571875 0.38203125 0.01328125 0.021875
9 0.55546875 0.3015625 0.02734375 0.0515625
3 0.68671875 0.4078125 0.01640625 0.02890625
8 0.67109375 0.38359375 0.01640625 0.01953125