6 0.225 0.1859375 0.0078125 0.01953125
6 0.23359375 0.18359375 0.00859375 0.021875
6 0.2234375 0.2 0.00703125 0.01484375
6 0.2203125 0.19609375 0.00625 0.015625
6 0.246875 0.371875 0.0078125 0.01484375
6 0.36640625 0.54375 0.00625 0.01484375
6 0.34375 0.51796875 0.00625 0.01171875
6 0.3765625 0.528125 0.0078125 0.01328125
6 0.409375 0.50078125 0.009375 0.01640625
6 0.35703125 0.5015625 0.00546875 0.0140625
6 0.34609375 0.471875 0.0046875 0.01640625
6 0.33828125 0.453125 0.00546875 0.01171875
6 0.328125 0.496875 0.00703125 0.01484375
6 0.38515625 0.4859375 0.0078125 0.01171875
6 0.37265625 0.478125 0.00703125 0.01640625
6 0.32109375 0.4734375 0.00546875 0.01484375
6 0.27421875 0.3578125 0.0078125 0.015625
6 0.28203125 0.38125 0.00703125 0.01484375
6 0.29375 0.40078125 0.00625 0.01484375
6 0.30078125 0.42578125 0.0078125 0.015625
6 0.31328125 0.4515625 0.00859375 0.0140625
6 0.29921875 0.359375 0.00625 0.01796875
6 0.30703125 0.38125 0.00546875 0.01796875
6 0.31640625 0.40234375 0.00703125 0.0140625
6 0.3296875 0.42578125 0.00703125 0.01796875
6 0.36796875 0.44296875 0.00703125 0.0140625
6 0.38203125 0.4640625 0.00390625 0.01171875
6 0.35703125 0.425 0.00546875 0.01484375
6 0.346875 0.4 0.00703125 0.01328125
6 0.2984375 0.3015625 0.00703125 0.02109375
6 0.30546875 0.31484375 0.0109375 0.02578125
6 0.31796875 0.3046875 0.00625 0.01640625
6 0.32265625 0.353125 0.00546875 0.01953125
6 0.325 0.3234375 0.00703125 0.01953125
6 0.3328125 0.34375 0.00546875 0.015625
6 0.3359375 0.3765625 0.00703125 0.01484375
6 0.34375 0.36953125 0.0046875 0.0140625
6 0.35625 0.390625 0.00390625 0.0140625
6 0.36484375 0.41328125 0.00390625 0.01484375
6 0.37578125 0.43359375 0.00546875 0.01484375
6 0.3875 0.45390625 0.00546875 0.01875
6 0.3953125 0.45 0.00546875 0.01328125
6 0.4125 0.45859375 0.00703125 0.01640625
6 0.428125 0.43828125 0.0078125 0.0140625
6 0.40546875 0.43671875 0.00625 0.0140625
6 0.384375 0.42421875 0.00546875 0.0109375
6 0.44765625 0.4109375 0.00703125 0.01484375
6 0.45625 0.39765625 0.0078125 0.01796875
6 0.46015625 0.38125 0.009375 0.01796875
6 0.334375 0.31328125 0.0046875 0.02109375
6 0.34140625 0.33125 0.00546875 0.01875
6 0.3515625 0.3578125 0.00546875 0.01953125
6 0.3640625 0.37890625 0.00546875 0.0140625
6 0.37265625 0.4015625 0.00546875 0.01796875
6 0.390625 0.41171875 0.00703125 0.015625
6 0.3796875 0.390625 0.00546875 0.01640625
6 0.340625 0.30625 0.00625 0.01875
6 0.34765625 0.325 0.00546875 0.01640625
6 0.35859375 0.34921875 0.00625 0.01640625
6 0.36953125 0.36796875 0.0046875 0.0140625
6 0.35390625 0.31484375 0.00390625 0.01484375
6 0.409375 0.428125 0.00546875 0.01484375
6 0.4140625 0.41796875 0.00546875 0.0140625
6 0.41953125 0.409375 0.00625 0.0140625
6 0.4265625 0.4015625 0.00546875 0.01484375
6 0.43125 0.39609375 0.00703125 0.0140625
6 0.4359375 0.3875 0.00703125 0.0140625
6 0.440625 0.38203125 0.0078125 0.01484375
6 0.4453125 0.37578125 0.00859375 0.015625
6 0.396875 0.403125 0.00625 0.01484375
6 0.403125 0.39609375 0.00546875 0.0140625
6 0.409375 0.38671875 0.00546875 0.01484375
6 0.3875 0.384375 0.00546875 0.01484375
6 0.39296875 0.3734375 0.00546875 0.015625
6 0.37578125 0.36015625 0.00546875 0.01484375
6 0.3984375 0.3640625 0.0078125 0.015625
6 0.40234375 0.35703125 0.00546875 0.015625
6 0.409375 0.35 0.00703125 0.01640625
6 0.415625 0.340625 0.00703125 0.015625
6 0.42109375 0.334375 0.00625 0.0140625
6 0.4265625 0.3265625 0.00546875 0.01796875
6 0.36171875 0.18828125 0.00625 0.02109375
6 0.3515625 0.1984375 0.00703125 0.021875
6 0.359375 0.20859375 0.00546875 0.01953125
6 0.3671875 0.2234375 0.00546875 0.0203125
6 0.375 0.21484375 0.00546875 0.0203125
6 0.375 0.2359375 0.00546875 0.01953125
6 0.38671875 0.2453125 0.00546875 0.0203125
6 0.39453125 0.26015625 0.00703125 0.0203125
6 0.34296875 0.271875 0.00625 0.01796875
6 0.35390625 0.25625 0.00625 0.02109375
6 0.36015625 0.2515625 0.00546875 0.0203125
6 0.37890625 0.25390625 0.0046875 0.01953125
6 0.37265625 0.26171875 0.00546875 0.01875
6 0.3671875 0.26953125 0.00546875 0.01953125
6 0.36015625 0.2796875 0.00546875 0.0203125
6 0.353125 0.29296875 0.0046875 0.01796875
6 0.36015625 0.30625 0.00390625 0.01640625
6 0.36796875 0.2953125 0.00546875 0.01484375
6 0.37578125 0.28515625 0.00546875 0.01640625
6 0.38125 0.278125 0.00546875 0.01953125
6 0.3875 0.26796875 0.00546875 0.01796875
6 0.36640625 0.340625 0.0046875 0.015625
6 0.3734375 0.33046875 0.00546875 0.01640625
6 0.378125 0.32421875 0.0046875 0.01640625
6 0.38359375 0.315625 0.00546875 0.015625
6 0.3828125 0.3515625 0.0046875 0.0140625
6 0.38828125 0.34375 0.00546875 0.0140625
6 0.3890625 0.30625 0.00546875 0.01875
6 0.39453125 0.30078125 0.00546875 0.0203125
6 0.40625 0.28515625 0.00546875 0.01875
6 0.415625 0.3046875 0.00703125 0.01875
6 0.409375 0.31328125 0.00703125 0.01484375
6 0.39296875 0.334375 0.00390625 0.01640625
6 0.39921875 0.3265625 0.0046875 0.015625
6 0.4046875 0.31953125 0.0078125 0.01875
6 0.41484375 0.378125 0.00625 0.01796875
6 0.42109375 0.36953125 0.00625 0.0140625
6 0.42734375 0.36171875 0.00703125 0.01328125
6 0.43125 0.35546875 0.00546875 0.01484375
6 0.43671875 0.35078125 0.00546875 0.015625