6 0.35390625 0.459375 0.0125 0.03828125
6 0.33203125 0.43203125 0.00859375 0.0359375
6 0.3421875 0.4 0.0109375 0.03125
6 0.3484375 0.29609375 0.0046875 0.01640625
6 0.34375 0.29140625 0.00390625 0.015625
6 0.3421875 0.28359375 0.00390625 0.01171875
7 0.40625 0.346875 0.00546875 0.00859375
6 0.20078125 0.34140625 0.00546875 0.02109375
1 0.19765625 0.3484375 0.01015625 0.01484375
6 0.33515625 0.27890625 0.003125 0.0140625
4 0.40703125 0.35 0.01328125 0.0109375
7 0.57421875 0.35234375 0.01015625 0.01796875
6 0.6140625 0.29765625 0.00390625 0.01171875
6 0.51640625 0.765625 0.01484375 0.0640625
6 0.5046875 0.765625 0.01171875 0.03671875
6 0.415625 0.58046875 0.01484375 0.05546875
6 0.69921875 0.4296875 0.00546875 0.02421875
6 0.6921875 0.421875 0.00703125 0.0296875
6 0.6921875 0.32421875 0.0046875 0.01328125
6 0.65625 0.31640625 0.003125 0.01171875
6 0.67734375 0.29609375 0.0046875 0.01484375
9 0.540625 0.2484375 0.0109375 0.01015625
10 0.52890625 0.246875 0.009375 0.00703125
3 0.51484375 0.24609375 0.009375 0.00859375
3 0.5015625 0.24453125 0.01171875 0.009375
3 0.48828125 0.24140625 0.01171875 0.009375
3 0.52109375 0.2453125 0.00859375 0.00703125
3 0.47421875 0.24140625 0.00859375 0.00859375
3 0.45078125 0.23828125 0.00859375 0.00703125
6 0.33984375 0.24921875 0.003125 0.01015625
6 0.33671875 0.24609375 0.00234375 0.00859375
6 0.33515625 0.24609375 0.00234375 0.009375