3 0.90625 0.1828125 0.0453125 0.046875
3 0.9375 0.7390625 0.025 0.0328125
3 0.9546875 0.69140625 0.025 0.034375
7 0.6296875 0.8953125 0.0203125 0.0125
4 0.640625 0.89609375 0.0203125 0.0203125
1 0.61640625 0.70859375 0.0390625 0.03125
7 0.66796875 0.6125 0.0125 0.009375
4 0.67890625 0.6171875 0.0140625 0.009375
7 0.75546875 0.48515625 0.0203125 0.0125
4 0.76328125 0.48828125 0.01875 0.0171875
3 0.61875 0.6453125 0.028125 0.0234375
7 0.66171875 0.55078125 0.00625 0.0046875
4 0.6703125 0.55390625 0.015625 0.0078125
9 0.65859375 0.559375 0.053125 0.034375
9 0.65078125 0.58046875 0.0890625 0.0546875
3 0.628125 0.56171875 0.0265625 0.01875
3 0.62421875 0.58125 0.025 0.01875
3 0.603125 0.5828125 0.0265625 0.01875
10 0.58828125 0.578125 0.0234375 0.01875
3 0.6078125 0.56640625 0.021875 0.0171875
10 0.590625 0.56328125 0.025 0.01875
3 0.5796875 0.56640625 0.0203125 0.015625
9 0.56640625 0.5609375 0.0265625 0.01875
10 0.55546875 0.55859375 0.0203125 0.015625
3 0.54921875 0.56328125 0.0203125 0.015625
3 0.54453125 0.57734375 0.021875 0.0171875
3 0.528125 0.5734375 0.0171875 0.0140625
3 0.51171875 0.571875 0.0171875 0.0109375
9 0.53515625 0.559375 0.021875 0.0171875
9 0.515625 0.559375 0.0328125 0.025
9 0.49375 0.55546875 0.03125 0.0234375
2 0.49296875 0.56953125 0.0359375 0.0234375
9 0.47734375 0.553125 0.0203125 0.015625
9 0.4671875 0.55390625 0.021875 0.015625
9 0.4578125 0.5515625 0.0265625 0.0171875
9 0.4390625 0.55234375 0.0265625 0.0171875
10 0.44296875 0.57734375 0.0140625 0.009375
0 0.44140625 0.58828125 0.0125 0.00625
3 0.46015625 0.6125 0.0171875 0.021875
3 0.45546875 0.63125 0.0140625 0.015625
7 0.58125 0.634375 0.0109375 0.009375
4 0.5890625 0.63671875 0.0140625 0.0078125
7 0.49453125 0.5375 0.00625 0.0046875
1 0.50078125 0.53984375 0.00625 0.0046875
4 0.4375 0.55625 0.0109375 0.009375
3 0.43671875 0.5640625 0.0109375 0.009375
6 0.4296875 0.6 0.009375 0.0046875
3 0.40234375 0.6125 0.0125 0.0125
2 0.396875 0.56953125 0.0171875 0.0109375
3 0.39296875 0.559375 0.00625 0.0046875
3 0.38515625 0.56015625 0.00625 0.0046875
10 0.3765625 0.57734375 0.0109375 0.0078125
3 0.378125 0.571875 0.00625 0.0046875
3 0.3734375 0.56953125 0.0078125 0.0078125
3 0.37265625 0.5609375 0.00625 0.0046875
3 0.36328125 0.57421875 0.00625 0.0046875
3 0.3625 0.57109375 0.00625 0.0046875
9 0.353125 0.5671875 0.0140625 0.009375
9 0.3640625 0.5625 0.0078125 0.00625
3 0.3609375 0.55859375 0.0046875 0.0046875
3 0.36015625 0.55859375 0.0078125 0.00625
3 0.3546875 0.55546875 0.0046875 0.0046875
9 0.3515625 0.559375 0.00625 0.0046875
3 0.34609375 0.559375 0.0046875 0.0046875
3 0.3375 0.5546875 0.0046875 0.0046875
3 0.33515625 0.55703125 0.003125 0.003125
9 0.33125 0.5578125 0.00625 0.0046875
9 0.33203125 0.56015625 0.00625 0.0046875
8 0.33671875 0.5625 0.003125 0.003125
2 0.353125 0.8546875 0.03125 0.0265625
2 0.34921875 0.86953125 0.028125 0.0234375
2 0.33671875 0.86796875 0.025 0.0265625
2 0.33515625 0.85625 0.025 0.0328125
2 0.34140625 0.85 0.0421875 0.0453125
3 0.84140625 0.18046875 0.0390625 0.0515625