10 0.8546875 0.73359375 0.0359375 0.0453125
10 0.92734375 0.67265625 0.03125 0.040625
3 0.97890625 0.6203125 0.01875 0.0359375
4 0.946875 0.703125 0.0125 0.0171875
7 0.9484375 0.7015625 0.0078125 0.0109375
3 0.81484375 0.65859375 0.03125 0.0390625
4 0.69453125 0.63203125 0.015625 0.0171875
7 0.69453125 0.63359375 0.0078125 0.0125
3 0.9578125 0.25390625 0.028125 0.034375
3 0.84609375 0.07109375 0.021875 0.028125
9 0.8578125 0.1390625 0.0296875 0.04375
2 0.87734375 0.32578125 0.0671875 0.0921875
10 0.9265625 0.403125 0.025 0.034375
2 0.8203125 0.45703125 0.0625 0.0828125
3 0.7375 0.56875 0.03125 0.040625
2 0.51171875 0.68984375 0.08125 0.0984375
9 0.62890625 0.4484375 0.0328125 0.0453125
3 0.63984375 0.478125 0.025 0.0375
5 0.64296875 0.50625 0.025 0.034375
10 0.6140625 0.5375 0.0265625 0.046875
3 0.5890625 0.5421875 0.0234375 0.0421875
10 0.50625 0.5703125 0.03125 0.04375
10 0.50078125 0.54921875 0.03125 0.0390625
3 0.4921875 0.53046875 0.03125 0.0390625
9 0.39921875 0.5890625 0.08125 0.0953125
9 0.31640625 0.65625 0.06875 0.084375
5 0.44765625 0.62578125 0.025 0.034375
10 0.359375 0.696875 0.0328125 0.0203125
10 0.37890625 0.68359375 0.0359375 0.03125
10 0.40625 0.66640625 0.0359375 0.03125
10 0.4265625 0.64765625 0.034375 0.0328125
7 0.36328125 0.27265625 0.0078125 0.0109375
7 0.3625 0.16171875 0.0046875 0.0125
7 0.37890625 0.14453125 0.0046875 0.00625
7 0.390625 0.096875 0.0078125 0.0109375
7 0.39453125 0.0859375 0.0046875 0.00625
7 0.39296875 0.08359375 0.0078125 0.0078125
6 0.475 0.02265625 0.0046875 0.009375
6 0.4703125 0.02734375 0.0046875 0.009375
6 0.4578125 0.025 0.0046875 0.009375
3 0.609375 0.27734375 0.0265625 0.03125
10 0.58203125 0.1703125 0.0234375 0.0265625
10 0.609375 0.153125 0.025 0.028125
3 0.63359375 0.13515625 0.0234375 0.028125
9 0.54765625 0.0171875 0.0421875 0.034375
2 0.684375 0.04765625 0.05625 0.05
2 0.6734375 0.040625 0.0484375 0.0390625