3 0.971875 0.81875 0.05625 0.16015625
3 0.63125 0.65546875 0.05703125 0.1390625
3 0.446875 0.68046875 0.03984375 0.12890625
3 0.20546875 0.859375 0.13125 0.11640625
3 0.8015625 0.4609375 0.07734375 0.06640625
3 0.7921875 0.41328125 0.08046875 0.06015625
10 0.77265625 0.365625 0.07265625 0.05625
3 0.740625 0.3265625 0.0703125 0.059375
3 0.72265625 0.2859375 0.06875 0.04453125
3 0.603125 0.378125 0.0421875 0.078125
10 0.71015625 0.25234375 0.05703125 0.05625
3 0.6953125 0.23046875 0.06640625 0.04921875
3 0.64609375 0.21328125 0.05703125 0.046875
9 0.6125 0.1375 0.03046875 0.05859375
6 0.67421875 0.14609375 0.00859375 0.04921875
3 0.5359375 0.184375 0.02734375 0.0515625
3 0.4421875 0.2390625 0.0265625 0.075
3 0.44296875 0.17890625 0.0296875 0.05703125
3 0.4390625 0.128125 0.02265625 0.05
3 0.4375 0.08359375 0.02109375 0.0453125
3 0.54765625 0.03046875 0.01953125 0.040625
3 0.5078125 0.03671875 0.0203125 0.0359375
6 0.39375 0.221875 0.01015625 0.04375
6 0.39921875 0.13828125 0.00859375 0.03515625
7 0.428125 0.0203125 0.00859375 0.021875
4 0.43046875 0.03125 0.00625 0.01875
10 0.40078125 0.02734375 0.01875 0.0453125
10 0.31484375 0.19375 0.053125 0.0453125
10 0.309375 0.23828125 0.0546875 0.04140625
10 0.196875 0.30546875 0.03671875 0.08828125
3 0.30703125 0.28515625 0.08671875 0.06640625