10 0.234375 0.73359375 0.0390625 0.09140625
3 0.27421875 0.53125 0.0234375 0.05078125
3 0.315625 0.446875 0.01484375 0.0359375
10 0.146875 0.36640625 0.02421875 0.01953125
10 0.22890625 0.3375 0.02734375 0.0234375
3 0.15859375 0.35703125 0.021875 0.01796875
10 0.234375 0.26796875 0.01796875 0.0140625
9 0.31171875 0.31953125 0.02421875 0.06015625
9 0.33671875 0.21875 0.01484375 0.015625
9 0.4171875 0.43984375 0.01015625 0.03359375
9 0.24375 0.44921875 0.01328125 0.0265625
3 0.0375 0.81953125 0.05234375 0.1015625
6 0.02109375 0.79296875 0.01484375 0.028125
6 0.1359375 0.709375 0.00546875 0.02578125
4 0.19140625 0.528125 0.00546875 0.02421875
4 0.25546875 0.525 0.00703125 0.02578125
4 0.18671875 0.5265625 0.0046875 0.0203125
7 0.253125 0.521875 0.00546875 0.01875
7 0.3921875 0.2765625 0.00234375 0.00703125
7 0.34375 0.2890625 0.003125 0.00703125
7 0.3359375 0.3390625 0.003125 0.00859375
7 0.3375 0.33828125 0.00390625 0.01015625
4 0.34375 0.29296875 0.00234375 0.00859375
4 0.3953125 0.2875 0.00703125 0.00859375
4 0.3921875 0.27890625 0.00546875 0.00703125
4 0.33515625 0.34375 0.00625 0.01171875
4 0.25625 0.52734375 0.0078125 0.01953125
6 0.24453125 0.4390625 0.00390625 0.0140625
6 0.4171875 0.41328125 0.00390625 0.01796875
6 0.42734375 0.40859375 0.003125 0.01875
2 0.36484375 0.24453125 0.01328125 0.0296875
10 0.3703125 0.2234375 0.0078125 0.0109375
3 0.375 0.22890625 0.00546875 0.009375
5 0.415625 0.23984375 0.00859375 0.028125
5 0.4203125 0.365625 0.015625 0.04296875
6 0.45625 0.209375 0.00234375 0.01015625
6 0.43515625 0.2015625 0.00078125 0.009375
6 0.44296875 0.18984375 0.00234375 0.009375
6 0.4453125 0.18984375 0.00234375 0.0109375
6 0.4484375 0.190625 0.0015625 0.00859375
9 0.57890625 0.428125 0.01796875 0.03125
9 0.6015625 0.50078125 0.05625 0.12109375
9 0.55 0.365625 0.01640625 0.03203125
9 0.58828125 0.24765625 0.03125 0.0359375
10 0.5375 0.24453125 0.0109375 0.0109375
3 0.5609375 0.2359375 0.01015625 0.009375
3 0.5546875 0.26875 0.01015625 0.009375
9 0.52109375 0.278125 0.0125 0.01796875
8 0.49765625 0.2484375 0.00859375 0.01171875
3 0.2625 0.24921875 0.0125 0.01015625
3 0.28125 0.2671875 0.01484375 0.01015625
3 0.2859375 0.26171875 0.01171875 0.009375
3 0.290625 0.25390625 0.01484375 0.01328125
3 0.28671875 0.25 0.01328125 0.0109375
3 0.296875 0.24921875 0.01171875 0.01328125
3 0.30390625 0.20703125 0.009375 0.00859375
3 0.3234375 0.190625 0.00703125 0.00703125
3 0.33828125 0.19921875 0.00859375 0.00703125
3 0.3390625 0.196875 0.00859375 0.00859375
9 0.3 0.24375 0.0125 0.0140625
9 0.315625 0.246875 0.02109375 0.01796875
9 0.30625 0.26875 0.03359375 0.0296875
6 0.25078125 0.2609375 0.00234375 0.009375
4 0.13203125 0.37421875 0.00703125 0.01171875