3 0.2625 0.95546875 0.02109375 0.03359375
10 0.13515625 0.3375 0.0125 0.0140625
10 0.16171875 0.35 0.01171875 0.01484375
10 0.24609375 0.29453125 0.00859375 0.01796875
9 0.1703125 0.3203125 0.0421875 0.0296875
3 0.21640625 0.325 0.01484375 0.01328125
3 0.22890625 0.315625 0.00859375 0.01171875
3 0.2421875 0.346875 0.01171875 0.01171875
3 0.32734375 0.353125 0.00703125 0.015625
3 0.30546875 0.17890625 0.00390625 0.00625
3 0.3015625 0.178125 0.0046875 0.00625
3 0.31015625 0.17890625 0.00390625 0.00625
3 0.34609375 0.18828125 0.00390625 0.00625
9 0.3484375 0.2234375 0.00546875 0.01484375
9 0.35078125 0.19609375 0.00625 0.01640625
2 0.35390625 0.17890625 0.00546875 0.01328125
4 0.34375 0.29765625 0.00234375 0.00625
7 0.34375 0.29453125 0.0015625 0.00625
3 0.415625 0.21328125 0.00703125 0.009375
3 0.365625 0.1640625 0.003125 0.00546875
3 0.35546875 0.11796875 0.003125 0.0046875
2 0.36015625 0.15 0.00234375 0.00703125
3 0.44140625 0.16484375 0.00703125 0.00546875
3 0.45234375 0.1703125 0.00546875 0.00546875
3 0.446875 0.171875 0.00390625 0.00625
3 0.44296875 0.17109375 0.00390625 0.00625
3 0.4390625 0.17265625 0.00390625 0.00625
3 0.42578125 0.1640625 0.00546875 0.00546875
3 0.4171875 0.17109375 0.00390625 0.00703125
3 0.42109375 0.1703125 0.00390625 0.00546875
3 0.5265625 0.24375 0.00546875 0.0109375
3 0.5234375 0.23125 0.00703125 0.00859375
3 0.51796875 0.225 0.00703125 0.009375