3 0.346875 0.58984375 0.02265625 0.06328125
3 0.36796875 0.4640625 0.0234375 0.05859375
3 0.3859375 0.384375 0.01875 0.0484375
3 0.4296875 0.115625 0.0140625 0.03125
3 0.4140625 0.17265625 0.0140625 0.03828125
3 0.4109375 0.209375 0.01640625 0.040625
9 0.40390625 0.25390625 0.02421875 0.065625
10 0.4421875 0.0515625 0.0109375 0.03203125
3 0.465625 0.00859375 0.025 0.0171875
3 0.5015625 0.00859375 0.025 0.0171875
3 0.57734375 0.00859375 0.0234375 0.0171875
3 0.61640625 0.0140625 0.02265625 0.028125
3 0.6625 0.01328125 0.0234375 0.02578125
3 0.68125 0.0140625 0.02421875 0.028125
10 0.6421875 0.0140625 0.02265625 0.028125
6 0.35078125 0.459375 0.00859375 0.01796875
6 0.37109375 0.37578125 0.00625 0.02109375