3 0.40703125 0.91171875 0.0734375 0.06328125
3 0.3828125 0.98046875 0.08671875 0.03359375
3 0.51875 0.70390625 0.03203125 0.09609375
3 0.46640625 0.55546875 0.05078125 0.04375
10 0.48046875 0.5015625 0.04140625 0.04140625
10 0.48828125 0.4359375 0.04921875 0.046875
10 0.50546875 0.3609375 0.03203125 0.034375
4 0.45859375 0.3359375 0.01328125 0.01328125
3 0.5171875 0.33203125 0.0390625 0.02578125
3 0.5015625 0.265625 0.02109375 0.02578125
10 0.51171875 0.21328125 0.02421875 0.02578125
3 0.58046875 0.1203125 0.02578125 0.01640625
3 0.60546875 0.1109375 0.02421875 0.0203125
3 0.58828125 0.10390625 0.02109375 0.01328125
10 0.64609375 0.1015625 0.02890625 0.021875
3 0.7375 0.12890625 0.02421875 0.0203125
3 0.80703125 0.134375 0.025 0.01796875
3 0.64375 0.05234375 0.01015625 0.01953125
3 0.65390625 0.06015625 0.0078125 0.0203125
3 0.65234375 0.01796875 0.0078125 0.0203125
3 0.640625 0.00625 0.00703125 0.01171875
3 0.7296875 0.22109375 0.01640625 0.025
6 0.5265625 0.52109375 0.0046875 0.025
6 0.53515625 0.50390625 0.00390625 0.02578125
6 0.5328125 0.4921875 0.00546875 0.0265625
4 0.34375 0.72265625 0.021875 0.025
4 0.365625 0.63671875 0.01796875 0.02421875
4 0.37578125 0.5953125 0.01796875 0.0203125
4 0.43046875 0.4328125 0.01796875 0.01796875
4 0.92421875 0.60390625 0.01015625 0.01875
7 0.925 0.58828125 0.0078125 0.01875
7 0.7953125 0.10546875 0.00390625 0.01484375
4 0.79375 0.1109375 0.009375 0.01015625
7 0.8859375 0.10859375 0.00390625 0.01015625
4 0.88515625 0.1140625 0.01015625 0.009375
7 0.7953125 0.21953125 0.003125 0.01171875
4 0.79453125 0.22421875 0.00703125 0.01171875
4 0.28515625 0.88671875 0.02734375 0.03046875
1 0.428125 0.4703125 0.01171875 0.0203125
6 0.4484375 0.365625 0.00390625 0.021875
1 0.4640625 0.20546875 0.01328125 0.01328125