3 0.4984375 0.43046875 0.02421875 0.08359375
3 0.465625 0.434375 0.02578125 0.08046875
3 0.28125 0.85625 0.0765625 0.0796875
9 0.14765625 0.778125 0.10234375 0.1046875
3 0.03671875 0.93671875 0.0734375 0.0703125
3 0.32890625 0.95546875 0.07578125 0.034375
3 0.51796875 0.94921875 0.07421875 0.04609375
6 0.2296875 0.5125 0.00859375 0.0234375
6 0.3125 0.55390625 0.00546875 0.0203125
6 0.38203125 0.43359375 0.00546875 0.02578125
3 0.44609375 0.04921875 0.03203125 0.03515625
6 0.5234375 0.58203125 0.0109375 0.02421875
6 0.64296875 0.01640625 0.00625 0.02109375
6 0.64609375 0.146875 0.00703125 0.0234375
6 0.65234375 0.1484375 0.00546875 0.01953125
6 0.65859375 0.15546875 0.00390625 0.01484375
6 0.6625 0.14375 0.00390625 0.01171875
6 0.6671875 0.2046875 0.00546875 0.0203125
6 0.6703125 0.16875 0.00546875 0.01328125
6 0.64140625 0.121875 0.00546875 0.02421875
6 0.64375 0.08203125 0.0046875 0.0203125
6 0.6375 0.08203125 0.00390625 0.01953125