3 0.16953125 0.39140625 0.078125 0.0359375
3 0.4859375 0.3390625 0.04375 0.025
3 0.546875 0.33203125 0.0328125 0.01875
3 0.58359375 0.34375 0.0296875 0.0171875
3 0.67890625 0.3109375 0.0234375 0.0140625
3 0.6578125 0.3265625 0.021875 0.0125
3 0.62890625 0.334375 0.025 0.0140625
3 0.56171875 0.41328125 0.025 0.025
3 0.6578125 0.38125 0.0265625 0.028125
3 0.75234375 0.309375 0.0171875 0.0109375
3 0.75 0.321875 0.0171875 0.0125
3 0.76484375 0.22109375 0.0171875 0.01875
3 0.7578125 0.20546875 0.015625 0.0171875
3 0.76171875 0.1984375 0.015625 0.015625
3 0.7734375 0.21484375 0.01875 0.021875
3 0.80234375 0.21171875 0.0140625 0.0140625
3 0.825 0.0484375 0.0109375 0.0140625
3 0.8625 0.36328125 0.0109375 0.0109375
3 0.85 0.3546875 0.0140625 0.0078125
3 0.86640625 0.35 0.0109375 0.0078125
3 0.88359375 0.43671875 0.0109375 0.0125
10 0.7765625 0.28828125 0.021875 0.0125
3 0.85078125 0.36328125 0.0109375 0.0046875
3 0.846875 0.34609375 0.0140625 0.0078125
10 0.84765625 0.33828125 0.0140625 0.0078125
10 0.84765625 0.33046875 0.0140625 0.0078125
9 0.62265625 0.31796875 0.1 0.03125
9 0.7125 0.30234375 0.0390625 0.015625
9 0.75 0.29765625 0.0296875 0.0140625
9 0.809375 0.23828125 0.021875 0.021875
9 0.69765625 0.321875 0.0453125 0.0203125
9 0.728125 0.315625 0.0265625 0.0140625
4 0.78046875 0.31953125 0.0109375 0.0078125
4 0.8171875 0.29765625 0.0078125 0.0078125
4 0.8171875 0.28984375 0.0078125 0.0078125
10 0.834375 0.36796875 0.01875 0.0171875
10 0.85078125 0.21328125 0.0125 0.0078125
6 0.83046875 0.3125 0.0109375 0.0046875
6 0.82578125 0.28359375 0.009375 0.0046875
6 0.82578125 0.29296875 0.009375 0.0046875
6 0.83125 0.31796875 0.009375 0.003125
6 0.8328125 0.3203125 0.009375 0.0046875
6 0.85 0.31328125 0.009375 0.0046875
6 0.85078125 0.29375 0.009375 0.0046875
6 0.87109375 0.2921875 0.009375 0.0046875
6 0.85390625 0.25859375 0.009375 0.0046875
6 0.85546875 0.265625 0.009375 0.003125
6 0.85546875 0.26875 0.009375 0.0046875
7 0.7828125 0.3203125 0.009375 0.0046875
7 0.82109375 0.28984375 0.00625 0.0046875
7 0.82109375 0.29765625 0.00625 0.0046875
1 0.6828125 0.28046875 0.00625 0.0046875
7 0.6875 0.27890625 0.0109375 0.0046875
4 0.3328125 0.62734375 0.01875 0.021875
7 0.334375 0.625 0.0171875 0.009375
7 0.33515625 0.62734375 0.0140625 0.0078125
2 0.7796875 0.19765625 0.034375 0.0453125
9 0.4359375 0.3484375 0.0578125 0.0265625
4 0.365625 0.2875 0.0234375 0.0109375
6 0.36953125 0.28828125 0.0171875 0.0125