3 0.47265625 0.978125 0.0453125 0.04375
6 0.5609375 0.96875 0.00703125 0.02578125
3 0.77734375 0.9359375 0.03203125 0.0609375
7 0.78828125 0.79296875 0.00625 0.01640625
7 0.7921875 0.78671875 0.00546875 0.01875
1 0.78671875 0.79453125 0.01015625 0.0234375
9 0.73359375 0.73203125 0.03515625 0.06484375
9 0.7421875 0.66796875 0.08046875 0.134375
3 0.52578125 0.746875 0.03671875 0.03203125
3 0.44609375 0.76640625 0.0375 0.0390625
3 0.51328125 0.69375 0.03203125 0.02890625
3 0.43515625 0.69765625 0.03125 0.03046875
3 0.4265625 0.6421875 0.0296875 0.0265625
3 0.42421875 0.6234375 0.03046875 0.03046875
3 0.496875 0.63125 0.0296875 0.02578125
3 0.4828125 0.59140625 0.02734375 0.0265625
3 0.478125 0.56796875 0.02734375 0.0234375
3 0.45859375 0.5265625 0.025 0.021875
3 0.465625 0.51171875 0.0234375 0.01875
3 0.4578125 0.4859375 0.0234375 0.01875
3 0.45625 0.4671875 0.02109375 0.01796875
3 0.4015625 0.47421875 0.0234375 0.01953125
3 0.40546875 0.49921875 0.02265625 0.0203125
3 0.41015625 0.51171875 0.021875 0.01875
6 0.40546875 0.6859375 0.00546875 0.0203125
6 0.39921875 0.67578125 0.00390625 0.01796875
6 0.409375 0.67578125 0.0046875 0.01875
6 0.39453125 0.68828125 0.00390625 0.01875
3 0.36796875 0.41015625 0.01796875 0.01875
6 0.3859375 0.4640625 0.00390625 0.01484375
3 0.37265625 0.46171875 0.015625 0.021875
6 0.38125 0.465625 0.00234375 0.01328125
5 0.8078125 0.5796875 0.03515625 0.0484375
5 0.8375 0.5078125 0.0359375 0.0359375
6 0.8609375 0.51484375 0.00390625 0.01640625
5 0.76796875 0.5140625 0.04453125 0.0765625
3 0.5984375 0.42578125 0.0140625 0.021875
9 0.58125 0.39375 0.01484375 0.028125
3 0.48046875 0.42890625 0.01953125 0.015625
3 0.48125 0.39140625 0.01640625 0.0140625
6 0.45 0.35078125 0.003125 0.01328125
6 0.47890625 0.36328125 0.00234375 0.01171875
3 0.534375 0.36875 0.0109375 0.0203125
3 0.54765625 0.365625 0.01015625 0.01484375
8 0.54921875 0.39921875 0.00703125 0.0140625
5 0.68671875 0.3953125 0.01640625 0.03515625
6 0.69921875 0.45625 0.00390625 0.01796875
3 0.409375 0.284375 0.01328125 0.01015625
10 0.40703125 0.27734375 0.01328125 0.01171875
10 0.384375 0.28125 0.01171875 0.01171875
10 0.50234375 0.30078125 0.00859375 0.01796875
3 0.5328125 0.26171875 0.01328125 0.01015625
10 0.56015625 0.2453125 0.01171875 0.0109375
3 0.5890625 0.22578125 0.01015625 0.009375
3 0.58046875 0.24296875 0.0140625 0.01171875
3 0.56328125 0.2296875 0.00703125 0.0109375
3 0.5109375 0.240625 0.01328125 0.009375
3 0.4640625 0.20234375 0.0046875 0.00859375
3 0.47734375 0.2140625 0.00546875 0.009375
3 0.4515625 0.215625 0.00703125 0.01015625
9 0.6203125 0.57734375 0.03203125 0.065625
5 0.64296875 0.26953125 0.01875 0.021875