4 0.43125 0.75546875 0.0109375 0.015625
3 0.4375 0.74140625 0.0265625 0.040625
3 0.4421875 0.7125 0.0296875 0.053125
10 0.44375 0.68203125 0.0265625 0.0484375
10 0.44375 0.64765625 0.03125 0.0546875
10 0.44140625 0.6109375 0.0296875 0.05
10 0.44453125 0.58203125 0.0296875 0.05
5 0.44609375 0.54921875 0.025 0.0375
9 0.4984375 0.6359375 0.0765625 0.115625
6 0.5328125 0.446875 0.0078125 0.0140625
3 0.5171875 0.47421875 0.0265625 0.040625
3 0.49140625 0.5015625 0.0296875 0.0421875
10 0.47109375 0.48515625 0.0296875 0.04375
10 0.45546875 0.4734375 0.03125 0.0453125
9 0.565625 0.01875 0.03125 0.0375
9 0.47578125 0.31640625 0.0328125 0.0484375
3 0.4515625 0.3015625 0.0265625 0.034375
5 0.4296875 0.29296875 0.0234375 0.034375
2 0.409375 0.15703125 0.0671875 0.09375
10 0.36640625 0.0484375 0.025 0.034375
10 0.375 0.18515625 0.028125 0.0421875
10 0.38515625 0.3921875 0.028125 0.04375
4 0.36953125 0.434375 0.0109375 0.0171875
7 0.36875 0.4359375 0.00625 0.0125
10 0.18046875 0.10078125 0.0203125 0.0296875
3 0.26875 0.178125 0.0203125 0.03125
10 0.25390625 0.215625 0.0203125 0.03125
10 0.29375 0.21171875 0.0234375 0.0390625
3 0.315625 0.29296875 0.021875 0.0359375
10 0.3421875 0.328125 0.0234375 0.0375
3 0.35390625 0.37265625 0.0265625 0.0421875
3 0.353125 0.4234375 0.028125 0.04375
2 0.36796875 0.48125 0.0390625 0.0625
3 0.36640625 0.5546875 0.0265625 0.0484375
3 0.33671875 0.5234375 0.028125 0.046875
3 0.35546875 0.57734375 0.0296875 0.05
9 0.3734375 0.6625 0.071875 0.125
10 0.321875 0.5234375 0.0265625 0.040625
3 0.32890625 0.59296875 0.03125 0.053125
10 0.34921875 0.64453125 0.03125 0.05
9 0.353125 0.74375 0.040625 0.065625
3 0.33984375 0.68515625 0.0296875 0.05
3 0.2828125 0.7078125 0.0328125 0.053125
3 0.2921875 0.6515625 0.0328125 0.05
10 0.26171875 0.5890625 0.028125 0.046875
10 0.228125 0.50078125 0.025 0.040625
10 0.028125 0.14296875 0.0171875 0.0265625
3 0.0359375 0.184375 0.0171875 0.0296875
6 0.03046875 0.24375 0.00625 0.009375
6 0.02734375 0.2515625 0.00625 0.0125
4 0.02265625 0.22734375 0.00625 0.009375
3 0.046875 0.23671875 0.0203125 0.0296875
3 0.05703125 0.28671875 0.0203125 0.0328125
3 0.06328125 0.334375 0.021875 0.0328125
3 0.07109375 0.37890625 0.021875 0.0359375
10 0.07578125 0.428125 0.0296875 0.0421875
6 0.00234375 0.37109375 0.0046875 0.0109375
6 0.03046875 0.38984375 0.0078125 0.0125
6 0.04453125 0.39140625 0.0078125 0.0140625
3 0.08515625 0.509375 0.028125 0.0390625
6 0.0703125 0.5859375 0.009375 0.0109375
3 0.0875 0.56171875 0.0296875 0.04375
3 0.09140625 0.63671875 0.03125 0.046875
10 0.09296875 0.71875 0.0390625 0.053125
10 0.09375 0.80859375 0.04375 0.0609375
7 0.55859375 0.25859375 0.00625 0.009375
6 0.55859375 0.25390625 0.00625 0.0078125
6 0.56015625 0.24765625 0.009375 0.0125