2 0.03828125 0.590625 0.0640625 0.04375
3 0.35859375 0.51328125 0.1125 0.0484375
0 0.3484375 0.63203125 0.0703125 0.0234375
6 0.16328125 0.93828125 0.0421875 0.0171875
6 0.0671875 0.984375 0.0234375 0.0109375
6 0.16171875 0.75390625 0.0390625 0.0140625
6 0.16015625 0.74453125 0.0359375 0.0109375
6 0.20703125 0.73984375 0.0375 0.0125
6 0.20859375 0.725 0.0359375 0.0125
6 0.20078125 0.73046875 0.0375 0.0125
4 0.1921875 0.69296875 0.0328125 0.01875
7 0.18515625 0.69375 0.0359375 0.0125
6 0.35390625 0.628125 0.0328125 0.015625
6 0.32890625 0.6484375 0.0390625 0.0109375
6 0.290625 0.646875 0.034375 0.009375
6 0.921875 0.62734375 0.0390625 0.0171875
4 0.96328125 0.59765625 0.0421875 0.0171875
7 0.9765625 0.59765625 0.0171875 0.0171875