6 0.4875 0.83984375 0.00546875 0.0203125
6 0.55 0.70546875 0.021875 0.05703125
6 0.58515625 0.7109375 0.02265625 0.0609375
6 0.61171875 0.7140625 0.02109375 0.059375
6 0.646875 0.7140625 0.02265625 0.06015625
3 0.67265625 0.73125 0.0203125 0.06640625
3 0.7234375 0.73515625 0.01953125 0.06328125
6 0.61796875 0.95546875 0.0078125 0.025
1 0.49765625 0.99765625 0.0203125 0.00390625
1 0.5765625 0.99921875 0.021875 0.0015625
1 0.5796875 0.99453125 0.021875 0.0109375
1 0.57890625 0.9859375 0.01953125 0.015625
1 0.578125 0.96953125 0.0171875 0.01171875
1 0.5828125 0.95625 0.01796875 0.01484375
1 0.51640625 0.94296875 0.0203125 0.01328125
1 0.50546875 0.92734375 0.01796875 0.01953125
1 0.50859375 0.91796875 0.01640625 0.02421875
1 0.5078125 0.90625 0.01796875 0.015625
1 0.51171875 0.89921875 0.0203125 0.01875
1 0.51015625 0.8828125 0.01796875 0.01953125