1 0.18125 0.65859375 0.01484375 0.04375
6 0.1734375 0.77421875 0.0203125 0.06640625
6 0.1578125 0.7875 0.01640625 0.06015625
6 0.58046875 0.66328125 0.01328125 0.04921875
6 0.56640625 0.6421875 0.01328125 0.05078125
6 0.553125 0.64609375 0.00859375 0.04921875
7 0.178125 0.64453125 0.01328125 0.04609375
3 0.2875 0.303125 0.02578125 0.028125
3 0.1734375 0.20625 0.01328125 0.0203125
3 0.1515625 0.2078125 0.01328125 0.01796875
3 0.196875 0.20625 0.0140625 0.01640625
3 0.14453125 0.16640625 0.0109375 0.01875
3 0.13125 0.16953125 0.00859375 0.01328125
3 0.1203125 0.15625 0.00859375 0.01171875
3 0.09921875 0.1265625 0.00703125 0.01171875
3 0.665625 0.47421875 0.04609375 0.05625
3 0.6984375 0.5046875 0.05390625 0.0609375
3 0.62890625 0.37421875 0.04375 0.04140625
3 0.6015625 0.42890625 0.04453125 0.0453125
3 0.57734375 0.521875 0.06484375 0.06875
3 0.4421875 0.40703125 0.04140625 0.05
3 0.4078125 0.36953125 0.03828125 0.040625
3 0.36171875 0.33125 0.03203125 0.03515625
3 0.3359375 0.3078125 0.03046875 0.03046875
3 0.31875 0.28828125 0.025 0.03203125
3 0.2921875 0.27421875 0.02734375 0.02890625
3 0.2859375 0.26171875 0.01953125 0.02578125
3 0.25234375 0.22578125 0.01796875 0.02578125
10 0.48828125 0.284375 0.025 0.03125
3 0.46640625 0.27890625 0.03125 0.03046875
3 0.7046875 0.40859375 0.04375 0.04453125
3 0.71875 0.546875 0.02109375 0.05703125
3 0.059375 0.88828125 0.11875 0.128125
3 0.078125 0.121875 0.00625 0.009375
3 0.07578125 0.115625 0.00546875 0.009375
3 0.0734375 0.10859375 0.0046875 0.00625
3 0.078125 0.10703125 0.0046875 0.00625
3 0.06875 0.10390625 0.00390625 0.00703125
3 0.11015625 0.11640625 0.00859375 0.00859375
3 0.15234375 0.15390625 0.0078125 0.01015625
3 0.14375 0.14609375 0.0078125 0.01015625
3 0.1375 0.14140625 0.00703125 0.01015625
10 0.1234375 0.1234375 0.00703125 0.01015625
3 0.11875 0.11796875 0.00546875 0.00703125
3 0.103125 0.115625 0.00390625 0.00859375
2 0.0921875 0.1125 0.0109375 0.015625
9 0.06484375 0.0875 0.00625 0.01171875
3 0.07734375 0.1015625 0.00390625 0.00546875
3 0.0765625 0.0984375 0.00390625 0.00703125
3 0.0734375 0.0953125 0.003125 0.00546875
3 0.07109375 0.09296875 0.00234375 0.00546875
3 0.07109375 0.0875 0.003125 0.0046875
3 0.0703125 0.08046875 0.003125 0.00546875
3 0.06015625 0.07421875 0.003125 0.00546875
3 0.0625 0.07265625 0.00234375 0.0046875
10 0.0796875 0.08828125 0.003125 0.00625
3 0.08203125 0.084375 0.00234375 0.00546875
3 0.07890625 0.0796875 0.003125 0.00546875
3 0.115625 0.11328125 0.00546875 0.00703125
6 0.12421875 0.134375 0.00234375 0.01015625
6 0.12578125 0.134375 0.00234375 0.00859375
2 0.1296875 0.209375 0.0265625 0.0453125
2 0.20859375 0.24765625 0.03984375 0.05859375
3 0.1203125 0.23671875 0.01484375 0.02421875
10 0.08671875 0.23671875 0.0140625 0.02890625
3 0.0328125 0.20625 0.0203125 0.01875
3 0.04375 0.21796875 0.02109375 0.0203125
3 0.0453125 0.2265625 0.02265625 0.015625
3 0.04296875 0.23984375 0.0234375 0.01875
3 0.04375 0.24921875 0.02421875 0.01953125
3 0.05390625 0.25546875 0.02734375 0.0203125
3 0.04453125 0.2859375 0.0234375 0.0203125
3 0.04765625 0.2984375 0.02578125 0.02109375
3 0.04375 0.30859375 0.0265625 0.01953125
3 0.0453125 0.3296875 0.03828125 0.028125
3 0.04140625 0.3640625 0.04609375 0.03359375
3 0.0484375 0.38046875 0.0546875 0.040625
3 0.0453125 0.41875 0.0515625 0.04453125
3 0.0421875 0.45625 0.0546875 0.040625
3 0.04609375 0.4734375 0.05546875 0.03671875
3 0.046875 0.49609375 0.0640625 0.04453125
3 0.0453125 0.5265625 0.06796875 0.05390625
3 0.034375 0.6609375 0.06875 0.0890625
3 0.04609375 0.584375 0.06953125 0.06875
6 0.028125 0.27890625 0.00703125 0.021875
6 0.1015625 0.2796875 0.00625 0.021875
3 0.22890625 0.20703125 0.01328125 0.015625
3 0.21796875 0.19765625 0.0125 0.01796875
3 0.2109375 0.19140625 0.0109375 0.015625
3 0.19921875 0.18203125 0.01015625 0.01328125
3 0.31328125 0.24375 0.028125 0.021875
3 0.4140625 0.30390625 0.0328125 0.02890625
3 0.43046875 0.309375 0.03671875 0.03515625
3 0.43671875 0.32421875 0.040625 0.03984375
3 0.46171875 0.34453125 0.0453125 0.04453125
3 0.4828125 0.35234375 0.03359375 0.03046875
3 0.4921875 0.3703125 0.03828125 0.040625
3 0.56875 0.4109375 0.04296875 0.05625
3 0.5375 0.403125 0.04296875 0.05859375
3 0.51640625 0.3828125 0.03984375 0.046875
6 0.62890625 0.40703125 0.00859375 0.0390625
3 0.50703125 0.459375 0.0578125 0.0703125
1 0.13828125 0.95546875 0.04140625 0.034375