9 0.4484375 0.79140625 0.05859375 0.18671875
3 0.26796875 0.89453125 0.0375 0.1296875
3 0.278125 0.76171875 0.0390625 0.10546875
10 0.284375 0.65625 0.034375 0.0984375
3 0.4109375 0.50546875 0.021875 0.05625
10 0.29609375 0.4484375 0.01875 0.05078125
3 0.38671875 0.35625 0.02265625 0.0484375
3 0.296875 0.3546875 0.02109375 0.040625
3 0.36875 0.278125 0.0171875 0.0359375
3 0.3515625 0.2125 0.0140625 0.0234375
10 0.3453125 0.1859375 0.01328125 0.02890625
3 0.3375 0.17578125 0.01328125 0.0234375
3 0.29375 0.3265625 0.01484375 0.02578125
3 0.290625 0.30078125 0.021875 0.0296875
3 0.25 0.23671875 0.02578125 0.021875
3 0.26328125 0.17421875 0.00859375 0.02421875
3 0.2828125 0.18046875 0.01171875 0.02578125
3 0.2796875 0.1640625 0.01015625 0.01875
3 0.27734375 0.14765625 0.009375 0.01796875
3 0.27421875 0.1359375 0.00859375 0.015625
3 0.1921875 0.26875 0.02734375 0.0203125