3 0.87109375 0.45234375 0.05625 0.096875
3 0.7921875 0.5140625 0.04921875 0.096875
10 0.73203125 0.57890625 0.04609375 0.08984375
6 0.69921875 0.6109375 0.01171875 0.01953125
6 0.65390625 0.546875 0.01328125 0.01875
10 0.6625 0.63984375 0.04296875 0.0984375
10 0.63203125 0.68046875 0.0515625 0.10078125
3 0.6 0.70859375 0.0515625 0.109375
3 0.56484375 0.73828125 0.0484375 0.115625
3 0.528125 0.7625 0.04609375 0.1234375
3 0.459375 0.81640625 0.04140625 0.1203125
4 0.32734375 0.775 0.025 0.02578125
6 0.3296875 0.7921875 0.0140625 0.0140625
6 0.33828125 0.75390625 0.0125 0.0109375
3 0.02265625 0.878125 0.0453125 0.11875
3 0.34453125 0.90625 0.04453125 0.1234375
8 0.3046875 0.9484375 0.03359375 0.0984375
3 0.240625 0.96640625 0.0390625 0.06171875
10 0.9171875 0.1984375 0.05 0.103125