3 0.71015625 0.57109375 0.009375 0.01875
3 0.7046875 0.62109375 0.00625 0.015625
3 0.69765625 0.6921875 0.0046875 0.009375
3 0.70234375 0.70546875 0.00625 0.009375
3 0.6703125 0.7515625 0.003125 0.009375
3 0.671875 0.7828125 0.003125 0.009375
3 0.67734375 0.7890625 0.003125 0.00625
3 0.6703125 0.80078125 0.003125 0.009375
3 0.6890625 0.83046875 0.003125 0.00625
3 0.6703125 0.83671875 0.003125 0.00625
10 0.6765625 0.69375 0.00625 0.0140625
10 0.6921875 0.5796875 0.009375 0.025
3 0.65 0.56953125 0.009375 0.01875
2 0.6625 0.61796875 0.00625 0.028125
10 0.68984375 0.63203125 0.00625 0.0203125
2 0.7140625 0.72109375 0.0078125 0.03125
10 0.58046875 0.5640625 0.01875 0.015625
10 0.54609375 0.56875 0.01875 0.015625
10 0.45 0.57890625 0.01875 0.015625
10 0.41171875 0.58046875 0.01875 0.01875
10 0.4328125 0.58046875 0.01875 0.0140625
9 0.72265625 0.57578125 0.0140625 0.034375
3 0.71171875 0.6859375 0.00625 0.0125