6 0.0734375 0.090625 0.03125 0.0390625
2 0.1171875 0.20703125 0.159375 0.35625
6 0.33203125 0.50546875 0.0109375 0.04375
6 0.10390625 0.97109375 0.009375 0.034375
3 0.14609375 0.7703125 0.034375 0.05625
3 0.17109375 0.959375 0.028125 0.040625
3 0.1875 0.92578125 0.046875 0.0390625
3 0.20859375 0.884375 0.0484375 0.05
3 0.259375 0.85859375 0.053125 0.05
3 0.35859375 0.85625 0.025 0.05625
3 0.3203125 0.83828125 0.025 0.05
3 0.2546875 0.809375 0.0390625 0.059375
3 0.2125 0.80234375 0.0390625 0.05625
10 0.28828125 0.81796875 0.040625 0.0734375
10 0.46484375 0.9078125 0.028125 0.05625
10 0.24375 0.74921875 0.040625 0.0640625
3 0.4046875 0.8640625 0.028125 0.053125
3 0.43359375 0.88359375 0.03125 0.0515625
3 0.41015625 0.76953125 0.05625 0.059375
3 0.40625 0.66328125 0.0625 0.090625
3 0.44921875 0.59765625 0.059375 0.1
3 0.49765625 0.571875 0.075 0.0953125
3 0.51328125 0.49296875 0.075 0.1265625
3 0.58671875 0.45078125 0.090625 0.14375
10 0.5984375 0.33203125 0.084375 0.146875
10 0.46796875 0.1921875 0.103125 0.190625
3 0.33203125 0.15390625 0.084375 0.184375
9 0.31484375 0.596875 0.078125 0.134375
7 0.53515625 0.58359375 0.0125 0.04375
1 0.47265625 0.66796875 0.0203125 0.034375
1 0.4875 0.684375 0.015625 0.03125
4 0.4546875 0.7359375 0.015625 0.034375
4 0.4359375 0.76015625 0.021875 0.03125
4 0.703125 0.440625 0.028125 0.0453125
7 0.6 0.26171875 0.01875 0.034375
6 0.64375 0.27421875 0.015625 0.0375
6 0.36953125 0.934375 0.00625 0.03125
6 0.3078125 0.91953125 0.00625 0.03125
9 0.3953125 0.915625 0.06875 0.0640625
3 0.4453125 0.9484375 0.053125 0.0390625
3 0.47734375 0.921875 0.0234375 0.046875