3 0.76484375 0.65625 0.20625 0.125
10 0.7828125 0.48828125 0.115625 0.1109375
3 0.63515625 0.4109375 0.146875 0.0828125
3 0.47265625 0.5078125 0.128125 0.0828125
6 0.55546875 0.4109375 0.0515625 0.028125
3 0.30546875 0.421875 0.0890625 0.059375
3 0.24140625 0.3875 0.071875 0.0484375
3 0.1875 0.36328125 0.0734375 0.046875
3 0.36796875 0.31640625 0.084375 0.05
3 0.24375 0.2765625 0.084375 0.0484375
3 0.05546875 0.29375 0.0328125 0.0296875
6 0.23671875 0.25703125 0.03125 0.015625
6 0.21875 0.20078125 0.040625 0.021875
6 0.21953125 0.190625 0.040625 0.0203125
6 0.1921875 0.22109375 0.0375 0.0171875
8 0.16875 0.22109375 0.053125 0.034375
3 0.14765625 0.1953125 0.0515625 0.05625
3 0.115625 0.16796875 0.05 0.05625
3 0.09375 0.17265625 0.0421875 0.0484375
4 0.17890625 0.13203125 0.0359375 0.01875
4 0.1890625 0.14921875 0.03125 0.0171875
6 0.28359375 0.15 0.0421875 0.0203125
6 0.29296875 0.146875 0.0421875 0.0203125
6 0.2828125 0.13828125 0.034375 0.015625
4 0.25390625 0.1671875 0.0296875 0.0265625
4 0.24453125 0.1625 0.0296875 0.028125
4 0.38046875 0.18515625 0.0375 0.0328125
4 0.3671875 0.1828125 0.0359375 0.03125
1 0.58515625 0.18125 0.0328125 0.0375
6 0.52578125 0.25859375 0.0421875 0.0234375
3 0.7625 0.36640625 0.165625 0.0890625
3 0.6140625 0.3171875 0.1375 0.0765625
4 0.78671875 0.2515625 0.0453125 0.0484375
4 0.759375 0.24921875 0.0578125 0.0546875
5 0.884375 0.2265625 0.05 0.0390625
1 0.80546875 0.20234375 0.0546875 0.0328125
7 0.86484375 0.271875 0.0390625 0.028125