10 0.21015625 0.06171875 0.01015625 0.02109375
10 0.21015625 0.08828125 0.01015625 0.02109375
10 0.23984375 0.12421875 0.01015625 0.021875
10 0.33515625 0.29765625 0.01328125 0.0265625
10 0.2765625 0.17890625 0.01171875 0.02109375
2 0.32578125 0.30390625 0.01796875 0.0359375
2 0.2984375 0.24921875 0.01640625 0.03203125
3 0.3125 0.27578125 0.01171875 0.0203125
3 0.3171875 0.3390625 0.01171875 0.01953125
3 0.3203125 0.2703125 0.0109375 0.021875
10 0.26796875 0.7015625 0.01328125 0.03671875
10 0.28203125 0.6484375 0.00859375 0.025
3 0.28125 0.6921875 0.00859375 0.0234375
3 0.296875 0.63671875 0.0109375 0.0234375
10 0.25859375 0.61875 0.00859375 0.03125
3 0.29140625 0.56015625 0.01171875 0.0296875
9 0.2953125 0.59296875 0.02265625 0.05859375
10 0.30703125 0.59375 0.01015625 0.03125
10 0.321875 0.546875 0.01328125 0.03125
2 0.3046875 0.51484375 0.0171875 0.04296875
3 0.3109375 0.54296875 0.0109375 0.03125
3 0.4109375 0.06171875 0.01328125 0.0234375
3 0.3765625 0.05234375 0.0109375 0.02890625
2 0.40078125 0.1234375 0.00859375 0.03203125
2 0.4125 0.33203125 0.01015625 0.04375
2 0.41328125 0.40234375 0.01171875 0.04375
2 0.46640625 0.55078125 0.021875 0.03671875
3 0.4296875 0.53203125 0.01328125 0.025
3 0.42890625 0.45390625 0.01171875 0.02421875
3 0.39921875 0.36953125 0.00703125 0.02890625
10 0.4 0.4515625 0.01015625 0.03203125
2 0.5296875 0.64296875 0.02890625 0.0484375
2 0.503125 0.57578125 0.02421875 0.04140625
3 0.53203125 0.57265625 0.009375 0.0265625
3 0.55546875 0.45390625 0.00859375 0.0234375
3 0.540625 0.4484375 0.01015625 0.02421875
10 0.57734375 0.415625 0.01015625 0.0296875
9 0.54453125 0.5875 0.01796875 0.06171875
3 0.58203125 0.33125 0.00859375 0.02421875
10 0.59765625 0.23671875 0.00703125 0.021875
10 0.5671875 0.32265625 0.00859375 0.0234375
9 0.565625 0.2625 0.01484375 0.046875
3 0.6 0.01875 0.00703125 0.01796875
10 0.5953125 0.13203125 0.00625 0.01953125
10 0.61015625 0.14375 0.00703125 0.0234375
10 0.58828125 0.1015625 0.00546875 0.02109375
3 0.61796875 0.00546875 0.00703125 0.0109375
3 0.628125 0.03203125 0.00625 0.01640625
3 0.61796875 0.05859375 0.00625 0.0203125
3 0.621875 0.1515625 0.0046875 0.01875
10 0.62734375 0.09375 0.00703125 0.02421875
6 0.70546875 0.2390625 0.003125 0.00546875
6 0.7078125 0.22421875 0.003125 0.00625
6 0.71484375 0.2640625 0.00390625 0.00546875
6 0.6890625 0.28828125 0.0046875 0.00703125
6 0.7140625 0.2109375 0.00234375 0.00546875
6 0.70703125 0.21171875 0.00546875 0.00859375
6 0.68359375 0.28828125 0.003125 0.00859375