3 0.0609375 0.7296875 0.1171875 0.14609375
6 0.28203125 0.8234375 0.025 0.08828125
3 0.35546875 0.821875 0.1125 0.21328125
3 0.54296875 0.746875 0.17421875 0.15
3 0.58359375 0.678125 0.14765625 0.11875
3 0.578125 0.60625 0.12734375 0.0953125
3 0.58984375 0.54453125 0.11171875 0.07421875
3 0.378125 0.43828125 0.07890625 0.078125
3 0.3484375 0.46875 0.08671875 0.0859375
3 0.3125 0.50390625 0.10390625 0.10390625
3 0.27734375 0.55390625 0.09375 0.10546875
3 0.22578125 0.61015625 0.11171875 0.13125
3 0.11328125 0.50234375 0.08203125 0.07109375
3 0.02734375 0.45703125 0.05390625 0.0703125
3 0.159375 0.36640625 0.06640625 0.06171875
3 0.20625 0.30078125 0.05390625 0.04921875
10 0.24296875 0.4109375 0.06640625 0.071875
3 0.284375 0.38828125 0.053125 0.05390625
3 0.30625 0.36796875 0.04296875 0.04296875
3 0.3328125 0.340625 0.06171875 0.0515625
3 0.25390625 0.27109375 0.04921875 0.04140625
3 0.42578125 0.3796875 0.07421875 0.071875
3 0.4625 0.3390625 0.06796875 0.05859375
3 0.48125 0.321875 0.05390625 0.0453125
3 0.4046875 0.284375 0.05234375 0.03515625
3 0.31328125 0.23828125 0.05 0.04140625