3 0.13671875 0.19609375 0.01328125 0.040625
3 0.15 0.36328125 0.0140625 0.0484375
3 0.14453125 0.01796875 0.01484375 0.0359375
6 0.0828125 0.321875 0.00859375 0.01484375
6 0.0375 0.43359375 0.00859375 0.0109375
6 0.0265625 0.446875 0.00859375 0.01015625
6 0.021875 0.45703125 0.00546875 0.00625
6 0.02890625 0.4609375 0.00859375 0.01015625
6 0.025 0.46484375 0.00859375 0.0109375
4 0.1296875 0.7625 0.0078125 0.0265625
3 0.43125 0.9234375 0.01796875 0.0609375
9 0.40546875 0.625 0.01640625 0.0515625
3 0.43671875 0.15625 0.01328125 0.04296875
3 0.6859375 0.56875 0.01640625 0.05625
3 0.70078125 0.56953125 0.01484375 0.05078125
9 0.71875 0.57421875 0.02109375 0.07109375
3 0.715625 0.678125 0.0265625 0.0265625
4 0.6546875 0.69609375 0.01796875 0.0109375
4 0.646875 0.71171875 0.015625 0.0140625
4 0.659375 0.71484375 0.01328125 0.01640625
6 0.48203125 0.934375 0.00625 0.01640625
6 0.47109375 0.86640625 0.00546875 0.01171875
6 0.4703125 0.82578125 0.00390625 0.01171875
6 0.47421875 0.82421875 0.00546875 0.01328125
6 0.47734375 0.86328125 0.00546875 0.009375
6 0.47578125 0.87578125 0.00546875 0.01015625
6 0.4796875 0.878125 0.00390625 0.01015625
6 0.46796875 0.75625 0.0046875 0.009375
4 0.48671875 0.6359375 0.00546875 0.0234375
4 0.46953125 0.596875 0.0125 0.009375
4 0.465625 0.55625 0.0140625 0.0109375
4 0.4640625 0.54453125 0.0140625 0.01015625
4 0.46015625 0.51171875 0.0140625 0.01171875
1 0.4546875 0.484375 0.0109375 0.009375
1 0.4546875 0.46875 0.009375 0.009375
1 0.453125 0.4578125 0.00859375 0.00859375
1 0.425 0.415625 0.0046875 0.01015625
1 0.43046875 0.409375 0.00390625 0.0140625
4 0.40078125 0.353125 0.00703125 0.01875
4 0.446875 0.296875 0.00546875 0.01875
4 0.4515625 0.28359375 0.00390625 0.0203125
6 0.421875 0.184375 0.00546875 0.01171875
6 0.41328125 0.18828125 0.0046875 0.01328125
6 0.41875 0.2875 0.00390625 0.01171875
6 0.41640625 0.28125 0.00390625 0.0109375
6 0.4078125 0.2546875 0.0046875 0.01328125
6 0.41015625 0.2328125 0.003125 0.01171875
6 0.40625 0.23046875 0.003125 0.01171875
6 0.39609375 0.2234375 0.00546875 0.015625
6 0.40390625 0.209375 0.00390625 0.01484375
6 0.4 0.20546875 0.003125 0.01328125
6 0.40546875 0.18671875 0.00390625 0.01484375
6 0.39296875 0.18359375 0.00390625 0.0140625
6 0.440625 0.35390625 0.0046875 0.01015625
6 0.459375 0.346875 0.00546875 0.01015625
6 0.4453125 0.384375 0.00234375 0.009375
8 0.44765625 0.34609375 0.009375 0.03203125
8 0.45078125 0.38046875 0.00859375 0.028125
0 0.4515625 0.41875 0.01171875 0.0359375
4 0.4859375 0.34140625 0.00859375 0.028125
6 0.3921875 0.34765625 0.00390625 0.01171875
6 0.375 0.2265625 0.00390625 0.01015625
6 0.37109375 0.24375 0.0046875 0.0140625
6 0.38125 0.23203125 0.0046875 0.0140625
6 0.38203125 0.22734375 0.00390625 0.0140625
6 0.37265625 0.240625 0.00390625 0.01171875
6 0.3828125 0.07109375 0.00234375 0.0140625
4 0.32421875 0.1015625 0.00546875 0.0203125
6 0.334375 0.19296875 0.00390625 0.01640625
6 0.32109375 0.23125 0.00390625 0.01171875
6 0.321875 0.21484375 0.0046875 0.01328125
6 0.3203125 0.22734375 0.00390625 0.01015625
6 0.31796875 0.2078125 0.00234375 0.00859375
6 0.315625 0.21171875 0.0046875 0.01171875