3 0.93359375 0.5421875 0.03828125 0.0453125
3 0.734375 0.46171875 0.03046875 0.034375
3 0.68359375 0.421875 0.02734375 0.03359375
3 0.6578125 0.40078125 0.0265625 0.0296875
7 0.6453125 0.36953125 0.00546875 0.01328125
4 0.6453125 0.37578125 0.01328125 0.01328125
10 0.60859375 0.40859375 0.01640625 0.03984375
6 0.58203125 0.43515625 0.003125 0.021875
3 0.5796875 0.49375 0.01953125 0.04140625
3 0.56953125 0.52109375 0.0265625 0.040625
3 0.56171875 0.5421875 0.02578125 0.04375
3 0.55390625 0.5671875 0.028125 0.03984375
3 0.5421875 0.58671875 0.03359375 0.04296875
3 0.53984375 0.628125 0.01796875 0.04296875
3 0.48203125 0.62578125 0.02734375 0.0296875
3 0.46796875 0.61171875 0.02578125 0.03359375
3 0.45703125 0.5984375 0.02890625 0.03125
3 0.44375 0.58046875 0.025 0.025
3 0.4296875 0.5640625 0.021875 0.02578125
3 0.41953125 0.55234375 0.02421875 0.0265625
3 0.40859375 0.53671875 0.02578125 0.028125
3 0.3984375 0.5234375 0.01953125 0.02109375
3 0.390625 0.50703125 0.01796875 0.02421875
3 0.3796875 0.496875 0.02265625 0.0234375
3 0.36953125 0.4859375 0.02421875 0.02421875
3 0.3578125 0.47578125 0.01796875 0.0234375
3 0.56484375 0.453125 0.02578125 0.0296875
3 0.53671875 0.475 0.02890625 0.03359375
3 0.46640625 0.465625 0.028125 0.03671875
3 0.4578125 0.45390625 0.02578125 0.03203125
3 0.440625 0.434375 0.02578125 0.02890625
3 0.4140625 0.40703125 0.0109375 0.02578125
3 0.39296875 0.4265625 0.021875 0.0265625
3 0.36015625 0.409375 0.021875 0.02109375
6 0.353125 0.3234375 0.0046875 0.01640625
6 0.20078125 0.6359375 0.00546875 0.01796875
6 0.17109375 0.65625 0.00859375 0.02109375
3 0.05625 0.53671875 0.03671875 0.03046875
3 0.028125 0.5203125 0.0234375 0.03515625
3 0.021875 0.4828125 0.021875 0.034375
3 0.56796875 0.134375 0.01953125 0.01796875
10 0.55 0.109375 0.0171875 0.01953125