3 0.16015625 0.89453125 0.09296875 0.1546875
3 0.2921875 0.90703125 0.06640625 0.128125
10 0.3578125 0.90859375 0.059375 0.128125
3 0.5796875 0.8859375 0.13046875 0.11015625
3 0.57421875 0.8140625 0.12421875 0.096875
3 0.490625 0.69375 0.04765625 0.10078125
3 0.37890625 0.6734375 0.04609375 0.0890625
3 0.31640625 0.7640625 0.05 0.13671875
3 0.240625 0.6671875 0.06015625 0.10078125
3 0.27109375 0.5890625 0.04296875 0.06953125
3 0.35703125 0.52578125 0.03359375 0.06640625
3 0.3921875 0.5421875 0.02421875 0.06796875
10 0.296875 0.52265625 0.03125 0.0734375
3 0.30625 0.4859375 0.0359375 0.03828125
3 0.31796875 0.44375 0.021875 0.04296875
3 0.37265625 0.446875 0.025 0.04921875
3 0.3984375 0.46640625 0.01953125 0.05078125
9 0.4015625 0.428125 0.02109375 0.03828125
3 0.46328125 0.51328125 0.02890625 0.05078125
3 0.496875 0.48125 0.0515625 0.04296875
3 0.48828125 0.46640625 0.05078125 0.04453125
3 0.47734375 0.45546875 0.053125 0.04609375
3 0.48671875 0.44296875 0.04921875 0.03671875
3 0.46796875 0.425 0.03203125 0.03125
3 0.44921875 0.40859375 0.02265625 0.03125
3 0.4796875 0.39609375 0.03984375 0.03828125
3 0.34453125 0.37890625 0.02421875 0.03046875
3 0.475 0.37890625 0.0375 0.02421875
3 0.471875 0.36953125 0.03515625 0.025
3 0.47578125 0.3546875 0.03984375 0.03125
3 0.4765625 0.34609375 0.03046875 0.03125
3 0.46484375 0.3390625 0.02890625 0.021875
3 0.446875 0.3234375 0.015625 0.0265625
3 0.446875 0.315625 0.0125 0.0203125
3 0.3921875 0.38984375 0.01875 0.03125
3 0.396875 0.37578125 0.0203125 0.03125
3 0.39296875 0.35625 0.015625 0.02890625
3 0.41171875 0.353125 0.015625 0.02421875
10 0.4140625 0.3421875 0.01171875 0.0265625
3 0.396875 0.34296875 0.01640625 0.021875
3 0.4015625 0.3265625 0.01171875 0.028125
3 0.415625 0.29765625 0.01171875 0.01953125
3 0.440625 0.29453125 0.01171875 0.01640625
3 0.44921875 0.2890625 0.0125 0.01484375
3 0.3703125 0.328125 0.01796875 0.02109375
3 0.328125 0.36171875 0.0328125 0.021875
9 0.3328125 0.34609375 0.040625 0.03046875
3 0.3421875 0.33984375 0.02421875 0.028125
3 0.37578125 0.3171875 0.01328125 0.0234375
3 0.3765625 0.30703125 0.01171875 0.01953125
3 0.38125 0.303125 0.0109375 0.01484375
10 0.37578125 0.28984375 0.01796875 0.02421875
3 0.43984375 0.2 0.00390625 0.00546875
3 0.43359375 0.203125 0.00390625 0.00703125
3 0.428125 0.26328125 0.0078125 0.01484375
3 0.43046875 0.25859375 0.00546875 0.01015625
3 0.4265625 0.253125 0.00859375 0.01015625
3 0.40390625 0.25859375 0.00546875 0.01015625
3 0.40625 0.2578125 0.00703125 0.01015625
10 0.4078125 0.25390625 0.00703125 0.0109375
3 0.4109375 0.2515625 0.00546875 0.009375
3 0.4140625 0.24921875 0.00625 0.00859375
10 0.4125 0.24453125 0.0078125 0.01328125