3 0.965625 0.73984375 0.06875 0.1015625
3 0.96171875 0.65546875 0.0765625 0.0828125
3 0.96875 0.503125 0.0625 0.084375
3 0.75625 0.37578125 0.0578125 0.059375
3 0.73203125 0.44921875 0.0640625 0.0671875
3 0.72109375 0.475 0.0625 0.065625
4 0.83203125 0.2890625 0.0265625 0.028125
4 0.85 0.35859375 0.021875 0.025
3 0.8328125 0.16171875 0.0546875 0.05
3 0.83359375 0.14140625 0.05 0.04375
10 0.56640625 0.621875 0.0484375 0.0546875
3 0.48046875 0.546875 0.05625 0.0609375
3 0.42578125 0.66796875 0.0640625 0.071875
3 0.403125 0.73359375 0.06875 0.08125
3 0.39296875 0.778125 0.06875 0.0828125
3 0.38671875 0.821875 0.0703125 0.0828125
3 0.36875 0.90859375 0.0765625 0.09375
3 0.16328125 0.41640625 0.0484375 0.053125