3 0.36640625 0.64453125 0.0875 0.0515625
3 0.71171875 0.621875 0.0515625 0.0328125
2 0.6265625 0.68828125 0.1671875 0.0859375
3 0.8265625 0.6328125 0.040625 0.0265625
3 0.83515625 0.5203125 0.046875 0.0296875
3 0.93125 0.51484375 0.0390625 0.0234375
3 0.94921875 0.5421875 0.034375 0.021875
2 0.93046875 0.47265625 0.103125 0.05625
10 0.725 0.41484375 0.046875 0.03125
10 0.721875 0.3984375 0.05 0.0328125
2 0.9375 0.39609375 0.0703125 0.0375
10 0.88984375 0.3765625 0.0328125 0.01875
6 0.95703125 0.68359375 0.0140625 0.0078125
7 0.90234375 0.7 0.0125 0.0109375
6 0.940625 0.70234375 0.015625 0.009375
6 0.85234375 0.7296875 0.0171875 0.0109375
6 0.8375 0.73125 0.0125 0.009375
6 0.853125 0.73828125 0.021875 0.0125
6 0.51796875 0.92578125 0.0265625 0.0171875
6 0.54609375 0.93828125 0.0203125 0.015625
6 0.55859375 0.93203125 0.0171875 0.0125
6 0.5796875 0.9203125 0.015625 0.0109375
6 0.61953125 0.83046875 0.0203125 0.0125
6 0.66328125 0.7875 0.015625 0.0109375
6 0.70546875 0.8453125 0.0171875 0.0109375
6 0.778125 0.7515625 0.01875 0.0109375
6 0.50625 0.509375 0.0203125 0.0125
6 0.5515625 0.51484375 0.0203125 0.015625
6 0.5296875 0.52578125 0.0234375 0.0140625
6 0.3015625 0.3890625 0.0265625 0.01875
6 0.9984375 0.64140625 0.003125 0.0078125
6 0.9984375 0.64921875 0.003125 0.0109375
6 0.99453125 0.653125 0.0109375 0.00625
6 0.99296875 0.64921875 0.0140625 0.009375
6 0.96796875 0.64921875 0.0171875 0.0109375
6 0.9578125 0.6796875 0.0203125 0.0125
6 0.665625 0.78984375 0.0140625 0.0078125
6 0.621875 0.825 0.0171875 0.0140625
6 0.7109375 0.840625 0.0171875 0.0109375
6 0.71484375 0.8375 0.015625 0.0109375
6 0.584375 0.915625 0.0203125 0.015625
6 0.89453125 0.38203125 0.0140625 0.0078125
6 0.503125 0.50625 0.021875 0.0109375