3 0.7359375 0.23359375 0.0171875 0.0265625
3 0.68359375 0.28046875 0.0265625 0.0296875
3 0.803125 0.24609375 0.0171875 0.0265625
2 0.7109375 0.2765625 0.028125 0.0421875
10 0.584375 0.52265625 0.0375 0.059375
9 0.81015625 0.10625 0.0203125 0.0328125
10 0.75546875 0.196875 0.01875 0.0265625
6 0.75390625 0.5234375 0.0109375 0.01875
6 0.765625 0.5078125 0.0140625 0.0234375
6 0.7703125 0.50859375 0.0125 0.021875
6 0.753125 0.51640625 0.0125 0.021875
6 0.46796875 0.61015625 0.0125 0.0203125
6 0.48359375 0.60546875 0.0125 0.025
6 0.47890625 0.60703125 0.0109375 0.0171875
6 0.6328125 0.33515625 0.0109375 0.0171875
6 0.63671875 0.30546875 0.0078125 0.0125
6 0.6328125 0.31640625 0.009375 0.0140625
6 0.63046875 0.3171875 0.0078125 0.0125
6 0.63046875 0.30390625 0.009375 0.01875
6 0.628125 0.303125 0.0078125 0.015625
6 0.67890625 0.15859375 0.0078125 0.0140625
6 0.665625 0.184375 0.0078125 0.0125
3 0.71015625 0.11875 0.0234375 0.021875
3 0.709375 0.11484375 0.01875 0.0171875
6 0.68984375 0.1375 0.0078125 0.0140625
6 0.66015625 0.175 0.0078125 0.0125
6 0.6984375 0.1265625 0.0078125 0.0125