5 0.99453125 0.8359375 0.0109375 0.01875
10 0.95078125 0.40625 0.071875 0.06875
3 0.89453125 0.41640625 0.0640625 0.065625
3 0.7546875 0.45625 0.0671875 0.0671875
3 0.90234375 0.3265625 0.09375 0.046875
3 0.80390625 0.44609375 0.0625 0.0703125
3 0.846875 0.43828125 0.0625 0.0671875
4 0.840625 0.315625 0.0375 0.0234375
4 0.7796875 0.3265625 0.0328125 0.0328125
4 0.778125 0.29765625 0.034375 0.025
4 0.70546875 0.4671875 0.0359375 0.034375
4 0.65546875 0.3609375 0.046875 0.025
0 0.6359375 0.340625 0.05 0.04375
4 0.66171875 0.33671875 0.0234375 0.0265625
3 0.72734375 0.365625 0.1109375 0.0546875
3 0.71328125 0.30390625 0.1 0.05625
3 0.65234375 0.4890625 0.065625 0.0734375
3 0.59453125 0.50078125 0.065625 0.0765625
3 0.5390625 0.5171875 0.0640625 0.075
3 0.47734375 0.5296875 0.065625 0.0734375
3 0.41796875 0.54921875 0.0765625 0.0796875
8 0.55 0.39921875 0.065625 0.0296875
3 0.52578125 0.3484375 0.1171875 0.0609375
3 0.61171875 0.271875 0.1109375 0.05625
4 0.4734375 0.3921875 0.0359375 0.0375
3 0.32890625 0.45703125 0.121875 0.05625
9 0.30703125 0.39296875 0.153125 0.0703125
10 0.3546875 0.57578125 0.065625 0.0671875
3 0.2859375 0.5890625 0.078125 0.084375
3 0.20859375 0.60703125 0.071875 0.0828125
3 0.12890625 0.62890625 0.075 0.084375
3 0.05 0.6421875 0.0671875 0.0828125
3 0.06640625 0.51796875 0.1328125 0.0671875
3 0.05625 0.446875 0.1125 0.059375
4 0.5046875 0.228125 0.0484375 0.03125
4 0.41171875 0.22109375 0.0515625 0.025
4 0.559375 0.225 0.0296875 0.0296875
1 0.578125 0.21640625 0.01875 0.021875
4 0.59140625 0.2171875 0.0265625 0.0265625
4 0.61015625 0.2109375 0.028125 0.025
4 0.60625 0.22578125 0.0234375 0.0234375
4 0.60625 0.1890625 0.0390625 0.01875
1 0.62734375 0.2109375 0.0171875 0.025
1 0.63515625 0.2109375 0.01875 0.025
4 0.64375 0.21015625 0.0265625 0.0296875
4 0.66171875 0.20625 0.0296875 0.0265625
4 0.67421875 0.21015625 0.025 0.028125
4 0.6921875 0.2078125 0.0265625 0.03125
4 0.71328125 0.19453125 0.0296875 0.025
4 0.72734375 0.19765625 0.0296875 0.0296875
4 0.7421875 0.1890625 0.025 0.0265625
4 0.75234375 0.18984375 0.025 0.0234375
4 0.76484375 0.1921875 0.025 0.0265625
4 0.74765625 0.165625 0.0265625 0.015625
10 0.875 0.27109375 0.09375 0.046875