3 0.1609375 0.39921875 0.128125 0.0703125
3 0.184375 0.340625 0.1171875 0.059375
3 0.225 0.2234375 0.1 0.053125
3 0.25546875 0.16875 0.090625 0.0640625
3 0.321875 0.0625 0.05625 0.059375
3 0.4015625 0.11953125 0.05 0.05
3 0.1046875 0.5640625 0.15 0.1390625
3 0.275 0.61640625 0.096875 0.1046875
3 0.35078125 0.0296875 0.059375 0.034375
0 0.475 0.35078125 0.0453125 0.0390625
4 0.46796875 0.39765625 0.0390625 0.0140625
4 0.4625 0.41796875 0.0390625 0.021875
4 0.459375 0.43125 0.0375 0.0203125
4 0.5234375 0.3921875 0.028125 0.025
1 0.4625 0.4515625 0.028125 0.0109375
1 0.46875 0.475 0.0328125 0.0140625
6 0.49140625 0.43125 0.034375 0.0109375
6 0.5046875 0.41796875 0.028125 0.009375
6 0.51875 0.42421875 0.028125 0.009375
6 0.51484375 0.43203125 0.028125 0.009375
6 0.50078125 0.42421875 0.0296875 0.0109375
3 0.18359375 0.74609375 0.128125 0.0734375