3 0.02421875 0.25546875 0.0171875 0.04921875
3 0.1109375 0.1609375 0.034375 0.03359375
3 0.0453125 0.24609375 0.01953125 0.04296875
3 0.1875 0.1578125 0.03203125 0.03203125
3 0.2484375 0.18359375 0.034375 0.03984375
3 0.3171875 0.2109375 0.03046875 0.040625
3 0.3453125 0.19609375 0.03203125 0.0390625
3 0.39375 0.21796875 0.0328125 0.03125
3 0.4078125 0.25078125 0.03359375 0.03125
3 0.45546875 0.24375 0.03046875 0.03125
3 0.54453125 0.27109375 0.03671875 0.03515625
3 0.54921875 0.29921875 0.02578125 0.03046875
3 0.6265625 0.29296875 0.0390625 0.04140625
3 0.6359375 0.328125 0.0390625 0.03828125
3 0.69140625 0.10703125 0.0125 0.03125
3 0.68125 0.1890625 0.015625 0.0359375
3 0.67421875 0.28046875 0.025 0.03359375
3 0.68203125 0.31640625 0.03359375 0.034375
3 0.55703125 0.628125 0.04765625 0.05078125
3 0.60625 0.6515625 0.04296875 0.04453125
3 0.62109375 0.690625 0.04453125 0.03671875
3 0.5703125 0.67109375 0.05390625 0.05546875
3 0.56171875 0.69921875 0.05 0.05546875
3 0.61171875 0.71328125 0.05 0.03046875
3 0.60703125 0.6171875 0.05078125 0.053125
9 0.5953125 0.57578125 0.06953125 0.065625
3 0.52421875 0.53359375 0.0203125 0.071875
3 0.546875 0.47734375 0.01640625 0.053125
3 0.52890625 0.4765625 0.01796875 0.05390625
3 0.5078125 0.478125 0.02265625 0.071875
3 0.4578125 0.42890625 0.01796875 0.065625
2 0.48203125 0.48671875 0.03984375 0.17890625
7 0.5390625 0.19140625 0.00546875 0.01484375
7 0.53984375 0.18125 0.00625 0.01875
3 0.54609375 0.52890625 0.02109375 0.05546875
10 0.6734375 0.07890625 0.01796875 0.06171875
10 0.71953125 0.0640625 0.01640625 0.03984375
3 0.6828125 0.365625 0.04453125 0.04296875
10 0.178125 0.12734375 0.03046875 0.0359375