3 0.115625 0.72109375 0.07890625 0.140625
3 0.17265625 0.72734375 0.05859375 0.12890625
3 0.4390625 0.73125 0.09609375 0.0890625
3 0.47578125 0.8109375 0.10234375 0.10078125
3 0.0671875 0.71875 0.0796875 0.1234375
3 0.0671875 0.9375 0.13359375 0.0640625
6 0.2296875 0.81953125 0.015625 0.06640625
6 0.2046875 0.93515625 0.01796875 0.06328125
6 0.26796875 0.946875 0.01640625 0.04140625
4 0.540625 0.92265625 0.0296875 0.08046875
6 0.51171875 0.646875 0.01328125 0.0546875
2 0.11875 0.48046875 0.15625 0.08359375
3 0.1546875 0.43125 0.0453125 0.03125
3 0.24140625 0.45859375 0.05 0.03203125
3 0.2234375 0.43359375 0.046875 0.04140625
6 0.6671875 0.74609375 0.02421875 0.0546875
6 0.6546875 0.70625 0.015625 0.05078125
3 0.6875 0.55234375 0.05234375 0.06796875
3 0.57578125 0.37578125 0.02265625 0.03125
10 0.63515625 0.4453125 0.03671875 0.059375
3 0.70859375 0.5015625 0.0375 0.03671875
3 0.6703125 0.35703125 0.02421875 0.025
3 0.55859375 0.346875 0.01953125 0.02109375
6 0.61328125 0.36484375 0.00703125 0.021875
6 0.425 0.38671875 0.00859375 0.021875
6 0.43203125 0.38515625 0.00703125 0.03125
3 0.45 0.309375 0.01171875 0.01796875
9 0.4671875 0.33359375 0.0203125 0.0484375
3 0.53828125 0.30859375 0.0140625 0.01796875
3 0.090625 0.44765625 0.03671875 0.02109375
10 0.20078125 0.3609375 0.040625 0.03828125
2 0.534375 0.284375 0.03515625 0.03828125
2 0.459375 0.22421875 0.02578125 0.01328125
3 0.41328125 0.34921875 0.03125 0.021875
3 0.3328125 0.3265625 0.015625 0.02578125
3 0.3171875 0.33203125 0.01640625 0.02421875
3 0.3796875 0.221875 0.00703125 0.009375
3 0.3828125 0.2359375 0.01171875 0.01015625
6 0.38515625 0.31640625 0.00390625 0.01875
3 0.3546875 0.328125 0.02578125 0.0234375
3 0.365625 0.32421875 0.0203125 0.021875
3 0.37109375 0.3171875 0.01796875 0.01796875
3 0.3703125 0.31171875 0.0265625 0.01796875
3 0.37734375 0.30859375 0.01484375 0.01171875
3 0.37109375 0.30546875 0.0234375 0.0140625
3 0.3671875 0.2984375 0.025 0.01953125
3 0.37109375 0.2921875 0.02109375 0.01796875
3 0.36953125 0.28359375 0.02109375 0.01171875
3 0.36953125 0.278125 0.02109375 0.01484375
3 0.4125 0.3265625 0.0125 0.0234375
3 0.415625 0.3140625 0.015625 0.0203125
3 0.409375 0.30234375 0.0109375 0.02109375
3 0.40625 0.28984375 0.01328125 0.01328125
3 0.40546875 0.2828125 0.01171875 0.01796875
3 0.26328125 0.34609375 0.03125 0.02109375
3 0.29921875 0.3328125 0.01484375 0.02890625
6 0.24140625 0.36171875 0.00625 0.01640625
6 0.3703125 0.3703125 0.0046875 0.028125
6 0.35390625 0.47109375 0.0078125 0.034375
6 0.34453125 0.47109375 0.00390625 0.034375
6 0.28203125 0.52109375 0.00703125 0.03515625
6 0.35859375 0.409375 0.00625 0.028125
6 0.375 0.375 0.0046875 0.02421875
6 0.37265625 0.4359375 0.00703125 0.02890625
6 0.390625 0.35390625 0.0046875 0.01875
6 0.3859375 0.3515625 0.00390625 0.02421875
6 0.36015625 0.39140625 0.00546875 0.01953125
6 0.340625 0.4609375 0.00859375 0.0359375
6 0.30390625 0.5078125 0.00859375 0.03046875
6 0.33203125 0.46171875 0.00625 0.03125
6 0.3265625 0.4625 0.00859375 0.03203125
6 0.228125 0.53828125 0.01171875 0.03828125
6 0.26640625 0.5765625 0.015625 0.04375
6 0.26015625 0.5546875 0.00859375 0.040625
6 0.26953125 0.5703125 0.0078125 0.04296875
6 0.06640625 0.58203125 0.01171875 0.04453125
1 0.04375 0.60078125 0.03046875 0.02578125
1 0.03671875 0.55625 0.028125 0.028125
1 0.04375 0.5640625 0.02109375 0.0296875
4 0.0140625 0.58828125 0.028125 0.0296875
6 0.0078125 0.56953125 0.01015625 0.0265625
1 0.00859375 0.55390625 0.0171875 0.0265625
1 0.20234375 0.56328125 0.02578125 0.02890625
6 0.24453125 0.58359375 0.01015625 0.04609375
1 0.2328125 0.60546875 0.028125 0.03046875
1 0.24375 0.590625 0.02578125 0.02421875
1 0.23515625 0.5640625 0.02421875 0.02890625
1 0.13828125 0.59921875 0.02265625 0.0265625
1 0.1015625 0.5828125 0.02421875 0.02890625
1 0.13125 0.5640625 0.02578125 0.03515625
1 0.36875 0.46015625 0.0046875 0.02421875
1 0.359375 0.3734375 0.0046875 0.0203125
7 0.2328125 0.59609375 0.01171875 0.04140625
7 0.1 0.5703125 0.0125 0.0390625
6 0.13125 0.5890625 0.009375 0.03671875
7 0.24375 0.57890625 0.00859375 0.03671875
6 0.36484375 0.45390625 0.00546875 0.03359375
7 0.36015625 0.36328125 0.00625 0.01640625
7 0.53125 0.36953125 0.0046875 0.0109375
4 0.53125 0.37578125 0.00390625 0.01484375