6 0.06953125 0.1703125 0.02421875 0.05390625
6 0.0609375 0.18984375 0.01640625 0.05
6 0.1234375 0.19140625 0.01328125 0.04921875
6 0.2421875 0.3953125 0.01484375 0.04453125
3 0.1890625 0.35859375 0.05234375 0.14375
6 0.17265625 0.3234375 0.00625 0.0265625
3 0.13671875 0.61171875 0.06328125 0.17890625
3 0.3203125 0.63828125 0.05234375 0.18046875
3 0.08515625 0.87109375 0.08828125 0.19921875
3 0.278125 0.91640625 0.05390625 0.10546875
4 0.4484375 0.27578125 0.02265625 0.053125
7 0.44921875 0.25703125 0.01015625 0.03515625
1 0.46484375 0.36328125 0.01328125 0.06953125
6 0.47890625 0.35546875 0.009375 0.04453125
8 0.5453125 0.17890625 0.03828125 0.05
3 0.63125 0.1734375 0.08203125 0.08359375
3 0.6140625 0.3734375 0.08203125 0.13671875
6 0.59921875 0.2671875 0.015625 0.04921875
6 0.6171875 0.28671875 0.01171875 0.04140625
6 0.60546875 0.29609375 0.01171875 0.04296875
3 0.575 0.43203125 0.0765625 0.13984375
3 0.43984375 0.5796875 0.05078125 0.16328125
3 0.70546875 0.18125 0.04375 0.06640625
4 0.5953125 0.578125 0.03046875 0.04375
4 0.6046875 0.621875 0.03828125 0.03671875
2 0.44296875 0.81796875 0.071875 0.30390625
2 0.04609375 0.0859375 0.09140625 0.134375