9 0.36015625 0.12109375 0.053125 0.04921875
9 0.08125 0.703125 0.15390625 0.0515625
3 0.40234375 0.096875 0.03984375 0.03671875
3 0.62421875 0.078125 0.04765625 0.03203125
3 0.4609375 0.05703125 0.040625 0.03359375
3 0.59375 0.04921875 0.03984375 0.03203125
3 0.6203125 0.0265625 0.03828125 0.03203125
3 0.33984375 0.5375 0.0375 0.10625
3 0.225 0.51640625 0.05859375 0.05703125
3 0.22109375 0.59453125 0.08125 0.06953125
3 0.2171875 0.6921875 0.09140625 0.06796875
3 0.3796875 0.51875 0.03515625 0.090625
10 0.6671875 0.6515625 0.04453125 0.10546875
10 0.63828125 0.584375 0.0421875 0.09375
10 0.61484375 0.52890625 0.03984375 0.0890625
10 0.58359375 0.4765625 0.040625 0.08828125
3 0.5171875 0.4765625 0.0578125 0.06171875
3 0.5328125 0.509375 0.06015625 0.07109375
3 0.55546875 0.546875 0.06640625 0.071875
3 0.57265625 0.5984375 0.07109375 0.078125
3 0.59140625 0.65546875 0.075 0.078125
3 0.61484375 0.7 0.0765625 0.05703125
3 0.3328125 0.30703125 0.0484375 0.04140625
3 0.3921875 0.29921875 0.0421875 0.0390625
3 0.521875 0.33125 0.04296875 0.040625
3 0.56796875 0.278125 0.03359375 0.03671875
3 0.6140625 0.271875 0.03828125 0.0390625
3 0.5015625 0.284375 0.046875 0.0390625
3 0.453125 0.28828125 0.0390625 0.04375
3 0.50546875 0.2609375 0.03671875 0.03828125
3 0.4859375 0.22421875 0.02578125 0.04375
3 0.41171875 0.2265625 0.025 0.05546875
3 0.38984375 0.22734375 0.01875 0.0453125
3 0.50859375 0.21484375 0.02109375 0.04296875
3 0.52734375 0.21796875 0.02421875 0.04375
3 0.54765625 0.215625 0.02265625 0.0484375
3 0.56875 0.209375 0.02734375 0.04453125
3 0.6 0.209375 0.0265625 0.0515625
10 0.628125 0.2125 0.0296875 0.06171875
10 0.68984375 0.08203125 0.04921875 0.04375
3 0.58203125 0.17109375 0.04296875 0.02890625
3 0.3859375 0.190625 0.03515625 0.03203125
3 0.4265625 0.17890625 0.03984375 0.03671875
3 0.4828125 0.178125 0.03984375 0.0359375
6 0.1546875 0.2609375 0.01015625 0.02890625
6 0.14921875 0.25625 0.01015625 0.028125
6 0.1953125 0.24296875 0.00546875 0.02109375
6 0.190625 0.23984375 0.00703125 0.02421875