3 0.353125 0.0421875 0.028125 0.034375
3 0.378125 0.07734375 0.025 0.040625
3 0.40078125 0.1125 0.021875 0.0375
3 0.40703125 0.13984375 0.021875 0.028125
3 0.43515625 0.1578125 0.01875 0.034375
3 0.44765625 0.17734375 0.015625 0.021875
3 0.46015625 0.1984375 0.015625 0.0265625
3 0.47265625 0.2140625 0.0140625 0.021875
3 0.71796875 0.2125 0.021875 0.0234375
3 0.69140625 0.21875 0.025 0.01875
3 0.65859375 0.22890625 0.021875 0.0203125
3 0.6234375 0.24296875 0.021875 0.01875
3 0.59140625 0.25078125 0.01875 0.01875
3 0.596875 0.2671875 0.0078125 0.015625
3 0.6078125 0.26328125 0.009375 0.015625
3 0.62265625 0.2609375 0.009375 0.015625
3 0.6328125 0.2578125 0.009375 0.021875
3 0.64609375 0.25390625 0.009375 0.015625
3 0.675 0.24453125 0.009375 0.01875
3 0.6859375 0.2421875 0.009375 0.01875
3 0.6984375 0.2375 0.009375 0.01875
3 0.7171875 0.23359375 0.0125 0.0203125
6 0.68671875 0.08125 0.0078125 0.021875
6 0.66484375 0.0921875 0.003125 0.0203125
6 0.51875 0.19921875 0.003125 0.0140625
7 0.56796875 0.2421875 0.0046875 0.0109375
6 0.53203125 0.2484375 0.003125 0.015625
0 0.521875 0.1 0.015625 0.0203125
0 0.5109375 0.17421875 0.0125 0.0203125
6 0.42578125 0.22734375 0.003125 0.015625
6 0.4484375 0.2453125 0.003125 0.015625
6 0.45234375 0.24375 0.003125 0.015625
6 0.46171875 0.25234375 0.003125 0.01875
3 0.48359375 0.23203125 0.0125 0.021875
3 0.4921875 0.25078125 0.0125 0.015625
3 0.503125 0.26171875 0.009375 0.015625
3 0.515625 0.25703125 0.0125 0.015625
3 0.5109375 0.271875 0.0125 0.015625
3 0.52109375 0.290625 0.0171875 0.0125
3 0.5359375 0.27890625 0.009375 0.0140625
3 0.54375 0.28984375 0.009375 0.0125
3 0.53828125 0.3 0.009375 0.0109375
3 0.52578125 0.30703125 0.00625 0.0140625
3 0.5375 0.3109375 0.009375 0.0109375
3 0.5375 0.31875 0.009375 0.009375
6 0.52421875 0.3203125 0.003125 0.0109375
3 0.553125 0.31328125 0.009375 0.0140625
3 0.55 0.3265625 0.0078125 0.0109375
3 0.55078125 0.33515625 0.00625 0.0109375
3 0.54296875 0.3390625 0.009375 0.009375
3 0.5421875 0.3453125 0.009375 0.009375
9 0.53046875 0.34296875 0.0125 0.009375
10 0.51875 0.32890625 0.009375 0.009375
3 0.51171875 0.30078125 0.0125 0.0125
3 0.49609375 0.3046875 0.0125 0.0109375
3 0.47734375 0.30625 0.009375 0.009375
3 0.46953125 0.30859375 0.009375 0.009375
3 0.46015625 0.3109375 0.009375 0.009375
3 0.4515625 0.3125 0.009375 0.0109375
3 0.4421875 0.29765625 0.015625 0.0125
3 0.42421875 0.30390625 0.0125 0.0125
3 0.4265625 0.31484375 0.0125 0.009375
3 0.4046875 0.3078125 0.0125 0.009375
3 0.384375 0.31484375 0.0125 0.009375
3 0.36953125 0.31953125 0.0125 0.0109375
3 0.3375 0.3296875 0.0109375 0.009375
3 0.35078125 0.33671875 0.009375 0.009375
6 0.2875 0.34765625 0.003125 0.009375
3 0.3015625 0.3421875 0.009375 0.009375
3 0.32421875 0.3375 0.0125 0.0109375
3 0.33359375 0.34921875 0.00625 0.00625
3 0.32890625 0.35078125 0.0078125 0.009375
3 0.32421875 0.353125 0.009375 0.00625
3 0.21484375 0.36796875 0.009375 0.00625
3 0.2046875 0.37109375 0.00625 0.00625
3 0.1953125 0.37265625 0.009375 0.009375