3 0.16484375 0.94140625 0.03828125 0.06171875
3 0.184375 0.9015625 0.0453125 0.08046875
10 0.19921875 0.84921875 0.03828125 0.06953125
3 0.23984375 0.7828125 0.03984375 0.0640625
3 0.26484375 0.746875 0.0375 0.06015625
3 0.28203125 0.71796875 0.0375 0.05625
3 0.3 0.69375 0.0375 0.05703125
3 0.31640625 0.6671875 0.03359375 0.05078125
3 0.28828125 0.59921875 0.03671875 0.05
3 0.31328125 0.58125 0.03125 0.04453125
3 0.3234375 0.55390625 0.0328125 0.046875
3 0.3515625 0.89375 0.04453125 0.078125
3 0.36953125 0.8453125 0.04375 0.07421875
3 0.44453125 0.65 0.0375 0.05546875
3 0.4609375 0.615625 0.03828125 0.0484375
3 0.471875 0.59375 0.0359375 0.04921875
3 0.484375 0.57578125 0.03515625 0.053125
9 0.50234375 0.559375 0.0390625 0.05390625
9 0.52890625 0.503125 0.05078125 0.06484375
3 0.4046875 0.446875 0.03203125 0.0359375
3 0.51953125 0.42578125 0.02421875 0.03671875
9 0.49453125 0.41796875 0.02421875 0.04453125
3 0.471875 0.3984375 0.02109375 0.03515625
3 0.4515625 0.37109375 0.02109375 0.02890625
3 0.4359375 0.35625 0.02109375 0.03046875
9 0.53828125 0.36875 0.01328125 0.0265625
3 0.4546875 0.33828125 0.0265625 0.03046875
9 0.46875 0.32578125 0.03046875 0.04921875
9 0.47890625 0.31015625 0.03203125 0.0515625
3 0.4625 0.275 0.02109375 0.02421875
3 0.44765625 0.2609375 0.0203125 0.025
3 0.4328125 0.25078125 0.01953125 0.025
3 0.365625 0.29453125 0.02265625 0.025
3 0.365625 0.38125 0.02890625 0.03203125
3 0.3375 0.35546875 0.025 0.03125
3 0.378125 0.28203125 0.02421875 0.02578125
3 0.38515625 0.27109375 0.0234375 0.025
3 0.3453125 0.27421875 0.0234375 0.02578125
3 0.35546875 0.2640625 0.02265625 0.02109375
3 0.36328125 0.25390625 0.0234375 0.028125
3 0.37265625 0.24609375 0.02265625 0.021875
3 0.38359375 0.23203125 0.02109375 0.0234375
3 0.403125 0.21484375 0.0203125 0.021875
3 0.3015625 0.20078125 0.01796875 0.02421875
3 0.3078125 0.19140625 0.01953125 0.02109375
3 0.31796875 0.184375 0.01953125 0.0203125
3 0.33515625 0.16796875 0.01875 0.0203125
3 0.45234375 0.76796875 0.03046875 0.0640625
10 0.475 0.7875 0.0328125 0.06796875
3 0.52109375 0.8515625 0.03359375 0.07890625
3 0.54609375 0.88359375 0.03359375 0.08359375
3 0.57890625 0.92421875 0.034375 0.08828125
3 0.60703125 0.94375 0.03515625 0.05703125