3 0.48125 0.67578125 0.0125 0.0125
3 0.46796875 0.671875 0.0078125 0.0109375
6 0.46640625 0.67421875 0.0046875 0.009375
6 0.4640625 0.6734375 0.0046875 0.009375
3 0.41328125 0.63984375 0.0046875 0.00625
3 0.37109375 0.6109375 0.0046875 0.00625
3 0.35234375 0.59921875 0.003125 0.003125
3 0.353125 0.6015625 0.003125 0.003125
3 0.37421875 0.62890625 0.0046875 0.00625
3 0.39609375 0.65859375 0.0078125 0.0109375
3 0.3921875 0.6796875 0.009375 0.0125
3 0.36484375 0.6578125 0.0109375 0.0078125
3 0.4078125 0.68359375 0.0078125 0.0109375
3 0.42578125 0.70234375 0.009375 0.0125
3 0.43203125 0.73125 0.009375 0.0140625
3 0.45234375 0.7359375 0.0140625 0.0203125
3 0.440625 0.77734375 0.0125 0.0203125
7 0.43203125 0.78828125 0.00625 0.009375
4 0.43359375 0.79140625 0.0078125 0.015625
3 0.46796875 0.8515625 0.015625 0.0265625
3 0.490625 0.84765625 0.021875 0.0359375
3 0.5171875 0.83515625 0.01875 0.0296875
3 0.52109375 0.87578125 0.025 0.0390625
3 0.503125 0.8828125 0.0203125 0.0328125
3 0.4875 0.88125 0.0203125 0.0328125
3 0.49609375 0.9125 0.021875 0.0359375
10 0.52421875 0.91875 0.028125 0.053125
3 0.55 0.93203125 0.0265625 0.046875
3 0.5140625 0.9546875 0.0265625 0.046875
3 0.58984375 0.95390625 0.021875 0.025
3 0.6375 0.93828125 0.028125 0.0296875
3 0.1359375 0.9953125 0.028125 0.009375
3 0.13359375 0.9484375 0.0328125 0.0265625
3 0.13984375 0.95390625 0.03125 0.03125
3 0.1484375 0.95546875 0.0359375 0.0375
3 0.20234375 0.9734375 0.0390625 0.0421875
3 0.19921875 0.92265625 0.0265625 0.025
3 0.21328125 0.9078125 0.0234375 0.0234375
3 0.22265625 0.89296875 0.0265625 0.0234375
2 0.25625 0.78125 0.0421875 0.0421875
2 0.271875 0.74765625 0.0203125 0.025
3 0.27578125 0.75390625 0.0109375 0.0109375
2 0.27890625 0.72109375 0.0078125 0.0125
2 0.2796875 0.71328125 0.0078125 0.0109375
3 0.2734375 0.7046875 0.0078125 0.0078125
10 0.27578125 0.70078125 0.0078125 0.0078125
10 0.27890625 0.69921875 0.0078125 0.0078125
10 0.28203125 0.69609375 0.0078125 0.0078125
10 0.28828125 0.68984375 0.009375 0.0078125
10 0.29296875 0.6859375 0.0078125 0.0078125