3 0.5390625 0.009375 0.05625 0.01875
5 0.64765625 0.065625 0.059375 0.071875
2 0.76875 0.1625 0.0640625 0.0328125
4 0.7703125 0.43203125 0.0203125 0.0125
7 0.775 0.4328125 0.01875 0.009375
9 0.82734375 0.34296875 0.059375 0.075
9 0.85859375 0.43125 0.0734375 0.1078125
6 0.86015625 0.48671875 0.01875 0.009375
6 0.9609375 0.50625 0.01875 0.00625
9 0.915625 0.4328125 0.053125 0.05625
5 0.95625 0.41640625 0.0359375 0.0359375
5 0.9796875 0.46953125 0.040625 0.0296875
5 0.984375 0.4890625 0.03125 0.025
4 0.95390625 0.534375 0.0140625 0.0109375
3 0.72109375 0.44453125 0.0421875 0.025
3 0.753125 0.5171875 0.04375 0.025
3 0.3109375 0.67421875 0.053125 0.059375
3 0.26328125 0.68046875 0.0515625 0.053125
3 0.06953125 0.7328125 0.0578125 0.065625
6 0.9765625 0.70078125 0.015625 0.0078125
5 0.6953125 0.0125 0.0625 0.025