6 0.60078125 0.24140625 0.003125 0.01328125
6 0.565625 0.19765625 0.00390625 0.01171875
6 0.6734375 0.31875 0.00390625 0.01328125
6 0.64453125 0.27265625 0.00390625 0.0140625
6 0.69375 0.253125 0.0046875 0.0140625
6 0.7078125 0.27578125 0.00390625 0.01171875
3 0.425 0.21953125 0.0140625 0.01953125
3 0.34453125 0.24296875 0.01171875 0.021875
3 0.2546875 0.1015625 0.01171875 0.0109375
9 0.4765625 0.1359375 0.02734375 0.021875
9 0.4484375 0.1109375 0.02421875 0.01484375
9 0.45078125 0.10703125 0.02421875 0.01875
9 0.453125 0.1046875 0.02421875 0.0203125
9 0.46015625 0.09921875 0.02265625 0.01953125
9 0.46640625 0.09609375 0.021875 0.01796875
2 0.465625 0.08984375 0.01640625 0.01328125
9 0.6765625 0.1609375 0.03515625 0.025
9 0.7109375 0.16875 0.034375 0.0296875
3 0.328125 0.45546875 0.0171875 0.03125
3 0.22578125 0.40546875 0.01796875 0.0296875
3 0.165625 0.28359375 0.015625 0.0234375
3 0.090625 0.2765625 0.015625 0.01875
3 0.1046875 0.1546875 0.00859375 0.0109375
3 0.02421875 0.03203125 0.00546875 0.00859375
3 0.434375 0.028125 0.00703125 0.01015625
3 0.39140625 0.02890625 0.00546875 0.00703125
3 0.471875 0.0359375 0.00546875 0.00859375
3 0.47890625 0.00703125 0.00546875 0.00625