3 0.421875 0.53203125 0.01015625 0.01484375
10 0.4203125 0.51875 0.00703125 0.0140625
10 0.4234375 0.51171875 0.00703125 0.01328125
10 0.42265625 0.4984375 0.00859375 0.02109375
3 0.4125 0.49453125 0.0109375 0.00859375
3 0.38828125 0.49296875 0.01328125 0.009375
9 0.43828125 0.521875 0.01015625 0.02578125
3 0.434375 0.4984375 0.00703125 0.00859375
9 0.43359375 0.509375 0.00703125 0.01640625
3 0.4390625 0.61640625 0.01484375 0.02421875
3 0.4171875 0.66171875 0.0171875 0.034375
3 0.80078125 0.9984375 0.1015625 0.003125