3 0.7140625 0.91484375 0.04765625 0.07421875
3 0.6203125 0.93671875 0.04453125 0.06875
3 0.6578125 0.83125 0.0453125 0.06796875
3 0.58203125 0.865625 0.040625 0.071875
3 0.5484375 0.8 0.0359375 0.06328125
3 0.61484375 0.76796875 0.04296875 0.059375
6 0.6171875 0.7953125 0.00625 0.028125
10 0.765625 0.77578125 0.0359375 0.06640625
1 0.5625 0.778125 0.01015625 0.0265625
4 0.56875 0.75234375 0.0109375 0.025
7 0.56171875 0.77421875 0.00703125 0.0234375
7 0.57109375 0.75546875 0.00625 0.01640625
7 0.56796875 0.7484375 0.00703125 0.01796875
3 0.52109375 0.7484375 0.03515625 0.05546875
10 0.5796875 0.70390625 0.03046875 0.05546875
10 0.55234375 0.66796875 0.03125 0.046875
3 0.49140625 0.690625 0.03203125 0.04609375
3 0.52421875 0.63125 0.03046875 0.040625
3 0.61484375 0.5953125 0.03828125 0.03515625
3 0.46640625 0.64765625 0.028125 0.0453125
3 0.5 0.59140625 0.02890625 0.0359375
3 0.44375 0.60625 0.02578125 0.04296875
3 0.47578125 0.55703125 0.02578125 0.03203125
10 0.48671875 0.534375 0.02734375 0.04453125
3 0.42578125 0.56953125 0.0265625 0.03984375
6 0.59921875 0.5125 0.00703125 0.02109375
6 0.5515625 0.48359375 0.00546875 0.02109375
6 0.575 0.43671875 0.0046875 0.021875
7 0.603125 0.4765625 0.00546875 0.0109375
6 0.48828125 0.5109375 0.00390625 0.01953125
1 0.4609375 0.53671875 0.00703125 0.01484375
7 0.46171875 0.53203125 0.00390625 0.01875
3 0.4796875 0.4453125 0.02890625 0.02578125
10 0.40546875 0.5359375 0.01875 0.03828125
10 0.39296875 0.509375 0.01640625 0.03515625
3 0.38203125 0.48828125 0.01796875 0.034375
3 0.41953125 0.4359375 0.01484375 0.021875
3 0.40234375 0.440625 0.01875 0.025
3 0.3703125 0.46796875 0.02578125 0.02890625
3 0.38984375 0.42109375 0.01796875 0.02109375
3 0.35625 0.44609375 0.01875 0.02578125
6 0.3265625 0.45 0.0046875 0.021875
7 0.33515625 0.4484375 0.00625 0.0140625
3 0.34453125 0.42421875 0.01640625 0.02578125
10 0.37734375 0.39609375 0.01640625 0.0296875
3 0.334375 0.40546875 0.01484375 0.02421875
3 0.3640625 0.38359375 0.01484375 0.021875
3 0.35703125 0.36953125 0.01484375 0.0203125
3 0.32578125 0.3875 0.015625 0.02109375
3 0.3484375 0.35546875 0.0125 0.02109375
3 0.3390625 0.34375 0.01328125 0.01953125
6 0.6359375 0.38359375 0.00390625 0.01640625
6 0.640625 0.3890625 0.00390625 0.01796875
6 0.653125 0.3796875 0.00234375 0.0109375
6 0.64921875 0.36953125 0.00390625 0.015625
3 0.62734375 0.3734375 0.02265625 0.01875
3 0.61328125 0.3640625 0.021875 0.021875
4 0.67265625 0.36328125 0.00859375 0.0140625
4 0.66796875 0.36171875 0.00859375 0.01328125
4 0.66640625 0.35859375 0.01015625 0.01015625
10 0.515625 0.328125 0.01953125 0.0203125
6 0.51953125 0.30546875 0.00234375 0.01171875
6 0.51640625 0.30546875 0.00234375 0.01171875
4 0.50625 0.29296875 0.00546875 0.01015625
10 0.48125 0.2859375 0.01328125 0.0203125
3 0.48359375 0.28046875 0.01171875 0.0140625
6 0.23828125 0.46953125 0.0046875 0.01953125
6 0.2421875 0.4609375 0.00625 0.0203125
6 0.26796875 0.48203125 0.00625 0.0234375
6 0.30234375 0.45078125 0.00546875 0.0203125
6 0.296875 0.46875 0.00546875 0.01875
7 0.2828125 0.46484375 0.00625 0.01484375
6 0.18984375 0.38984375 0.00546875 0.01875
6 0.2140625 0.38359375 0.0046875 0.01484375
6 0.21015625 0.37578125 0.00390625 0.01328125
6 0.2109375 0.33515625 0.0046875 0.01484375
4 0.22265625 0.34375 0.00390625 0.01484375
0 0.21328125 0.31875 0.01015625 0.01953125
3 0.32578125 0.321875 0.0140625 0.015625
9 0.31640625 0.3078125 0.01875 0.02109375
3 0.28828125 0.2921875 0.0109375 0.01796875
10 0.303125 0.2859375 0.01015625 0.02109375
3 0.296875 0.27890625 0.01015625 0.015625
9 0.2703125 0.2828125 0.01484375 0.02109375
3 0.29140625 0.26875 0.01015625 0.0140625
10 0.28359375 0.25546875 0.0109375 0.01796875
3 0.26640625 0.27421875 0.009375 0.02109375
3 0.25625 0.2609375 0.01015625 0.01328125
10 0.27890625 0.24921875 0.00625 0.0109375
3 0.275 0.24296875 0.009375 0.01171875
3 0.26953125 0.2359375 0.00859375 0.0140625
3 0.26640625 0.2296875 0.00859375 0.01328125
3 0.2609375 0.221875 0.0078125 0.01171875
10 0.240625 0.22890625 0.01015625 0.01640625
3 0.25625 0.2046875 0.0140625 0.0109375
3 0.23046875 0.21875 0.0140625 0.0140625
3 0.24765625 0.2015625 0.00703125 0.01171875
10 0.259375 0.1765625 0.01328125 0.0140625
3 0.2203125 0.19453125 0.0078125 0.01171875
3 0.2375 0.184375 0.00703125 0.01015625
3 0.2171875 0.1890625 0.00703125 0.00859375
3 0.21484375 0.184375 0.00703125 0.009375
3 0.2109375 0.178125 0.00703125 0.0109375
3 0.234375 0.17890625 0.00703125 0.01015625
3 0.23125 0.175 0.00625 0.009375
3 0.22734375 0.16953125 0.00625 0.009375
3 0.2390625 0.15859375 0.01015625 0.009375
3 0.23046875 0.190625 0.0078125 0.01015625
3 0.21953125 0.17265625 0.00703125 0.01015625
3 0.21328125 0.15859375 0.01015625 0.01015625
10 0.19453125 0.15625 0.01171875 0.01796875
5 0.17265625 0.1578125 0.015625 0.0234375
9 0.15078125 0.16171875 0.015625 0.01953125
3 0.20625 0.1484375 0.01015625 0.009375
10 0.18359375 0.15390625 0.01015625 0.01015625
6 0.21640625 0.14453125 0.003125 0.01171875