3 0.8 0.41328125 0.178125 0.1921875
3 0.63125 0.41875 0.1421875 0.15
3 0.41015625 0.28515625 0.0859375 0.065625
3 0.41796875 0.415625 0.0734375 0.053125
3 0.55859375 0.4359375 0.109375 0.1265625
3 0.50078125 0.45625 0.0921875 0.1
10 0.4609375 0.4515625 0.084375 0.0890625
3 0.4453125 0.46796875 0.0921875 0.1
10 0.37578125 0.44296875 0.065625 0.0453125
3 0.48203125 0.08359375 0.1265625 0.115625
3 0.371875 0.21640625 0.0875 0.071875
6 0.31640625 0.2171875 0.046875 0.0234375
6 0.31328125 0.24140625 0.0375 0.0203125
6 0.2625 0.178125 0.0390625 0.0203125
6 0.271875 0.16484375 0.0453125 0.025
3 0.30703125 0.3125 0.0640625 0.0515625
10 0.29140625 0.34609375 0.0578125 0.0453125
3 0.2390625 0.34609375 0.04375 0.040625
3 0.2265625 0.32890625 0.0453125 0.04375
3 0.16875 0.24453125 0.046875 0.04375
3 0.2609375 0.32265625 0.046875 0.053125
3 0.21484375 0.23046875 0.0421875 0.0453125
3 0.21796875 0.315625 0.0421875 0.040625
3 0.209375 0.30234375 0.040625 0.04375
3 0.20234375 0.2859375 0.0390625 0.0390625
3 0.19296875 0.271875 0.0359375 0.0375
3 0.278125 0.42578125 0.0453125 0.0390625
3 0.32109375 0.41171875 0.05 0.040625
3 0.271875 0.4640625 0.0375 0.034375
3 0.30078125 0.45625 0.04375 0.04375
3 0.31875 0.4578125 0.0390625 0.0375
3 0.30390625 0.48515625 0.0375 0.034375
3 0.29921875 0.50078125 0.034375 0.0296875
3 0.2671875 0.4890625 0.034375 0.0328125
3 0.2640625 0.51171875 0.0296875 0.028125
3 0.2625 0.52890625 0.03125 0.028125
3 0.27890625 0.54453125 0.03125 0.0265625
3 0.259375 0.5484375 0.025 0.025
3 0.403125 0.6375 0.0453125 0.0390625
3 0.38828125 0.609375 0.0453125 0.0390625
3 0.36328125 0.65390625 0.0453125 0.034375
3 0.35390625 0.6328125 0.0421875 0.0375
3 0.31875 0.64296875 0.0421875 0.0453125
10 0.24609375 0.58984375 0.025 0.01875
3 0.25078125 0.63828125 0.01875 0.015625
3 0.7828125 0.05625 0.1375 0.1125
3 0.5828125 0.01875 0.1875 0.0375