0 0.28515625 0.321875 0.01953125 0.0234375
8 0.30625 0.3265625 0.02421875 0.02890625
0 0.26484375 0.3203125 0.01796875 0.01640625
10 0.3375 0.39140625 0.03359375 0.04609375
4 0.24140625 0.97265625 0.0234375 0.03046875
4 0.24375 0.959375 0.01953125 0.028125
4 0.2546875 0.946875 0.0234375 0.03046875
4 0.278125 0.934375 0.01796875 0.04609375
6 0.3703125 0.85546875 0.0078125 0.0265625
6 0.34609375 0.88046875 0.00703125 0.03359375
6 0.35390625 0.88671875 0.0125 0.04453125
4 0.34765625 0.7953125 0.02265625 0.03671875
4 0.36484375 0.75859375 0.01640625 0.021875
4 0.375 0.75234375 0.015625 0.025
4 0.38515625 0.72890625 0.02109375 0.0296875
6 0.496875 0.834375 0.0109375 0.03671875
3 0.4765625 0.846875 0.0671875 0.07421875
0 0.403125 0.9703125 0.05703125 0.05390625
6 0.3375 0.8234375 0.00625 0.01640625
10 0.61953125 0.67265625 0.034375 0.0765625
4 0.5 0.57421875 0.01875 0.02109375
0 0.51171875 0.54296875 0.02734375 0.03671875
8 0.5328125 0.584375 0.02109375 0.0265625
6 0.5578125 0.4625 0.00703125 0.02890625
6 0.5765625 0.4890625 0.00703125 0.02109375
6 0.57421875 0.49375 0.00546875 0.01875
4 0.5859375 0.47421875 0.01484375 0.0234375
4 0.584375 0.45546875 0.0125 0.0203125
4 0.5828125 0.39765625 0.01015625 0.01796875
4 0.61015625 0.3953125 0.00703125 0.01875
8 0.5890625 0.43046875 0.0171875 0.02578125
4 0.56640625 0.43046875 0.01484375 0.015625
8 0.5703125 0.4234375 0.02109375 0.021875
10 0.6359375 0.3765625 0.03984375 0.04140625
9 0.6484375 0.44453125 0.05703125 0.0515625
10 0.67578125 0.27109375 0.02578125 0.025
4 0.51015625 0.96640625 0.01640625 0.05546875
7 0.51171875 0.965625 0.015625 0.03125
6 0.7890625 0.946875 0.00625 0.025
6 0.78203125 0.92265625 0.01171875 0.03828125
4 0.93203125 0.61640625 0.02578125 0.0265625
8 0.9328125 0.57265625 0.01796875 0.02890625
8 0.9265625 0.56015625 0.01953125 0.03125
4 0.91015625 0.540625 0.01171875 0.025
9 0.8796875 0.5609375 0.02265625 0.06953125
4 0.91953125 0.503125 0.0125 0.01640625
6 0.91328125 0.478125 0.00703125 0.01640625
10 0.925 0.46953125 0.02109375 0.046875
3 0.7015625 0.278125 0.0140625 0.028125
4 0.61953125 0.31171875 0.0109375 0.01328125
6 0.61875 0.3109375 0.00703125 0.01796875
4 0.62734375 0.29375 0.01015625 0.01484375
0 0.65 0.2328125 0.015625 0.0234375
1 0.70703125 0.21875 0.01171875 0.01171875
4 0.7203125 0.22109375 0.0078125 0.0140625
1 0.73046875 0.221875 0.00703125 0.0109375
7 0.7390625 0.23203125 0.00234375 0.01328125
7 0.7359375 0.228125 0.0046875 0.01171875
4 0.73515625 0.23046875 0.01015625 0.0109375
8 0.74765625 0.22578125 0.0125 0.01484375
1 0.759375 0.221875 0.00859375 0.01171875
4 0.765625 0.228125 0.00625 0.01171875
4 0.76796875 0.2234375 0.00546875 0.01484375
6 0.77734375 0.22890625 0.00390625 0.01640625
8 0.79375 0.215625 0.0078125 0.0140625
6 0.73046875 0.2140625 0.00390625 0.01875
10 0.78515625 0.2421875 0.025 0.025
8 0.7796875 0.26796875 0.01015625 0.02578125
8 0.796875 0.2625 0.01328125 0.0265625
8 0.8234375 0.23359375 0.01171875 0.01171875
7 0.83359375 0.234375 0.00546875 0.01015625
1 0.81171875 0.23359375 0.009375 0.00859375
7 0.57578125 0.13515625 0.00703125 0.0203125
6 0.578125 0.13203125 0.0046875 0.025
7 0.81640625 0.22578125 0.00390625 0.01484375
4 0.8078125 0.22421875 0.01171875 0.009375
7 0.81484375 0.25234375 0.00390625 0.0140625
8 0.81484375 0.25546875 0.00703125 0.01796875
6 0.846875 0.2328125 0.00390625 0.0140625
8 0.82890625 0.27421875 0.01328125 0.034375
6 0.90390625 0.15703125 0.00390625 0.01484375
6 0.884375 0.16171875 0.00390625 0.0109375
9 0.8953125 0.184375 0.03046875 0.05
4 0.809375 0.22578125 0.00859375 0.01015625
7 0.7296875 0.00390625 0.00234375 0.00546875
4 0.7296875 0.00546875 0.00234375 0.00625