7 0.50234375 0.0234375 0.0046875 0.01796875
7 0.5328125 0.015625 0.00546875 0.01875
7 0.36171875 0.075 0.00390625 0.01484375
6 0.26953125 0.88125 0.01015625 0.0203125
6 0.2609375 0.91640625 0.01171875 0.025
4 0.23984375 0.9125 0.02265625 0.015625
4 0.2453125 0.88828125 0.02265625 0.01875
4 0.2609375 0.728125 0.02109375 0.028125
1 0.26328125 0.70546875 0.01640625 0.0140625
4 0.2734375 0.64609375 0.02265625 0.0203125
4 0.27578125 0.61328125 0.01796875 0.0265625
4 0.3 0.44921875 0.01875 0.01484375
4 0.2984375 0.4375 0.0171875 0.01796875
4 0.30078125 0.42578125 0.01796875 0.01796875
4 0.30234375 0.4171875 0.01484375 0.01953125
4 0.30234375 0.39921875 0.01484375 0.01640625
4 0.30859375 0.3640625 0.01328125 0.02109375
4 0.3109375 0.33671875 0.01640625 0.01328125
4 0.31328125 0.29921875 0.015625 0.01171875
4 0.36328125 0.46328125 0.01953125 0.0203125
4 0.365625 0.31640625 0.01484375 0.01953125
4 0.378125 0.2703125 0.01640625 0.01875
4 0.37421875 0.259375 0.01640625 0.01875
4 0.39140625 0.2046875 0.01640625 0.01875
4 0.325 0.2078125 0.01328125 0.0140625
4 0.32734375 0.18671875 0.0125 0.01328125
4 0.33125 0.13359375 0.01171875 0.01171875
4 0.3765625 0.13671875 0.015625 0.015625
4 0.36171875 0.078125 0.00703125 0.015625
0 0.38671875 0.0796875 0.0203125 0.02578125
3 0.37890625 0.10703125 0.02890625 0.0296875
3 0.3734375 0.12109375 0.0296875 0.03671875
3 0.38046875 0.18359375 0.03515625 0.0390625
3 0.38203125 0.2140625 0.03515625 0.0359375
3 0.37890625 0.2359375 0.03515625 0.03515625
10 0.378125 0.15703125 0.034375 0.0390625
3 0.38046875 0.290625 0.04296875 0.03671875
3 0.38359375 0.34140625 0.04375 0.03203125
10 0.38359375 0.37734375 0.04296875 0.0359375
3 0.384375 0.4109375 0.04609375 0.03046875
3 0.384375 0.48671875 0.04921875 0.04296875
3 0.38359375 0.51796875 0.04765625 0.04609375
3 0.3859375 0.5609375 0.04765625 0.03671875
3 0.38359375 0.60078125 0.05390625 0.04453125
3 0.38671875 0.64765625 0.05390625 0.05078125
3 0.38125 0.77890625 0.06171875 0.053125
3 0.37578125 0.828125 0.059375 0.04609375
3 0.37578125 0.8859375 0.06015625 0.04609375
4 0.50234375 0.028125 0.01328125 0.01171875
4 0.53359375 0.02109375 0.0140625 0.01171875