3 0.7671875 0.90625 0.0453125 0.103125
10 0.77265625 0.80859375 0.0375 0.078125
10 0.8 0.728125 0.053125 0.065625
2 0.671875 0.77265625 0.0671875 0.2015625
3 0.6453125 0.30078125 0.0171875 0.028125
10 0.63671875 0.26796875 0.0140625 0.0265625
3 0.6296875 0.2515625 0.0140625 0.0203125
3 0.61640625 0.20234375 0.0140625 0.01875
3 0.61328125 0.1890625 0.0203125 0.0203125
10 0.60859375 0.17421875 0.0109375 0.015625
3 0.59609375 0.18359375 0.009375 0.015625
4 0.71484375 0.38828125 0.0109375 0.015625
4 0.7078125 0.4703125 0.0078125 0.025
6 0.72734375 0.41875 0.0046875 0.01875
8 0.709375 0.415625 0.009375 0.0125
8 0.71171875 0.43046875 0.0171875 0.0171875
1 0.7125 0.43671875 0.0125 0.0125
4 0.81953125 0.8265625 0.0234375 0.0421875
4 0.6765625 0.346875 0.0125 0.0125
4 0.65234375 0.26171875 0.009375 0.009375
3 0.54453125 0.19609375 0.0109375 0.01875
10 0.53125 0.1703125 0.0109375 0.01875
3 0.53671875 0.12890625 0.009375 0.015625
7 0.38125 0.46484375 0.00625 0.0109375
7 0.4 0.3765625 0.003125 0.0125
7 0.475 0.0921875 0.003125 0.00625
7 0.46953125 0.09453125 0.003125 0.00625
7 0.459375 0.0953125 0.003125 0.00625
7 0.4609375 0.10390625 0.0015625 0.00625
7 0.45625 0.1046875 0.003125 0.009375
7 0.45390625 0.1140625 0.003125 0.009375
7 0.4484375 0.14609375 0.003125 0.00625
3 0.53515625 0.0953125 0.0078125 0.0125
3 0.5265625 0.04609375 0.00625 0.0125
3 0.53515625 0.03125 0.00625 0.0125
7 0.58046875 0.12890625 0.003125 0.00625
4 0.58125 0.13359375 0.003125 0.00625
4 0.475 0.09765625 0.003125 0.00625
4 0.46875 0.1 0.003125 0.00625
4 0.46171875 0.109375 0.003125 0.0046875
4 0.45859375 0.09921875 0.003125 0.0046875
4 0.45625 0.1078125 0.003125 0.00625
4 0.4546875 0.11875 0.003125 0.00625
4 0.44921875 0.15078125 0.0015625 0.00625
4 0.4 0.384375 0.00625 0.0125
4 0.38203125 0.47734375 0.0046875 0.0125
7 0.33203125 0.79609375 0.0078125 0.021875
4 0.3328125 0.80625 0.0125 0.0375
1 0.2734375 0.84609375 0.0203125 0.0171875
1 0.28359375 0.7921875 0.0203125 0.0171875
1 0.28671875 0.77109375 0.0203125 0.0171875
1 0.2890625 0.7609375 0.0203125 0.0203125
1 0.2921875 0.7421875 0.0203125 0.0203125
1 0.296875 0.72265625 0.01875 0.0171875
1 0.2984375 0.715625 0.0171875 0.0171875
1 0.30234375 0.696875 0.0171875 0.0171875
1 0.30234375 0.6890625 0.0203125 0.0203125
3 0.528125 0.00703125 0.00625 0.009375