3 0.35546875 0.51328125 0.01953125 0.0453125
10 0.35390625 0.45703125 0.01953125 0.046875
3 0.340625 0.35703125 0.0171875 0.03515625
3 0.41328125 0.28671875 0.01875 0.040625
10 0.496875 0.040625 0.0171875 0.040625
3 0.58984375 0.3640625 0.0140625 0.03828125
3 0.5984375 0.31328125 0.01484375 0.03828125
3 0.5859375 0.28828125 0.01328125 0.03125
3 0.60859375 0.2609375 0.0125 0.034375
6 0.5828125 0.571875 0.00546875 0.01015625
6 0.628125 0.62421875 0.00546875 0.00625
3 0.66875 0.715625 0.02890625 0.02578125
3 0.12265625 0.46875 0.01640625 0.034375
10 0.10859375 0.4578125 0.021875 0.0453125
3 0.140625 0.19609375 0.0234375 0.0265625
10 0.14921875 0.1734375 0.02421875 0.0296875
3 0.1234375 0.15546875 0.0234375 0.02578125
3 0.11796875 0.1765625 0.01875 0.0234375