3 0.34453125 0.88671875 0.01328125 0.03125
3 0.31953125 0.7796875 0.0125 0.02421875
9 0.15703125 0.134375 0.00546875 0.01484375
9 0.1453125 0.23046875 0.00703125 0.015625
9 0.11875 0.22578125 0.0078125 0.02421875
9 0.13046875 0.07578125 0.00625 0.01953125
10 0.14765625 0.08359375 0.003125 0.00703125
10 0.159375 0.16875 0.003125 0.00859375
10 0.15390625 0.19375 0.003125 0.00859375
3 0.1515625 0.2921875 0.00390625 0.01015625
3 0.134375 0.18359375 0.00546875 0.00859375
3 0.15 0.26171875 0.00390625 0.01015625
3 0.15078125 0.21328125 0.00390625 0.00859375
3 0.15703125 0.1484375 0.00390625 0.00703125
3 0.21171875 0.25078125 0.00390625 0.01015625
3 0.209375 0.24375 0.0046875 0.01015625
3 0.4875 0.959375 0.01953125 0.02421875
3 0.44140625 0.9421875 0.01953125 0.025
3 0.45546875 0.96171875 0.02421875 0.01875
3 0.71953125 0.8125 0.01484375 0.02109375
9 0.6375 0.86171875 0.02578125 0.0203125
3 0.60234375 0.53203125 0.01171875 0.01171875
9 0.475 0.35546875 0.01171875 0.01640625
9 0.4140625 0.328125 0.00859375 0.01953125
10 0.3609375 0.26640625 0.0046875 0.01015625
1 0.26484375 0.625 0.00390625 0.01328125
1 0.32890625 0.94296875 0.00703125 0.01328125
3 0.12265625 0.37890625 0.00546875 0.01328125
3 0.121875 0.32265625 0.00390625 0.0140625
5 0.2 0.65546875 0.02109375 0.07109375
3 0.39453125 0.6359375 0.00859375 0.0234375
3 0.3890625 0.65859375 0.00703125 0.021875
3 0.46875 0.29453125 0.00859375 0.00859375
6 0.19375 0.29375 0.0015625 0.00546875
6 0.19296875 0.2828125 0.00078125 0.0046875
6 0.1890625 0.26484375 0.0015625 0.00546875
6 0.1875 0.26484375 0.0015625 0.00546875
6 0.190625 0.25625 0.0015625 0.00546875
6 0.18984375 0.2484375 0.00078125 0.00546875
6 0.18359375 0.2421875 0.00078125 0.0046875