10 0.33984375 0.015625 0.0203125 0.028125
3 0.3546875 0.02890625 0.0234375 0.028125
0 0.3375 0.009375 0.01875 0.01875
4 0.3375 0.04296875 0.009375 0.0140625
4 0.34375 0.04921875 0.0125 0.0203125
3 0.38359375 0.03046875 0.0328125 0.0265625
4 0.39296875 0.115625 0.0109375 0.0171875
8 0.396875 0.18984375 0.040625 0.0484375
4 0.46484375 0.23515625 0.025 0.0265625
6 0.17734375 0.20703125 0.0234375 0.0359375
7 0.20078125 0.25 0.0234375 0.03125
7 0.19140625 0.2890625 0.0203125 0.03125
7 0.23046875 0.35390625 0.021875 0.034375
7 0.24453125 0.39296875 0.021875 0.034375
7 0.25234375 0.41484375 0.0234375 0.0359375
7 0.265625 0.43671875 0.025 0.040625
7 0.278125 0.46484375 0.025 0.034375
6 0.30625 0.45625 0.0296875 0.0546875
7 0.37734375 0.54453125 0.0296875 0.05
7 0.32890625 0.50859375 0.025 0.040625
7 0.47265625 0.67734375 0.0296875 0.04375
6 0.54140625 0.70703125 0.034375 0.0609375
6 0.73359375 0.81171875 0.046875 0.06875
6 0.76015625 0.840625 0.0390625 0.078125
6 0.85703125 0.91171875 0.040625 0.0625
4 0.70625 0.5109375 0.034375 0.0375
4 0.66484375 0.478125 0.0375 0.04375