10 0.51640625 0.63515625 0.05078125 0.0796875
3 0.4015625 0.51171875 0.040625 0.06015625
3 0.35078125 0.44921875 0.03515625 0.0609375
3 0.31015625 0.390625 0.03515625 0.05625
3 0.27265625 0.203125 0.03125 0.04375
3 0.22421875 0.2734375 0.028125 0.04609375
3 0.21484375 0.12421875 0.015625 0.034375
3 0.23671875 0.05859375 0.02578125 0.025
10 0.27890625 0.3484375 0.03359375 0.0609375
6 0.46640625 0.6734375 0.00703125 0.02109375
6 0.27734375 0.18046875 0.00703125 0.02109375
6 0.2796875 0.16875 0.00546875 0.01953125
6 0.03984375 0.15703125 0.00859375 0.01953125
6 0.0765625 0.27421875 0.00859375 0.02109375
6 0.06484375 0.2859375 0.00703125 0.01640625
6 0.1875 0.05078125 0.00703125 0.01640625
6 0.17734375 0.0390625 0.00546875 0.01484375
6 0.2203125 0.034375 0.0046875 0.01796875
6 0.23125 0.04296875 0.00546875 0.01328125
6 0.14921875 0.02421875 0.00546875 0.01953125
6 0.153125 0.02109375 0.00546875 0.01640625
7 0.15703125 0.46796875 0.009375 0.01875
6 0.15859375 0.2796875 0.00625 0.02421875
6 0.1515625 0.2796875 0.00703125 0.0203125
3 0.03359375 0.01484375 0.01796875 0.021875
2 0.340625 0.30078125 0.05390625 0.078125