3 0.11484375 0.4078125 0.07734375 0.06796875
1 0.11015625 0.36796875 0.01796875 0.02421875
2 0.0484375 0.75859375 0.09609375 0.30703125
3 0.265625 0.31171875 0.0375 0.0609375
3 0.2921875 0.26640625 0.02890625 0.05
3 0.309375 0.22890625 0.02421875 0.0453125
3 0.32734375 0.19921875 0.02109375 0.04296875
3 0.3421875 0.171875 0.0203125 0.03515625
3 0.35390625 0.14921875 0.01796875 0.03046875
3 0.36328125 0.128125 0.01640625 0.0296875
3 0.3734375 0.1125 0.01328125 0.02109375
3 0.375 0.09921875 0.01328125 0.01484375
3 0.3828125 0.08671875 0.0109375 0.01875
3 0.39140625 0.08046875 0.0125 0.01484375
3 0.39609375 0.06796875 0.0125 0.01796875
3 0.4015625 0.059375 0.0125 0.01875
9 0.40859375 0.04453125 0.01171875 0.0265625
3 0.3390625 0.221875 0.02578125 0.03828125
3 0.38984375 0.103125 0.01796875 0.025
3 0.41328125 0.0765625 0.01171875 0.01953125
1 0.37578125 0.140625 0.00546875 0.01484375
7 0.37734375 0.13203125 0.00546875 0.01484375
3 0.4109375 0.1140625 0.01640625 0.0296875
3 0.425 0.25546875 0.02421875 0.0453125
3 0.44375 0.19375 0.0171875 0.0359375
3 0.4453125 0.153125 0.01484375 0.03046875
3 0.4703125 0.1671875 0.01640625 0.0265625
3 0.4515625 0.09140625 0.00859375 0.0203125
3 0.4515625 0.0203125 0.00703125 0.0109375
3 0.46875 0.021875 0.00625 0.01640625
3 0.4640625 0.0328125 0.00859375 0.0140625
9 0.47421875 0.12109375 0.01640625 0.0484375
1 0.47421875 0.08203125 0.00546875 0.02109375
7 0.47421875 0.0765625 0.00390625 0.01171875
1 0.4609375 0.10703125 0.00703125 0.01953125
7 0.46171875 0.0984375 0.00390625 0.01015625
7 0.46171875 0.10625 0.00390625 0.0109375
7 0.46484375 0.27109375 0.009375 0.021875
4 0.4640625 0.2796875 0.00859375 0.03359375
3 0.4953125 0.19140625 0.01796875 0.03984375
3 0.515625 0.0734375 0.0234375 0.01640625
3 0.49453125 0.08125 0.0125 0.01953125
3 0.49140625 0.115625 0.01171875 0.02421875
3 0.50703125 0.128125 0.01484375 0.02890625
3 0.4890625 0.15546875 0.01484375 0.0265625
3 0.5171875 0.16171875 0.01796875 0.02890625
3 0.4890625 0.10078125 0.01171875 0.01640625
3 0.50625 0.10703125 0.01328125 0.0203125
3 0.50703125 0.0921875 0.0109375 0.0140625
6 0.5265625 0.1125 0.0046875 0.025
6 0.53203125 0.065625 0.00390625 0.01953125
6 0.5265625 0.065625 0.00703125 0.0203125
6 0.534375 0.11484375 0.00546875 0.01484375
1 0.5390625 0.0828125 0.01171875 0.015625
6 0.5453125 0.0828125 0.00234375 0.0140625
3 0.55078125 0.18046875 0.03828125 0.034375
3 0.54921875 0.15625 0.03671875 0.02421875
3 0.546875 0.14296875 0.03515625 0.01640625
3 0.54453125 0.13125 0.03125 0.01796875
3 0.54453125 0.22109375 0.02265625 0.0390625
6 0.55859375 0.2015625 0.00546875 0.028125
4 0.5828125 0.2328125 0.00703125 0.0265625
6 0.57734375 0.23125 0.0046875 0.0203125
3 0.49375 0.25078125 0.02109375 0.04609375
3 0.496875 0.3 0.02265625 0.05
3 0.5 0.353125 0.02734375 0.06171875
3 0.5328125 0.31640625 0.02734375 0.05546875
3 0.53984375 0.39765625 0.03359375 0.0734375
3 0.525 0.26796875 0.0265625 0.053125
1 0.553125 0.25546875 0.01328125 0.02109375
3 0.54765625 0.48671875 0.03671875 0.0890625
3 0.5640625 0.6234375 0.05078125 0.134375
10 0.64453125 0.68984375 0.06484375 0.140625
3 0.59140625 0.81875 0.07109375 0.20703125
3 0.5015625 0.88828125 0.0796875 0.1640625
6 0.6 0.35703125 0.00703125 0.03828125
6 0.590625 0.36015625 0.009375 0.0390625
3 0.3875 0.88671875 0.06484375 0.17109375