3 0.36796875 0.525 0.0421875 0.1015625
3 0.303125 0.18125 0.02578125 0.05703125
3 0.2734375 0.20390625 0.01953125 0.05546875
3 0.24375 0.07890625 0.02265625 0.03671875
3 0.290625 0.03515625 0.01953125 0.03515625
3 0.65234375 0.6015625 0.07890625 0.12890625
3 0.5421875 0.11171875 0.03984375 0.04453125
3 0.4421875 0.18125 0.034375 0.053125
9 0.56484375 0.42578125 0.0546875 0.09140625
3 0.0640625 0.14765625 0.021875 0.05078125
3 0.503125 0.065625 0.03515625 0.03046875
3 0.52265625 0.0953125 0.03984375 0.03515625
3 0.51796875 0.29296875 0.034375 0.06328125
10 0.05625 0.24375 0.0296875 0.071875
3 0.3625 0.0203125 0.02578125 0.040625
3 0.70859375 0.7515625 0.040625 0.1015625
7 0.359375 0.07734375 0.00546875 0.0140625
7 0.371875 0.11171875 0.00625 0.01640625
7 0.3921875 0.121875 0.00546875 0.01796875
4 0.359375 0.08671875 0.009375 0.025
4 0.371875 0.11796875 0.0078125 0.02578125
4 0.390625 0.1296875 0.00703125 0.02421875
6 0.56484375 0.478125 0.00859375 0.03515625
7 0.46171875 0.2890625 0.0078125 0.0203125
4 0.46015625 0.2984375 0.01171875 0.03125
4 0.6953125 0.30546875 0.0203125 0.02578125
4 0.67890625 0.28671875 0.01953125 0.0234375
3 0.69296875 0.36953125 0.059375 0.06484375
7 0.66015625 0.778125 0.009375 0.02890625
4 0.6578125 0.790625 0.02890625 0.059375