3 0.9640625 0.05 0.021875 0.01875
2 0.9828125 0.0796875 0.0203125 0.040625
2 0.80390625 0.08359375 0.03125 0.025
3 0.77421875 0.065625 0.021875 0.015625
3 0.7640625 0.109375 0.021875 0.015625
3 0.72734375 0.05625 0.009375 0.025
3 0.7078125 0.07421875 0.021875 0.01875
3 0.63203125 0.02578125 0.009375 0.025
3 0.6140625 0.08515625 0.021875 0.01875
3 0.58203125 0.05625 0.0078125 0.028125
3 0.5453125 0.034375 0.009375 0.028125
10 0.54609375 0.08359375 0.00625 0.021875
9 0.52578125 0.05234375 0.0140625 0.05625
9 0.3171875 0.06640625 0.0203125 0.046875
2 0.4765625 0.12421875 0.03125 0.025
3 0.31875 0.396875 0.0125 0.040625
9 0.425 0.653125 0.0140625 0.05625
3 0.44921875 0.640625 0.0109375 0.04375
10 0.47109375 0.7015625 0.0265625 0.021875
5 0.471875 0.6421875 0.01875 0.034375
2 0.5109375 0.64375 0.0203125 0.128125
10 0.61640625 0.60859375 0.0140625 0.046875
10 0.67109375 0.578125 0.0140625 0.05
10 0.6765625 0.42109375 0.009375 0.040625
10 0.75859375 0.37734375 0.009375 0.034375
4 0.69765625 0.39609375 0.0046875 0.01875
7 0.69765625 0.3953125 0.003125 0.0109375
3 0.653125 0.10390625 0.01875 0.01875
3 0.72734375 0.190625 0.009375 0.0296875
2 0.78359375 0.1390625 0.01875 0.065625
4 0.7046875 0.19609375 0.003125 0.015625
7 0.70546875 0.19453125 0.003125 0.0109375
3 0.70546875 0.1640625 0.009375 0.0265625
3 0.6859375 0.17265625 0.009375 0.025
3 0.66640625 0.171875 0.0078125 0.03125
3 0.62890625 0.19140625 0.009375 0.0375
3 0.67109375 0.24140625 0.009375 0.034375
2 0.50234375 0.09375 0.05 0.0375
3 0.446875 0.15390625 0.01875 0.015625
2 0.48515625 0.165625 0.015625 0.05
2 0.528125 0.25 0.0140625 0.0859375
3 0.5515625 0.31875 0.009375 0.0375
4 0.571875 0.34140625 0.003125 0.021875
7 0.57109375 0.340625 0.003125 0.009375
9 0.36484375 0.18203125 0.0109375 0.04375
2 0.9453125 0.6859375 0.0296875 0.0703125
10 0.9578125 0.63515625 0.01875 0.0390625
10 0.98203125 0.58515625 0.01875 0.040625