6 0.05390625 0.73828125 0.0328125 0.0171875
6 0.05390625 0.74296875 0.0328125 0.01875
6 0.04765625 0.75625 0.025 0.0125
6 0.046875 0.7546875 0.03125 0.0171875
6 0.071875 0.77734375 0.0359375 0.0171875
6 0.06484375 0.79453125 0.03125 0.0171875
6 0.05625 0.8171875 0.0328125 0.0171875
6 0.05078125 0.83359375 0.0328125 0.0171875
6 0.05078125 0.828125 0.0328125 0.0171875
6 0.05546875 0.81015625 0.03125 0.0171875
6 0.04609375 0.84921875 0.0328125 0.01875
6 0.0421875 0.84296875 0.03125 0.0171875
6 0.040625 0.86640625 0.0296875 0.015625
6 0.03515625 0.88359375 0.0328125 0.01875
6 0.03203125 0.87578125 0.0328125 0.01875
6 0.0125 0.8609375 0.025 0.015625
6 0.0125 0.85859375 0.025 0.0203125
6 0.03828125 0.8609375 0.0296875 0.01875
6 0.06484375 0.790625 0.0328125 0.0171875
6 0.06953125 0.7734375 0.0328125 0.0171875
6 0.0484375 0.7828125 0.0390625 0.021875
6 0.0375 0.77578125 0.03125 0.0171875
6 0.0390625 0.78125 0.028125 0.015625
6 0.034375 0.796875 0.0328125 0.0171875
6 0.028125 0.8140625 0.0296875 0.015625
6 0.02265625 0.82578125 0.03125 0.0171875
6 0.01953125 0.82109375 0.0328125 0.015625
6 0.01796875 0.8421875 0.0296875 0.015625
6 0.015625 0.83515625 0.03125 0.0171875
7 0.0265625 0.8078125 0.0265625 0.015625
6 0.03046875 0.79296875 0.0296875 0.0140625
6 0.00859375 0.8796875 0.0171875 0.015625
6 0.03046875 0.8875 0.0265625 0.0140625
0 0.80859375 0.8765625 0.13125 0.1140625
7 0.77421875 0.85078125 0.0609375 0.0421875
7 0.83828125 0.7546875 0.06875 0.0390625
7 0.82578125 0.74765625 0.0625 0.0328125
4 0.78046875 0.84921875 0.0734375 0.06875
4 0.85234375 0.75859375 0.0984375 0.04375
0 0.66640625 0.775 0.1171875 0.0984375
4 0.62578125 0.746875 0.0546875 0.046875
4 0.5953125 0.73515625 0.05 0.0484375
7 0.5796875 0.7453125 0.046875 0.0265625
8 0.51328125 0.68515625 0.090625 0.0796875
0 0.478125 0.6609375 0.0828125 0.0703125
0 0.4546875 0.640625 0.0796875 0.065625
0 0.4140625 0.61640625 0.06875 0.0609375
0 0.37421875 0.59609375 0.075 0.0671875
0 0.35703125 0.58359375 0.0734375 0.0625
0 0.3421875 0.57265625 0.0640625 0.053125
8 0.321875 0.56015625 0.06875 0.0578125
8 0.30859375 0.55390625 0.0640625 0.05
0 0.29765625 0.5359375 0.0703125 0.0625
0 0.35859375 0.534375 0.078125 0.046875
6 0.32421875 0.5359375 0.0453125 0.0203125
7 0.32578125 0.5546875 0.0359375 0.0203125
7 0.2953125 0.57578125 0.0234375 0.0109375
6 0.29765625 0.57890625 0.040625 0.01875
6 0.29296875 0.5734375 0.040625 0.01875
6 0.284375 0.56484375 0.040625 0.0171875
6 0.259375 0.54921875 0.0484375 0.021875
6 0.2515625 0.5546875 0.046875 0.0203125
6 0.24921875 0.54296875 0.0453125 0.0203125
0 0.26796875 0.51953125 0.06875 0.0578125
0 0.25078125 0.5078125 0.0546875 0.0453125
8 0.23671875 0.5 0.05625 0.0484375
8 0.228125 0.49609375 0.0515625 0.04375
8 0.2171875 0.48828125 0.0515625 0.046875
8 0.203125 0.48359375 0.053125 0.0484375
0 0.19453125 0.46796875 0.0515625 0.0390625
0 0.234375 0.45234375 0.0703125 0.040625
0 0.175 0.46328125 0.0484375 0.0421875
0 0.1640625 0.4546875 0.05 0.0421875
0 0.15234375 0.4390625 0.0453125 0.0375
8 0.1359375 0.43984375 0.0421875 0.0359375
8 0.12734375 0.4359375 0.040625 0.034375
8 0.11953125 0.42578125 0.03125 0.025
8 0.11484375 0.42421875 0.04375 0.0375
8 0.1109375 0.41328125 0.0359375 0.0328125
8 0.10234375 0.4171875 0.040625 0.0328125
0 0.096875 0.4078125 0.0390625 0.0328125
8 0.090625 0.40546875 0.0390625 0.0296875
8 0.08359375 0.40625 0.040625 0.034375
0 0.08046875 0.40234375 0.040625 0.0359375
0 0.0765625 0.396875 0.046875 0.0375
0 0.06875 0.39453125 0.0359375 0.0328125
0 0.06640625 0.3921875 0.0359375 0.03125
0 0.0765625 0.37421875 0.0328125 0.0203125
0 0.1015625 0.35859375 0.0390625 0.021875
0 0.0546875 0.3890625 0.0296875 0.0296875
8 0.0546875 0.37734375 0.0296875 0.0265625
7 0.05703125 0.3734375 0.0171875 0.009375
8 0.04921875 0.3828125 0.03125 0.03125
8 0.03828125 0.37734375 0.0359375 0.0296875
0 0.02890625 0.36953125 0.0265625 0.0234375
6 0.0328125 0.3546875 0.01875 0.009375
8 0.0453125 0.359375 0.0203125 0.0140625
3 0.04296875 0.34453125 0.0328125 0.0234375
0 0.05390625 0.3359375 0.0359375 0.0203125
0 0.06484375 0.32734375 0.0328125 0.0171875
0 0.07109375 0.3171875 0.03125 0.0203125
6 0.05625 0.3125 0.015625 0.0078125
6 0.06171875 0.309375 0.021875 0.0109375
6 0.05078125 0.309375 0.021875 0.009375
6 0.046875 0.309375 0.025 0.0125
6 0.1015625 0.39140625 0.03125 0.0140625
6 0.0953125 0.39296875 0.03125 0.0125
7 0.09921875 0.3734375 0.025 0.0125
4 0.10390625 0.37421875 0.0265625 0.015625
4 0.10390625 0.3453125 0.025 0.0125
4 0.12578125 0.33984375 0.025 0.0125
4 0.10546875 0.3359375 0.0234375 0.0125
7 0.10078125 0.34453125 0.025 0.0125
7 0.10078125 0.3359375 0.025 0.0125
7 0.1203125 0.3390625 0.025 0.0125
7 0.14296875 0.40625 0.025 0.0125
7 0.20625 0.37421875 0.0375 0.0171875
7 0.21484375 0.4171875 0.03125 0.0171875
7 0.28671875 0.403125 0.0359375 0.0171875
4 0.1484375 0.4078125 0.0265625 0.015625
4 0.21171875 0.37578125 0.0296875 0.01875
4 0.225 0.41953125 0.03125 0.0171875
4 0.29375 0.40390625 0.0375 0.021875
6 0.1359375 0.45234375 0.03125 0.0109375
6 0.146875 0.459375 0.03125 0.0140625
6 0.1421875 0.46328125 0.0296875 0.0140625
6 0.13671875 0.46171875 0.028125 0.0140625
6 0.13515625 0.4671875 0.034375 0.015625
6 0.1703125 0.48046875 0.0359375 0.0171875
6 0.16796875 0.48359375 0.0359375 0.0171875
6 0.15859375 0.478125 0.0296875 0.0140625
6 0.1515625 0.47890625 0.0265625 0.0125
7 0.48359375 0.5953125 0.0390625 0.01875
7 0.47890625 0.59296875 0.046875 0.0265625
7 0.47578125 0.5875 0.0328125 0.0203125
7 0.5703125 0.58515625 0.0546875 0.0328125
7 0.4640625 0.521875 0.0421875 0.0203125
7 0.46953125 0.49375 0.040625 0.025
4 0.48828125 0.59375 0.0625 0.0328125
4 0.471875 0.5234375 0.0515625 0.028125
4 0.47734375 0.4953125 0.053125 0.028125
4 0.58203125 0.58671875 0.059375 0.0328125
7 0.75 0.61015625 0.059375 0.03125
4 0.75859375 0.61015625 0.0765625 0.0375
0 0.79296875 0.51328125 0.1296875 0.1125
4 0.97578125 0.4328125 0.0484375 0.040625
0 0.96171875 0.56953125 0.0765625 0.0984375
4 0.925 0.1265625 0.1015625 0.0671875
4 0.85390625 0.15859375 0.071875 0.0671875
4 0.86484375 0.11640625 0.1 0.0578125
4 0.79375 0.15 0.0578125 0.0546875
4 0.7359375 0.14453125 0.059375 0.0453125
4 0.59921875 0.165625 0.0484375 0.04375
4 0.51796875 0.15859375 0.0515625 0.046875
1 0.65625 0.3578125 0.0671875 0.04375
6 0.67421875 0.30546875 0.0671875 0.0296875
6 0.64765625 0.315625 0.0640625 0.0296875
6 0.64921875 0.390625 0.0453125 0.0234375
6 0.50390625 0.3796875 0.0609375 0.028125
6 0.4875 0.33984375 0.0578125 0.0265625
6 0.50078125 0.29375 0.05 0.0296875
6 0.5265625 0.3734375 0.0421875 0.0203125
6 0.53828125 0.3609375 0.0625 0.028125
6 0.57890625 0.4015625 0.0625 0.03125
6 0.6265625 0.41953125 0.0625 0.0359375
6 0.61171875 0.3671875 0.0703125 0.0296875
6 0.59296875 0.3703125 0.0640625 0.028125
7 0.57109375 0.353125 0.0296875 0.015625
6 0.584375 0.35390625 0.0546875 0.0265625
6 0.5640625 0.353125 0.0609375 0.028125
6 0.546875 0.3484375 0.0609375 0.028125
6 0.5734375 0.34765625 0.0609375 0.028125
6 0.56328125 0.34140625 0.0640625 0.028125
6 0.55859375 0.340625 0.0734375 0.03125
6 0.5796875 0.33125 0.0609375 0.0296875
6 0.54765625 0.3234375 0.0609375 0.0296875
6 0.56328125 0.3140625 0.0546875 0.028125
7 0.59453125 0.328125 0.05625 0.0328125
7 0.6015625 0.3296875 0.0359375 0.0171875
4 0.60625 0.33203125 0.059375 0.0359375
1 0.65625 0.35703125 0.06875 0.0421875
7 0.39375 0.29296875 0.0359375 0.0203125
6 0.35703125 0.28125 0.0453125 0.0234375
6 0.34609375 0.3046875 0.0453125 0.021875
8 0.33671875 0.29453125 0.059375 0.0546875
4 0.2796875 0.2921875 0.0265625 0.0265625
3 0.61796875 0.4734375 0.134375 0.1375
0 0.5375 0.4390625 0.0859375 0.06875
0 0.48515625 0.4265625 0.0765625 0.06875
0 0.43828125 0.4125 0.0734375 0.065625
4 0.415625 0.41171875 0.0375 0.0375
8 0.40390625 0.40234375 0.0453125 0.0453125
8 0.3859375 0.4 0.046875 0.0484375
0 0.36171875 0.3875 0.0640625 0.059375
8 0.325 0.3734375 0.0640625 0.0625
0 0.28984375 0.36953125 0.05625 0.0515625
0 0.25859375 0.35234375 0.0546875 0.0453125
6 0.296875 0.35390625 0.034375 0.015625
8 0.2296875 0.34375 0.0515625 0.046875
0 0.2109375 0.3390625 0.046875 0.0375
0 0.18984375 0.32890625 0.040625 0.0390625
0 0.16796875 0.321875 0.034375 0.0421875
0 0.16484375 0.32109375 0.040625 0.0390625
0 0.1546875 0.31640625 0.0375 0.0375
0 0.14609375 0.31484375 0.0375 0.0375
0 0.13984375 0.31640625 0.0375 0.0359375
6 0.12578125 0.32734375 0.028125 0.0140625
6 0.11640625 0.31640625 0.028125 0.0140625
0 0.11171875 0.309375 0.0328125 0.028125
6 0.12265625 0.303125 0.0234375 0.0109375
6 0.1234375 0.309375 0.0203125 0.0109375
7 0.12578125 0.31484375 0.0203125 0.0109375
0 0.12578125 0.309375 0.028125 0.0265625
6 0.07578125 0.30859375 0.028125 0.0140625