3 0.00859375 0.846875 0.01484375 0.01484375
3 0.028125 0.8390625 0.01640625 0.01640625
3 0.05 0.83203125 0.0171875 0.015625
3 0.0734375 0.82265625 0.01484375 0.015625
3 0.03046875 0.91015625 0.0125 0.03125
3 0.05 0.94765625 0.0109375 0.03046875
3 0.034375 0.884375 0.01171875 0.0296875
3 0.04765625 0.909375 0.01171875 0.0296875
3 0.06171875 0.94453125 0.0109375 0.02578125
3 0.16953125 0.78671875 0.0171875 0.01640625
3 0.20390625 0.77109375 0.01328125 0.01640625
3 0.2421875 0.75703125 0.01640625 0.015625
9 0.26171875 0.75078125 0.02109375 0.021875
3 0.284375 0.7421875 0.015625 0.0140625
3 0.3046875 0.85390625 0.00703125 0.0265625
3 0.3265625 0.90078125 0.00859375 0.02890625
3 0.35703125 0.921875 0.00703125 0.028125
3 0.35546875 0.9578125 0.0078125 0.02890625
3 0.33984375 0.65546875 0.00703125 0.028125
6 0.05625 0.84921875 0.00546875 0.00625
6 0.05625 0.85390625 0.0046875 0.00546875
6 0.10078125 0.82890625 0.00625 0.009375
6 0.1546875 0.803125 0.00390625 0.00703125
6 0.2140625 0.77421875 0.00390625 0.00625
8 0.309375 0.76796875 0.01171875 0.01171875
9 0.3671875 0.03359375 0.00859375 0.04921875
9 0.3453125 0.21875 0.01484375 0.10546875
6 0.35078125 0.2734375 0.00234375 0.00625
6 0.353125 0.2734375 0.00234375 0.00625
6 0.35234375 0.26875 0.00234375 0.00703125
3 0.36796875 0.28984375 0.00625 0.0296875
3 0.421875 0.340625 0.0078125 0.0296875
3 0.60703125 0.5109375 0.0171875 0.01484375
3 0.54609375 0.9515625 0.0171875 0.01640625
3 0.5890625 0.853125 0.01640625 0.01640625
9 0.51796875 0.68046875 0.009375 0.03125
9 0.42734375 0.58515625 0.00859375 0.03515625
9 0.4328125 0.78984375 0.01484375 0.08125
9 0.46484375 0.50234375 0.00859375 0.03203125
9 0.3765625 0.409375 0.00859375 0.03671875
3 0.31171875 0.453125 0.01796875 0.0140625