6 0.0328125 0.125 0.0109375 0.0109375
6 0.084375 0.225 0.0109375 0.015625
6 0.10546875 0.246875 0.0109375 0.0125
9 0.28828125 0.31953125 0.1203125 0.240625
3 0.39921875 0.425 0.0375 0.06875
4 0.20234375 0.50546875 0.0078125 0.0078125
4 0.2078125 0.51796875 0.0109375 0.0109375
4 0.2140625 0.5296875 0.0109375 0.0125
4 0.21875 0.53671875 0.0109375 0.0125
4 0.22265625 0.54453125 0.0109375 0.0125
4 0.22734375 0.5546875 0.0109375 0.0109375
6 0.246875 0.528125 0.00625 0.015625
6 0.29140625 0.69453125 0.0046875 0.0140625
6 0.30546875 0.709375 0.0046875 0.015625
10 0.37421875 0.2015625 0.03125 0.06875
8 0.4484375 0.69375 0.0171875 0.0359375
4 0.45859375 0.68671875 0.0125 0.0265625
4 0.51484375 0.74921875 0.0125 0.0265625
3 0.51171875 0.80234375 0.025 0.0453125
3 0.55390625 0.8875 0.025 0.0421875
4 0.54140625 0.8890625 0.0109375 0.0265625
3 0.584375 0.9765625 0.021875 0.0328125
10 0.42109375 0.89609375 0.0296875 0.034375
3 0.50078125 0.94296875 0.0234375 0.0375