3 0.14140625 0.17109375 0.14765625 0.14375
3 0.04609375 0.515625 0.09140625 0.09375
7 0.06875 0.8453125 0.02890625 0.0515625
7 0.28203125 0.36640625 0.02265625 0.04140625
7 0.43046875 0.4515625 0.02578125 0.04375
7 0.44765625 0.653125 0.025 0.05546875
7 0.23359375 0.9328125 0.0265625 0.034375
7 0.2328125 0.91171875 0.0296875 0.03515625
4 0.2328125 0.91953125 0.02890625 0.08828125
8 0.3078125 0.521875 0.0890625 0.115625
1 0.2875 0.36875 0.0421875 0.053125
4 0.43203125 0.45234375 0.04609375 0.0359375
4 0.45 0.65859375 0.04296875 0.04609375
7 0.8578125 0.3015625 0.01796875 0.0296875
7 0.86171875 0.3078125 0.03125 0.05078125
4 0.8546875 0.30625 0.05859375 0.04140625
9 0.571875 0.32578125 0.10703125 0.6515625