3 0.16640625 0.0390625 0.046875 0.0484375
3 0.278125 0.365625 0.06875 0.0421875
3 0.38046875 0.33125 0.071875 0.03125
3 0.225 0.4328125 0.0453125 0.0453125
3 0.1984375 0.5734375 0.0453125 0.0453125
3 0.34765625 0.5015625 0.040625 0.04375
3 0.36171875 0.6484375 0.0421875 0.0453125
3 0.54921875 0.36171875 0.0578125 0.0234375
3 0.8390625 0.3625 0.0515625 0.021875
3 0.840625 0.3828125 0.0515625 0.0203125
9 0.35546875 0.59140625 0.065625 0.0828125
10 0.63359375 0.35078125 0.0609375 0.0234375
4 0.471875 0.34609375 0.03125 0.0109375
4 0.4 0.375 0.0296875 0.0109375
4 0.3125 0.384375 0.0265625 0.0171875
4 0.28359375 0.41171875 0.021875 0.0203125
4 0.1828125 0.2265625 0.01875 0.0234375
4 0.14609375 0.25546875 0.01875 0.0203125
4 0.1453125 0.22734375 0.0171875 0.01875
4 0.26328125 0.56171875 0.021875 0.021875
4 0.22734375 0.5734375 0.015625 0.0171875
4 0.2703125 0.5953125 0.01875 0.0203125
4 0.2484375 0.6171875 0.021875 0.021875
4 0.1140625 0.41640625 0.028125 0.021875
4 0.11328125 0.08828125 0.0203125 0.0203125
8 0.17421875 0.43984375 0.0265625 0.021875
8 0.30546875 0.42578125 0.0265625 0.03125
1 0.3109375 0.22421875 0.0125 0.0125
8 0.0734375 0.296875 0.0296875 0.0125
4 0.93203125 0.359375 0.0265625 0.009375
1 0.99375 0.40546875 0.0125 0.0078125
6 0.78125 0.30703125 0.01875 0.009375
6 0.5578125 0.2875 0.015625 0.0046875
6 0.56328125 0.29140625 0.015625 0.0078125
6 0.56640625 0.296875 0.015625 0.0078125
6 0.5671875 0.3015625 0.0125 0.00625
6 0.5640625 0.30859375 0.01875 0.009375
7 0.18203125 0.2265625 0.0109375 0.009375
7 0.1453125 0.22734375 0.0171875 0.009375
7 0.1453125 0.25625 0.0171875 0.009375
7 0.31171875 0.2234375 0.0109375 0.0078125
7 0.2828125 0.41171875 0.0171875 0.0109375
7 0.3109375 0.3859375 0.015625 0.0078125
7 0.26484375 0.56328125 0.0203125 0.0125
7 0.22578125 0.57578125 0.0109375 0.0109375
7 0.27109375 0.59765625 0.0125 0.0078125
7 0.3078125 0.4234375 0.009375 0.0078125
7 0.2484375 0.62109375 0.0171875 0.0109375
7 0.47265625 0.34609375 0.0125 0.0078125
7 0.93671875 0.36015625 0.0078125 0.0078125
7 0.93984375 0.3609375 0.0125 0.0046875
7 0.99765625 0.40546875 0.0046875 0.0046875
4 0.68984375 0.3375 0.0234375 0.009375
7 0.69140625 0.33671875 0.0140625 0.0078125