6 0.30625 0.63125 0.00390625 0.01953125
6 0.34140625 0.27109375 0.00078125 0.00625
2 0.3890625 0.17421875 0.003125 0.00625
9 0.34921875 0.278125 0.0109375 0.028125
3 0.0234375 0.546875 0.025 0.025
3 0.0265625 0.3171875 0.01328125 0.01015625
3 0.05625 0.31796875 0.00859375 0.009375
3 0.0359375 0.32421875 0.0078125 0.00703125
3 0.01875 0.33046875 0.01015625 0.009375
3 0.428125 0.38046875 0.01328125 0.009375
3 0.43046875 0.36328125 0.01015625 0.0109375
3 0.4296875 0.35390625 0.009375 0.0109375
3 0.4296875 0.34765625 0.0109375 0.01015625
9 0.65625 0.79375 0.04453125 0.08515625
3 0.4625 0.35390625 0.009375 0.01015625
3 0.465625 0.35703125 0.00859375 0.01015625
3 0.46875 0.3609375 0.009375 0.0109375
3 0.46640625 0.346875 0.00859375 0.01015625
3 0.45234375 0.40703125 0.0078125 0.01640625