6 0.10625 0.69140625 0.01015625 0.01171875
6 0.08203125 0.78125 0.01328125 0.0109375
6 0.040625 0.66015625 0.00859375 0.01328125
6 0.07890625 0.6484375 0.0078125 0.01328125
6 0.51015625 0.73671875 0.00859375 0.01796875
9 0.525 0.52109375 0.028125 0.08046875
7 0.50078125 0.4984375 0.00625 0.015625
7 0.5015625 0.50859375 0.00859375 0.015625
7 0.47890625 0.3609375 0.00625 0.01640625
7 0.415625 0.34921875 0.00546875 0.01171875
6 0.65625 0.52109375 0.01171875 0.01875
6 0.4140625 0.3578125 0.00625 0.01015625
4 0.41328125 0.3546875 0.01640625 0.01328125
4 0.47734375 0.3625 0.00859375 0.01953125
4 0.5 0.5125 0.00546875 0.03046875
6 0.10625 0.2640625 0.00859375 0.01796875
6 0.1046875 0.1171875 0.0078125 0.015625
6 0.103125 0.13671875 0.00546875 0.0109375
6 0.31796875 0.278125 0.00390625 0.01171875
6 0.24296875 0.30078125 0.00234375 0.01484375
6 0.34453125 0.28515625 0.00546875 0.01484375
7 0.3625 0.29296875 0.00546875 0.0140625
4 0.3625 0.29765625 0.0078125 0.015625
4 0.41875 0.23359375 0.01484375 0.01328125
7 0.4203125 0.23125 0.00546875 0.01796875
6 0.33359375 0.29375 0.00390625 0.015625
6 0.32578125 0.29375 0.0046875 0.0109375
7 0.3609375 0.2515625 0.00390625 0.01796875
7 0.3625 0.2484375 0.00390625 0.01484375
4 0.35859375 0.25234375 0.0125 0.01171875
6 0.38203125 0.228125 0.003125 0.01328125
7 0.45546875 0.315625 0.0046875 0.01875
4 0.45390625 0.31953125 0.01171875 0.01171875
6 0.378125 0.17421875 0.0046875 0.01875
6 0.67421875 0.30703125 0.009375 0.01875
6 0.66953125 0.296875 0.00859375 0.01796875
10 0.5171875 0.2609375 0.01640625 0.05546875
9 0.62265625 0.19765625 0.03671875 0.09375
6 0.553125 0.1875 0.00703125 0.01953125
7 0.546875 0.20859375 0.0046875 0.01484375
7 0.54453125 0.20703125 0.0046875 0.01640625
4 0.54296875 0.2125 0.01640625 0.0140625
6 0.45 0.1109375 0.0046875 0.01796875
6 0.471875 0.0390625 0.0046875 0.01484375
6 0.47421875 0.03984375 0.00390625 0.01640625
7 0.4453125 0.06328125 0.003125 0.0140625
7 0.44140625 0.06953125 0.003125 0.0140625
7 0.49765625 0.03046875 0.00390625 0.01640625
1 0.44140625 0.0765625 0.0046875 0.01171875
1 0.44453125 0.06796875 0.003125 0.0140625
1 0.49609375 0.0359375 0.00390625 0.015625
7 0.4390625 0.00546875 0.0046875 0.01015625
4 0.4390625 0.00703125 0.0046875 0.01171875
6 0.653125 0.05859375 0.00703125 0.0203125
6 0.68125 0.178125 0.00703125 0.01484375
6 0.67265625 0.15390625 0.00859375 0.02109375