3 0.31484375 0.7046875 0.03671875 0.10390625
3 0.3484375 0.3515625 0.01796875 0.03671875
3 0.36875 0.26171875 0.0140625 0.03203125
3 0.38515625 0.21015625 0.01328125 0.028125
3 0.3875 0.16328125 0.0125 0.02578125
3 0.3875 0.0828125 0.00859375 0.0140625
3 0.3984375 0.0921875 0.00859375 0.01796875
3 0.40390625 0.02578125 0.0078125 0.009375
10 0.1265625 0.70234375 0.05078125 0.1359375
3 0.21796875 0.3109375 0.01796875 0.03203125
3 0.0765625 0.94453125 0.04453125 0.05546875
4 0.2640625 0.22890625 0.00546875 0.0234375
6 0.25703125 0.18125 0.00234375 0.01484375
4 0.37734375 0.86640625 0.015625 0.04921875
4 0.40234375 0.86875 0.02109375 0.05390625
3 0.30546875 0.1203125 0.01328125 0.01640625
3 0.3125 0.14140625 0.01015625 0.01640625
3 0.34296875 0.09609375 0.00703125 0.01328125
3 0.35 0.0734375 0.00703125 0.0140625
3 0.3328125 0.0890625 0.01015625 0.01328125
2 0.33046875 0.1140625 0.01328125 0.0234375
3 0.36171875 0.040625 0.00625 0.00859375
3 0.359375 0.05390625 0.00703125 0.01015625
3 0.3703125 0.0171875 0.00703125 0.01015625
3 0.36953125 0.0265625 0.00546875 0.00703125
4 0.33359375 0.065625 0.00546875 0.015625
4 0.35546875 0.028125 0.003125 0.01015625
4 0.35234375 0.02734375 0.00234375 0.01015625
3 0.325 0.05546875 0.0109375 0.009375
3 0.409375 0.0703125 0.00703125 0.01484375
3 0.43203125 0.08125 0.01015625 0.01171875
3 0.43828125 0.078125 0.01015625 0.01328125
7 0.37890625 0.84921875 0.009375 0.01640625
7 0.40546875 0.853125 0.009375 0.02109375
7 0.2640625 0.221875 0.00390625 0.01015625
7 0.334375 0.0625 0.00390625 0.00625
7 0.35234375 0.02578125 0.0015625 0.0046875
7 0.35625 0.0265625 0.00234375 0.00546875