10 0.33359375 0.78671875 0.05 0.0765625
6 0.38046875 0.821875 0.00390625 0.025
6 0.38046875 0.790625 0.00390625 0.01875
3 0.3109375 0.67421875 0.01953125 0.02578125
3 0.3109375 0.65703125 0.01484375 0.01875
3 0.32109375 0.70546875 0.01171875 0.0140625
6 0.3921875 0.7359375 0.00390625 0.01484375
3 0.37265625 0.571875 0.04140625 0.0484375
3 0.38203125 0.54609375 0.03828125 0.04296875
6 0.3875 0.49609375 0.00390625 0.0140625
6 0.42109375 0.41875 0.00390625 0.01953125
10 0.48203125 0.22578125 0.01484375 0.0265625
10 0.48125 0.41171875 0.03671875 0.034375
10 0.4734375 0.4265625 0.03359375 0.03359375
3 0.45625 0.478125 0.03984375 0.0390625
3 0.54765625 0.4265625 0.01796875 0.03828125
4 0.49375 0.3859375 0.01015625 0.0109375
6 0.5515625 0.4875 0.00546875 0.025
4 0.45859375 0.62578125 0.0203125 0.025
3 0.48984375 0.61875 0.03046875 0.06640625
3 0.503125 0.67578125 0.02734375 0.07109375
3 0.46328125 0.703125 0.034375 0.07890625
6 0.5765625 0.95078125 0.01328125 0.0359375
3 0.559375 0.39296875 0.01640625 0.03515625
3 0.56796875 0.3640625 0.01640625 0.03515625
3 0.59609375 0.27109375 0.015625 0.02890625
3 0.603125 0.240625 0.01328125 0.02890625
3 0.58984375 0.29375 0.01484375 0.0296875
3 0.6265625 0.1765625 0.0109375 0.0203125
3 0.64296875 0.11953125 0.01015625 0.0203125
4 0.6203125 0.15859375 0.0078125 0.01015625
3 0.64921875 0.1015625 0.009375 0.01875
3 0.678125 0.00859375 0.00546875 0.01328125
3 0.6734375 0.021875 0.0046875 0.0109375
3 0.66640625 0.04375 0.00703125 0.0140625
3 0.7234375 0.04609375 0.0078125 0.0140625
3 0.70625 0.3203125 0.015625 0.0296875