3 0.51171875 0.9515625 0.1203125 0.096875
4 0.2828125 0.6796875 0.0296875 0.0390625
4 0.2875 0.66328125 0.0265625 0.0453125
1 0.32421875 0.6421875 0.0265625 0.0421875
1 0.3453125 0.62890625 0.0234375 0.0421875
4 0.36640625 0.6140625 0.0203125 0.0390625
3 0.4484375 0.590625 0.06875 0.0625
3 0.6265625 0.6390625 0.084375 0.0703125
3 0.534375 0.528125 0.0546875 0.05
10 0.66328125 0.5640625 0.05625 0.109375
3 0.6015625 0.39453125 0.025 0.0328125
3 0.6765625 0.4484375 0.0390625 0.0328125
3 0.68203125 0.43671875 0.0484375 0.034375
3 0.596875 0.35546875 0.0265625 0.0265625
3 0.6140625 0.3546875 0.0265625 0.0265625
3 0.628125 0.35234375 0.03125 0.0265625
3 0.6375 0.3453125 0.034375 0.0234375
3 0.68515625 0.41015625 0.0453125 0.0328125
3 0.69609375 0.403125 0.0515625 0.0296875
10 0.69765625 0.37890625 0.0453125 0.0328125
10 0.7046875 0.34921875 0.0390625 0.028125
3 0.7078125 0.3453125 0.0328125 0.021875
3 0.7140625 0.3296875 0.0328125 0.025
10 0.71171875 0.32109375 0.028125 0.0171875
4 0.66953125 0.30625 0.00625 0.0125
8 0.653125 0.30859375 0.0171875 0.0171875
10 0.70390625 0.2390625 0.009375 0.015625
3 0.9328125 0.4734375 0.034375 0.05
10 0.69921875 0.26328125 0.0109375 0.015625
3 0.6890625 0.2625 0.009375 0.0140625
3 0.69609375 0.25859375 0.0140625 0.0140625
10 0.92265625 0.3953125 0.021875 0.0375
3 0.90234375 0.41171875 0.0265625 0.0421875
3 0.87890625 0.32890625 0.0171875 0.0203125
3 0.865625 0.31640625 0.015625 0.01875
9 0.846875 0.28828125 0.0234375 0.05
3 0.84765625 0.271875 0.0203125 0.0265625
9 0.82421875 0.26015625 0.0140625 0.0265625
3 0.8296875 0.25546875 0.0109375 0.01875
3 0.82265625 0.25 0.0125 0.015625