3 0.03203125 0.6875 0.02265625 0.01171875
6 0.0421875 0.7078125 0.00390625 0.0140625
6 0.03515625 0.7078125 0.003125 0.0140625
6 0.03125 0.70859375 0.003125 0.0140625
6 0.01953125 0.70859375 0.003125 0.01484375
6 0.0171875 0.7140625 0.00234375 0.015625
6 0.0109375 0.70625 0.00546875 0.01796875
6 0.01171875 0.72421875 0.0046875 0.015625
6 0.0234375 0.659375 0.00390625 0.01015625
3 0.00625 0.66015625 0.0125 0.0140625
10 0.059375 0.690625 0.021875 0.0109375
3 0.0640625 0.68828125 0.02421875 0.01171875
4 0.0515625 0.68203125 0.00859375 0.009375
6 0.05234375 0.68046875 0.003125 0.01484375
6 0.0328125 0.66328125 0.00390625 0.0109375
6 0.05625 0.66796875 0.00234375 0.009375
4 0.05625 0.66953125 0.00546875 0.00625
3 0.08203125 0.65859375 0.01328125 0.0109375
9 0.10078125 0.653125 0.01640625 0.01484375
3 0.11640625 0.65078125 0.01484375 0.01171875
8 0.1078125 0.67578125 0.01171875 0.009375
6 0.10546875 0.67421875 0.00390625 0.0109375
3 0.09921875 0.6921875 0.021875 0.0140625
3 0.12734375 0.68828125 0.021875 0.0140625
6 0.1375 0.7 0.0046875 0.0109375
6 0.14296875 0.7 0.00390625 0.01484375
6 0.1609375 0.69921875 0.00390625 0.01015625
6 0.18828125 0.70078125 0.0046875 0.01484375
6 0.19453125 0.70078125 0.00390625 0.015625
6 0.12265625 0.6578125 0.00390625 0.01171875
6 0.16796875 0.63828125 0.00390625 0.0140625
6 0.14609375 0.6625 0.003125 0.01171875
6 0.15078125 0.6625 0.003125 0.01171875
6 0.1625 0.665625 0.00390625 0.01171875
2 0.1578125 0.6859375 0.05 0.02578125
6 0.2015625 0.6984375 0.003125 0.01171875
6 0.1859375 0.6703125 0.00390625 0.01328125
3 0.07734375 0.6484375 0.01796875 0.01328125
3 0.33515625 0.68828125 0.01640625 0.0109375
6 0.39296875 0.70703125 0.00390625 0.015625
6 0.4078125 0.7078125 0.00390625 0.0140625
6 0.41171875 0.70859375 0.003125 0.01640625
6 0.415625 0.7078125 0.00234375 0.0140625
6 0.41953125 0.70859375 0.00234375 0.0109375
6 0.37578125 0.70703125 0.003125 0.015625
6 0.36953125 0.70859375 0.00390625 0.01484375
6 0.33359375 0.70546875 0.00390625 0.01171875
6 0.30625 0.70546875 0.003125 0.01328125
6 0.30078125 0.7046875 0.003125 0.01484375
3 0.39921875 0.70234375 0.01953125 0.0140625
3 0.39453125 0.690625 0.01796875 0.01171875
3 0.45234375 0.69453125 0.0171875 0.0109375
6 0.43203125 0.709375 0.00390625 0.015625
6 0.453125 0.71015625 0.00390625 0.01484375
3 0.43984375 0.70625 0.01875 0.01484375
3 0.49921875 0.7078125 0.01953125 0.01171875
3 0.51015625 0.70546875 0.0203125 0.01328125
3 0.50234375 0.696875 0.01796875 0.01171875
6 0.44296875 0.68125 0.003125 0.01328125
6 0.43125 0.68203125 0.00390625 0.01328125
6 0.47578125 0.7109375 0.00234375 0.0109375
6 0.478125 0.7109375 0.003125 0.01171875
6 0.4828125 0.68203125 0.0046875 0.01171875
8 0.490625 0.69140625 0.01171875 0.01171875
6 0.4890625 0.6875 0.00390625 0.015625
6 0.4984375 0.6828125 0.00234375 0.01171875
6 0.60859375 0.74921875 0.003125 0.015625
6 0.62109375 0.74921875 0.00390625 0.01484375
6 0.628125 0.74921875 0.003125 0.01484375
6 0.64453125 0.76796875 0.00390625 0.015625
6 0.665625 0.84921875 0.00546875 0.0234375
6 0.590625 0.73984375 0.00390625 0.01484375
6 0.6046875 0.73515625 0.00390625 0.01484375
6 0.61171875 0.73671875 0.00390625 0.0140625
6 0.60078125 0.734375 0.00234375 0.015625
6 0.59921875 0.72421875 0.00390625 0.01484375
6 0.59609375 0.725 0.003125 0.01484375
6 0.59375 0.721875 0.00390625 0.015625
6 0.5875 0.71875 0.00390625 0.01484375
6 0.6125 0.71640625 0.00390625 0.0109375
3 0.65625 0.66640625 0.0109375 0.009375
2 0.6375 0.7140625 0.03671875 0.03125
2 0.6109375 0.69140625 0.03984375 0.02421875
3 0.58671875 0.709375 0.01953125 0.01171875
3 0.5546875 0.696875 0.01953125 0.01171875
6 0.58046875 0.68671875 0.003125 0.01484375
6 0.565625 0.68671875 0.00390625 0.01328125
6 0.56015625 0.6859375 0.003125 0.01171875
6 0.5546875 0.68515625 0.003125 0.0109375
6 0.54296875 0.68515625 0.00546875 0.01328125
6 0.5359375 0.6828125 0.003125 0.01171875
6 0.60390625 0.675 0.00234375 0.01328125
6 0.71328125 0.87578125 0.0046875 0.025
6 0.67265625 0.71328125 0.00390625 0.01484375
10 0.6875 0.66875 0.01171875 0.0109375
6 0.7078125 0.66953125 0.00234375 0.01015625
3 0.7125 0.678125 0.01171875 0.01015625
3 0.72734375 0.67890625 0.01328125 0.009375
6 0.753125 0.6890625 0.00390625 0.01328125
3 0.76484375 0.73203125 0.01328125 0.01640625
10 0.74296875 0.73984375 0.0125 0.028125
3 0.740625 0.771875 0.01328125 0.02421875
3 0.7546875 0.76171875 0.0109375 0.0203125
3 0.76328125 0.79375 0.0140625 0.025
2 0.75234375 0.81484375 0.02734375 0.05
6 0.79765625 0.778125 0.00390625 0.01796875
6 0.80078125 0.7578125 0.003125 0.0140625
6 0.796875 0.75703125 0.00234375 0.01484375
3 0.790625 0.74453125 0.01796875 0.015625
6 0.775 0.74453125 0.00390625 0.01484375
3 0.81171875 0.928125 0.02890625 0.04140625
3 0.8078125 0.89375 0.0234375 0.0296875
3 0.79765625 0.9671875 0.03203125 0.03828125
10 0.77265625 0.9296875 0.02734375 0.04296875
3 0.75625 0.90703125 0.02109375 0.03203125
3 0.73046875 0.85859375 0.021875 0.0296875
10 0.72578125 0.7765625 0.0125 0.02421875
6 0.85859375 0.87890625 0.00546875 0.0203125
2 0.81015625 0.85390625 0.0453125 0.06953125
9 0.9265625 0.98515625 0.03828125 0.02421875
6 0.79921875 0.6953125 0.003125 0.01484375
6 0.7953125 0.6921875 0.003125 0.01015625
6 0.7921875 0.69375 0.00234375 0.0109375
6 0.80234375 0.6875 0.00234375 0.0140625
6 0.80546875 0.69140625 0.003125 0.0109375
6 0.7859375 0.68515625 0.00390625 0.01484375
8 0.784375 0.68828125 0.0109375 0.0109375
10 0.76953125 0.68828125 0.0203125 0.01796875
4 0.71171875 0.70859375 0.00546875 0.00546875
6 0.71015625 0.70390625 0.00234375 0.00859375
4 0.71953125 0.70234375 0.00703125 0.00625
6 0.71953125 0.7 0.003125 0.0109375
4 0.74296875 0.71953125 0.01015625 0.009375
6 0.7421875 0.71640625 0.00390625 0.0109375
6 0.6578125 0.65 0.003125 0.009375
6 0.5703125 0.715625 0.00234375 0.01328125
6 0.56796875 0.7140625 0.003125 0.01640625
6 0.56484375 0.71484375 0.00390625 0.01640625
6 0.5578125 0.71640625 0.00390625 0.0140625
6 0.53203125 0.7140625 0.003125 0.01328125
6 0.5390625 0.715625 0.00234375 0.0140625
6 0.5078125 0.71328125 0.00390625 0.0140625
6 0.4984375 0.7109375 0.00234375 0.01328125
6 0.5171875 0.71328125 0.00390625 0.01328125
6 0.56640625 0.6640625 0.00234375 0.015625
3 0.48984375 0.58125 0.00390625 0.00703125
3 0.49375 0.5796875 0.00390625 0.00703125
3 0.25078125 0.69453125 0.021875 0.0109375
6 0.24609375 0.6765625 0.00390625 0.01328125
6 0.21484375 0.675 0.003125 0.01328125
6 0.284375 0.6765625 0.00234375 0.01015625
6 0.28203125 0.6765625 0.00390625 0.0109375
6 0.2765625 0.67734375 0.00390625 0.01171875
6 0.2703125 0.675 0.00390625 0.01328125
6 0.265625 0.67421875 0.003125 0.01171875
6 0.28125 0.70390625 0.00234375 0.01328125
6 0.2703125 0.703125 0.00234375 0.01328125
6 0.278125 0.703125 0.00390625 0.0140625