9 0.1 0.365625 0.0328125 0.0265625
9 0.18515625 0.35 0.0328125 0.028125
10 0.29296875 0.6796875 0.021875 0.0734375
10 0.30078125 0.54140625 0.0171875 0.05
3 0.3515625 0.59296875 0.0203125 0.0359375
2 0.37890625 0.42109375 0.0515625 0.0578125
3 0.3890625 0.38203125 0.0234375 0.0171875
10 0.36328125 0.27734375 0.0140625 0.028125
3 0.3484375 0.2140625 0.009375 0.015625
3 0.3484375 0.18359375 0.009375 0.015625
3 0.3828125 0.16640625 0.009375 0.0125
10 0.3625 0.14765625 0.009375 0.015625
3 0.415625 0.10546875 0.00625 0.0125
3 0.3765625 0.1421875 0.009375 0.015625
3 0.39296875 0.103125 0.009375 0.015625
3 0.40078125 0.06953125 0.00625 0.0109375
3 0.40234375 0.084375 0.009375 0.009375
3 0.41796875 0.046875 0.00625 0.009375
3 0.4359375 0.0265625 0.00625 0.009375
9 0.446875 0.01640625 0.0078125 0.009375
2 0.2546875 0.21640625 0.0234375 0.025
9 0.27890625 0.2015625 0.0296875 0.0328125
4 0.37421875 0.3515625 0.0125 0.0125
2 0.25546875 0.465625 0.04375 0.08125