3 0.14921875 0.06171875 0.01015625 0.02578125
3 0.15859375 0.09375 0.01328125 0.02578125
3 0.0953125 0.14140625 0.01171875 0.025
3 0.0796875 0.42109375 0.01796875 0.0453125
3 0.45390625 0.04296875 0.01015625 0.021875
3 0.4 0.35859375 0.01796875 0.04609375
3 0.434375 0.3203125 0.01640625 0.04296875
3 0.421875 0.14921875 0.01328125 0.025
3 0.42890625 0.12109375 0.0125 0.028125
3 0.4375 0.09765625 0.01171875 0.0234375
10 0.44375 0.07421875 0.0125 0.028125
10 0.4109375 0.2109375 0.0125 0.040625
6 0.346875 0.09375 0.0046875 0.0140625
6 0.353125 0.0734375 0.0046875 0.01640625
6 0.32734375 0.10625 0.00546875 0.01484375
6 0.25078125 0.03828125 0.00390625 0.015625
6 0.24921875 0.015625 0.00390625 0.01171875
6 0.25 0.01328125 0.00390625 0.01484375
6 0.5546875 0.553125 0.00703125 0.01484375
6 0.56640625 0.546875 0.00703125 0.015625
6 0.65 0.64140625 0.0078125 0.01796875
6 0.65 0.62890625 0.00859375 0.01953125
10 0.428125 0.55078125 0.03046875 0.0734375
3 0.50625 0.00703125 0.009375 0.0140625
10 0.20703125 0.6015625 0.02265625 0.09296875
3 0.05546875 0.65546875 0.025 0.06484375
2 0.1109375 0.45546875 0.03046875 0.13984375
9 0.17109375 0.14609375 0.02421875 0.06171875
3 0.00625 0.225 0.0125 0.046875
2 0.2390625 0.059375 0.02578125 0.07109375