3 0.78515625 0.70859375 0.0109375 0.0078125
3 0.7765625 0.70625 0.0109375 0.0078125
3 0.7625 0.7125 0.0140625 0.0109375
3 0.7609375 0.70546875 0.0171875 0.0109375
3 0.76015625 0.6984375 0.0125 0.009375
3 0.7515625 0.70078125 0.0140625 0.009375
3 0.73359375 0.70703125 0.0140625 0.009375
3 0.7375 0.7 0.0140625 0.009375
3 0.72734375 0.69765625 0.0125 0.009375
3 0.71953125 0.7046875 0.0171875 0.0140625
3 0.7109375 0.69453125 0.0140625 0.009375
3 0.70078125 0.70078125 0.0171875 0.0109375
3 0.70078125 0.71171875 0.015625 0.0125
3 0.690625 0.6921875 0.015625 0.009375
3 0.67890625 0.690625 0.0171875 0.0125
3 0.6703125 0.70078125 0.0140625 0.0125
3 0.671875 0.67890625 0.0140625 0.009375
2 0.69921875 0.6828125 0.034375 0.0234375
2 0.76484375 0.69140625 0.0234375 0.015625
3 0.6953125 0.62265625 0.0140625 0.0171875
3 0.6578125 0.6765625 0.0171875 0.0140625
3 0.65390625 0.68828125 0.01875 0.0140625
3 0.64296875 0.69609375 0.0203125 0.0140625
3 0.63671875 0.68359375 0.01875 0.015625
3 0.63125 0.67109375 0.0171875 0.0140625
3 0.60625 0.690625 0.0203125 0.0140625
3 0.60390625 0.67890625 0.021875 0.0171875
3 0.609375 0.66953125 0.0203125 0.015625
3 0.65546875 0.65625 0.0171875 0.0140625
3 0.6453125 0.65234375 0.015625 0.0109375
3 0.6390625 0.65078125 0.0171875 0.0140625
3 0.6296875 0.6484375 0.0171875 0.0140625
3 0.6140625 0.64453125 0.021875 0.0171875
3 0.5828125 0.6375 0.01875 0.015625
3 0.56796875 0.63515625 0.0171875 0.0140625
3 0.55 0.62890625 0.021875 0.0171875
3 0.53359375 0.62109375 0.0234375 0.0171875
10 0.57890625 0.66015625 0.025 0.01875
3 0.57421875 0.67421875 0.021875 0.0171875
3 0.5578125 0.684375 0.021875 0.0171875
3 0.54296875 0.65546875 0.021875 0.0171875
3 0.5078125 0.6765625 0.0234375 0.0171875
3 0.5078125 0.66171875 0.025 0.0203125
3 0.478125 0.640625 0.0234375 0.0203125
3 0.4671875 0.65546875 0.0234375 0.0203125
3 0.428125 0.65546875 0.021875 0.01875
3 0.41953125 0.63046875 0.025 0.0203125
3 0.45234375 0.59375 0.025 0.0234375
3 0.40078125 0.57890625 0.025 0.021875
3 0.38125 0.57421875 0.0296875 0.025
10 0.33359375 0.56328125 0.0359375 0.0265625
3 0.30546875 0.55859375 0.0328125 0.025
3 0.2484375 0.553125 0.034375 0.0296875
3 0.33671875 0.61875 0.0328125 0.025
3 0.3046875 0.63046875 0.034375 0.0265625
3 0.24765625 0.61484375 0.0359375 0.0296875
7 0.3546875 0.58828125 0.0140625 0.0109375
7 0.35546875 0.57890625 0.015625 0.009375
7 0.31015625 0.58515625 0.015625 0.009375
7 0.3125 0.571875 0.0140625 0.0078125
7 0.2703125 0.57109375 0.0203125 0.0109375
7 0.17578125 0.56171875 0.021875 0.0109375
7 0.15703125 0.54921875 0.0203125 0.0109375
1 0.35 0.58828125 0.0171875 0.0109375
1 0.35 0.58046875 0.015625 0.009375
1 0.30546875 0.5859375 0.015625 0.009375
1 0.30859375 0.571875 0.0140625 0.009375
1 0.26640625 0.57109375 0.0171875 0.0140625
1 0.1734375 0.5625 0.0203125 0.0140625
1 0.153125 0.54921875 0.0171875 0.0140625
4 0.18046875 0.5171875 0.0265625 0.015625
3 0.128125 0.52109375 0.0421875 0.034375
4 0.10625 0.5078125 0.0265625 0.015625
4 0.11484375 0.52890625 0.028125 0.01875
3 0.07421875 0.50546875 0.0515625 0.0453125
3 0.0234375 0.49140625 0.046875 0.0484375
3 0.0578125 0.603125 0.053125 0.040625
3 0.11015625 0.7796875 0.05625 0.0359375
3 0.15859375 0.77578125 0.053125 0.034375
3 0.2078125 0.77734375 0.046875 0.03125
10 0.2484375 0.775 0.0515625 0.03125
7 0.30859375 0.7421875 0.021875 0.0109375
4 0.30390625 0.7421875 0.0203125 0.0109375
6 0.58359375 0.74453125 0.0203125 0.0109375
6 0.490625 0.74609375 0.021875 0.0109375
3 0.61484375 0.90625 0.0234375 0.0234375