3 0.065625 0.4546875 0.0171875 0.0203125
3 0.07890625 0.46171875 0.021875 0.021875
9 0.178125 0.49609375 0.0515625 0.059375
3 0.24296875 0.5390625 0.0375 0.0484375
3 0.28203125 0.55859375 0.0421875 0.053125
3 0.33046875 0.55546875 0.034375 0.05
7 0.340625 0.575 0.0140625 0.0328125
6 0.30546875 0.565625 0.015625 0.0375
3 0.38359375 0.546875 0.0390625 0.053125
3 0.421875 0.53125 0.0484375 0.05625
3 0.46171875 0.5203125 0.0484375 0.0578125
3 0.490625 0.5046875 0.04375 0.0484375
6 0.65390625 0.37734375 0.0109375 0.028125
3 0.6703125 0.54296875 0.0625 0.0734375
3 0.64453125 0.5921875 0.075 0.08125
3 0.653125 0.6671875 0.0796875 0.109375
3 0.01875 0.52421875 0.03125 0.034375
3 0.05546875 0.5671875 0.040625 0.0515625
3 0.084375 0.6046875 0.0515625 0.0625
3 0.12578125 0.634375 0.065625 0.0765625
3 0.184375 0.7140625 0.0890625 0.121875
3 0.415625 0.9453125 0.1625 0.109375
9 0.1453125 0.91328125 0.190625 0.1734375