3 0.2796875 0.771875 0.0578125 0.17109375
3 0.309375 0.5890625 0.04453125 0.12421875
6 0.29453125 0.49921875 0.01640625 0.0484375
1 0.4578125 0.80390625 0.04453125 0.040625
3 0.3375 0.45546875 0.0359375 0.071875
4 0.45078125 0.77578125 0.04609375 0.04296875
3 0.453125 0.6828125 0.10703125 0.096875
6 0.4421875 0.51328125 0.01328125 0.0609375
6 0.43203125 0.4796875 0.01328125 0.04609375
2 0.0890625 0.60546875 0.178125 0.3609375
3 0.1796875 0.425 0.04453125 0.08125
3 0.22265625 0.3234375 0.0359375 0.05546875
4 0.5 0.4984375 0.02109375 0.02421875
4 0.50390625 0.45625 0.03046875 0.02578125
1 0.509375 0.44609375 0.02109375 0.02421875
6 0.50546875 0.37578125 0.01015625 0.03828125
3 0.46171875 0.36875 0.05546875 0.05078125
3 0.41328125 0.33828125 0.02578125 0.0546875
3 0.35078125 0.33046875 0.034375 0.07578125
3 0.359375 0.2921875 0.02109375 0.03984375
3 0.38515625 0.240625 0.01875 0.03359375
3 0.35703125 0.23828125 0.02265625 0.03125
3 0.4296875 0.265625 0.0453125 0.03515625
3 0.42265625 0.28671875 0.04609375 0.03515625
3 0.43359375 0.30546875 0.04921875 0.034375
3 0.45625 0.3265625 0.06015625 0.040625
3 0.4625 0.3484375 0.05859375 0.0359375
3 0.49375 0.21953125 0.01875 0.03203125
3 0.48984375 0.18046875 0.0203125 0.0296875
3 0.5 0.1640625 0.01875 0.025
3 0.50859375 0.1828125 0.01875 0.03203125
10 0.49921875 0.13203125 0.025 0.03046875
3 0.5171875 0.13671875 0.02265625 0.0234375
3 0.53515625 0.140625 0.02265625 0.0203125
3 0.55 0.14140625 0.01953125 0.021875
6 0.41171875 0.14921875 0.00390625 0.01875
6 0.4265625 0.1328125 0.00546875 0.01953125
6 0.47734375 0.096875 0.00390625 0.01875
7 0.41796875 0.09453125 0.00390625 0.01484375
7 0.43359375 0.09140625 0.00390625 0.01328125
7 0.43984375 0.08671875 0.00390625 0.01171875
7 0.440625 0.0578125 0.003125 0.01015625
7 0.4453125 0.05390625 0.003125 0.009375
1 0.4453125 0.05703125 0.00390625 0.009375
1 0.44140625 0.06171875 0.00390625 0.01015625
1 0.43984375 0.08984375 0.00234375 0.0109375
1 0.43359375 0.096875 0.00390625 0.01171875
1 0.41796875 0.09609375 0.0046875 0.0109375
6 0.46015625 0.03046875 0.003125 0.01328125
7 0.46484375 0.02734375 0.00234375 0.01015625
6 0.46953125 0.028125 0.00234375 0.01015625
1 0.465625 0.03125 0.00234375 0.00859375
3 0.4421875 0.046875 0.01015625 0.01484375
6 0.465625 0.0109375 0.00234375 0.01015625
3 0.44765625 0.13046875 0.02890625 0.021875
3 0.4515625 0.1265625 0.02734375 0.0203125
3 0.45 0.11953125 0.02890625 0.01796875
3 0.45078125 0.1171875 0.02421875 0.0234375
3 0.4515625 0.1140625 0.02734375 0.021875
3 0.4515625 0.11015625 0.02734375 0.0203125
3 0.45390625 0.10390625 0.02421875 0.015625
3 0.45546875 0.09765625 0.02578125 0.01796875
3 0.45625 0.096875 0.02265625 0.02109375
2 0.4671875 0.08828125 0.03515625 0.0265625
3 0.46953125 0.07734375 0.02109375 0.015625
3 0.46796875 0.07578125 0.02265625 0.02109375
3 0.46875 0.07109375 0.02109375 0.01484375
3 0.46953125 0.0671875 0.02109375 0.02109375
3 0.4703125 0.06171875 0.02109375 0.01796875
3 0.47421875 0.06015625 0.02265625 0.01875
3 0.47421875 0.05859375 0.02421875 0.01875
3 0.47265625 0.05546875 0.02265625 0.01875
3 0.471875 0.05 0.02265625 0.01640625
6 0.49609375 0.10078125 0.00390625 0.015625
6 0.49921875 0.1015625 0.00234375 0.01484375
6 0.17890625 0.30703125 0.01171875 0.03203125
3 0.2796875 0.196875 0.02109375 0.04375
3 0.25390625 0.2546875 0.0265625 0.04296875
3 0.21484375 0.2484375 0.03125 0.03984375
7 0.21171875 0.2171875 0.00703125 0.02109375
4 0.21171875 0.22265625 0.0125 0.015625
3 0.25234375 0.12578125 0.0203125 0.03203125
3 0.0265625 0.36875 0.05234375 0.06953125
7 0.01328125 0.41796875 0.015625 0.034375
1 0.01484375 0.43125 0.021875 0.03359375
3 0.021875 0.32734375 0.04375 0.0390625
3 0.03671875 0.3140625 0.05 0.0390625
3 0.053125 0.29453125 0.05234375 0.03359375
3 0.06796875 0.28046875 0.04453125 0.03125
3 0.075 0.265625 0.05703125 0.034375
3 0.0921875 0.25390625 0.04609375 0.03046875
3 0.103125 0.23671875 0.04609375 0.03203125
3 0.13515625 0.24296875 0.0375 0.0453125
3 0.1140625 0.22421875 0.04453125 0.03203125
3 0.12421875 0.2109375 0.04921875 0.03046875
3 0.19375 0.178125 0.02265625 0.03359375
3 0.2171875 0.13515625 0.03203125 0.02421875
3 0.22421875 0.13046875 0.02734375 0.02421875
3 0.22890625 0.1234375 0.03046875 0.0265625
3 0.23203125 0.1125 0.02421875 0.02109375
3 0.24375 0.1109375 0.02265625 0.01796875
3 0.296875 0.0890625 0.021875 0.02109375
6 0.30859375 0.1015625 0.003125 0.015625
6 0.31796875 0.08046875 0.00390625 0.01796875