3 0.2875 0.61171875 0.0640625 0.0296875
3 0.2125 0.61796875 0.0734375 0.034375
3 0.09140625 0.634375 0.1078125 0.0453125
4 0.08203125 0.76484375 0.0328125 0.0234375
4 0.09609375 0.7390625 0.0328125 0.015625
7 0.09375 0.7640625 0.021875 0.0109375
7 0.1109375 0.7390625 0.021875 0.0109375
7 0.015625 0.73984375 0.0125 0.0109375
3 0.60859375 0.59453125 0.01875 0.0109375
3 0.75859375 0.584375 0.00625 0.003125
3 0.78125 0.584375 0.0046875 0.003125
1 0.54765625 0.61796875 0.009375 0.003125
6 0.5265625 0.58515625 0.015625 0.0046875
7 0.55 0.61796875 0.00625 0.003125
6 0.2203125 0.6796875 0.028125 0.009375
4 0.26953125 0.42421875 0.03125 0.0109375
7 0.2765625 0.42421875 0.01875 0.0078125
3 0.62578125 0.5140625 0.0125 0.0078125
3 0.69765625 0.53515625 0.00625 0.003125
3 0.72734375 0.54453125 0.00625 0.003125
3 0.7578125 0.56328125 0.003125 0.003125
3 0.7578125 0.55703125 0.003125 0.0015625
3 0.75234375 0.55234375 0.003125 0.003125
3 0.7328125 0.55078125 0.0046875 0.003125
3 0.74609375 0.5328125 0.00625 0.003125
3 0.7046875 0.509375 0.00625 0.003125
3 0.72734375 0.51875 0.00625 0.003125
3 0.74921875 0.54609375 0.0046875 0.003125
3 0.71484375 0.53515625 0.0046875 0.003125
3 0.7203125 0.5375 0.0046875 0.003125
3 0.7578125 0.53359375 0.0046875 0.003125
6 0.7109375 0.50234375 0.0109375 0.0015625
3 0.66015625 0.48515625 0.0125 0.015625
3 0.58515625 0.44453125 0.00625 0.0046875
3 0.42890625 0.35546875 0.0375 0.0390625
0 0.30859375 0.26484375 0.0234375 0.0171875