6 0.3 0.315625 0.0015625 0.00625
6 0.240625 0.3703125 0.00234375 0.00703125
6 0.29375 0.34765625 0.00234375 0.00859375
3 0.03046875 0.7765625 0.01328125 0.04375
3 0.05390625 0.77109375 0.0140625 0.04375
3 0.06875 0.7703125 0.01328125 0.04296875
3 0.084375 0.7640625 0.0109375 0.03125
3 0.09765625 0.7640625 0.0125 0.04140625
3 0.0140625 0.87109375 0.0171875 0.046875
3 0.04296875 0.8640625 0.01484375 0.04609375
3 0.0703125 0.86171875 0.01484375 0.0453125
3 0.05625 0.859375 0.01484375 0.0453125
3 0.00390625 0.7796875 0.0078125 0.04296875
3 0.1859375 0.75390625 0.01015625 0.03828125
10 0.2 0.74453125 0.01171875 0.03828125
3 0.21328125 0.74375 0.01015625 0.03828125
3 0.2296875 0.74296875 0.01015625 0.03828125
3 0.18828125 0.8421875 0.01171875 0.03984375
3 0.2046875 0.84140625 0.01015625 0.04140625
3 0.24609375 0.83359375 0.01015625 0.04296875
3 0.27109375 0.83125 0.01015625 0.0390625
3 0.28515625 0.828125 0.01015625 0.03984375
10 0.2984375 0.82421875 0.01484375 0.0484375
3 0.3109375 0.81953125 0.01015625 0.0453125
3 0.32578125 0.82109375 0.009375 0.04375
3 0.36171875 0.8109375 0.009375 0.04921875
3 0.30078125 0.7359375 0.009375 0.03828125
3 0.3296875 0.73046875 0.01015625 0.03828125
3 0.36640625 0.72890625 0.01015625 0.0390625
10 0.37734375 0.725 0.01015625 0.04296875
6 0.29296875 0.621875 0.0015625 0.00625
6 0.27890625 0.59609375 0.003125 0.00546875
4 0.28984375 0.61875 0.00625 0.00703125
6 0.6328125 0.38671875 0.00234375 0.00703125
6 0.5265625 0.27578125 0.00234375 0.00625
6 0.559375 0.30546875 0.00234375 0.00703125
6 0.5578125 0.315625 0.00234375 0.00703125
6 0.559375 0.31875 0.00234375 0.00546875
4 0.5171875 0.3265625 0.00390625 0.00859375
4 0.52109375 0.33125 0.003125 0.00703125
4 0.5234375 0.334375 0.0046875 0.00625
4 0.52578125 0.33671875 0.0046875 0.00703125
6 0.7171875 0.3765625 0.00546875 0.00703125
3 0.671875 0.1640625 0.0109375 0.02578125
3 0.6796875 0.16328125 0.01015625 0.025
3 0.690625 0.17109375 0.01015625 0.025
3 0.7 0.17578125 0.01015625 0.025
3 0.7125 0.18359375 0.01171875 0.02421875