3 0.0109375 0.67578125 0.021875 0.0203125
3 0.11328125 0.62890625 0.0390625 0.01875
3 0.16796875 0.6390625 0.0359375 0.0171875
3 0.21171875 0.64609375 0.0359375 0.0171875
9 0.34140625 0.6671875 0.053125 0.028125
6 0.6171875 0.6984375 0.00625 0.0046875
6 0.6171875 0.69609375 0.0046875 0.0046875
6 0.69609375 0.67265625 0.00625 0.0046875
6 0.7171875 0.671875 0.009375 0.0046875
3 0.17734375 0.4875 0.0390625 0.021875
10 0.2625 0.5 0.0328125 0.0171875
3 0.38828125 0.52890625 0.0359375 0.0171875
3 0.7953125 0.63359375 0.0359375 0.0203125
3 0.80703125 0.61875 0.0375 0.0171875
3 0.81796875 0.60703125 0.0359375 0.0171875
3 0.6484375 0.621875 0.0375 0.0171875
10 0.6609375 0.60546875 0.0359375 0.0171875
3 0.7046875 0.5703125 0.0375 0.0171875
3 0.7359375 0.56171875 0.0375 0.0171875
3 0.778125 0.5375 0.0203125 0.021875
3 0.8125 0.55 0.0234375 0.0234375
4 0.70546875 0.66953125 0.0078125 0.0109375
4 0.66953125 0.584375 0.015625 0.00625
4 0.67734375 0.57890625 0.0140625 0.00625
4 0.57890625 0.55859375 0.015625 0.00625
4 0.759375 0.73203125 0.009375 0.0046875
4 0.76796875 0.73046875 0.009375 0.0046875
4 0.003125 0.696875 0.00625 0.009375