0 0.19609375 0.88515625 0.04296875 0.0515625
3 0.0953125 0.7859375 0.05859375 0.05703125
3 0.10234375 0.6421875 0.05546875 0.04921875
3 0.103125 0.5796875 0.05234375 0.04453125
3 0.26875 0.5953125 0.04140625 0.040625
3 0.265625 0.4859375 0.046875 0.046875
3 0.3265625 0.465625 0.0390625 0.03984375
3 0.309375 0.38671875 0.0234375 0.05
6 0.31328125 0.38203125 0.00546875 0.02109375
3 0.26953125 0.390625 0.01875 0.05078125
3 0.04375 0.471875 0.0875 0.075
3 0.15703125 0.4296875 0.01875 0.04609375
10 0.1765625 0.4109375 0.0171875 0.05078125
3 0.496875 0.34453125 0.03203125 0.0265625
3 0.48359375 0.5375 0.04453125 0.0359375
3 0.4859375 0.56640625 0.0484375 0.040625
3 0.48828125 0.59453125 0.04609375 0.03828125
3 0.5515625 0.478125 0.01953125 0.05703125
3 0.6390625 0.47109375 0.02265625 0.05625
3 0.95546875 0.15390625 0.03046875 0.0265625
5 0.9375 0.08984375 0.02890625 0.0296875
3 0.9625 0.0890625 0.02734375 0.02109375
10 0.92890625 0.08203125 0.025 0.025
3 0.9203125 0.07578125 0.0265625 0.021875
3 0.9125 0.0640625 0.02265625 0.02109375
6 0.8859375 0.128125 0.00625 0.01796875
3 0.8484375 0.09296875 0.02734375 0.0203125
3 0.97734375 0.0484375 0.02578125 0.0203125
3 0.9359375 0.06171875 0.02578125 0.0203125
3 0.8015625 0.11328125 0.02890625 0.0234375
3 0.79453125 0.0859375 0.025 0.01953125
3 0.76875 0.10078125 0.0234375 0.021875
3 0.76640625 0.08828125 0.02578125 0.0234375
5 0.71640625 0.11328125 0.028125 0.03046875
3 0.675 0.090625 0.02578125 0.02421875
0 0.67421875 0.06875 0.01796875 0.01875
10 0.6078125 0.04921875 0.01796875 0.021875
10 0.5578125 0.10703125 0.015625 0.028125
3 0.45625 0.05390625 0.02421875 0.021875
3 0.43125 0.07890625 0.02578125 0.02421875
3 0.434375 0.06640625 0.0265625 0.0203125
3 0.4484375 0.009375 0.0234375 0.01796875
3 0.37890625 0.09140625 0.02734375 0.02109375
3 0.221875 0.05390625 0.02734375 0.021875
3 0.1625 0.14453125 0.0171875 0.03359375
3 0.14140625 0.1515625 0.01796875 0.034375
3 0.12421875 0.16328125 0.0171875 0.03359375
10 0.075 0.17578125 0.0203125 0.03671875