10 0.16015625 0.7671875 0.05859375 0.14921875
3 0.5515625 0.8421875 0.05390625 0.146875
3 0.521875 0.37109375 0.0234375 0.034375
3 0.29921875 0.45625 0.03359375 0.05
3 0.23984375 0.56328125 0.04296875 0.06640625
3 0.053125 0.9 0.10546875 0.09296875
6 0.115625 0.65234375 0.01328125 0.0453125
6 0.121875 0.62265625 0.01328125 0.03828125
3 0.2328125 0.46796875 0.0515625 0.04140625
1 0.1625 0.56875 0.01328125 0.02890625
0 0.64140625 0.534375 0.028125 0.02890625
4 0.653125 0.45234375 0.01328125 0.02890625
10 0.553125 0.35390625 0.02578125 0.040625
3 0.5453125 0.32109375 0.02109375 0.02890625
3 0.2390625 0.446875 0.04921875 0.03828125
3 0.24375 0.42109375 0.04453125 0.0359375
3 0.2796875 0.35 0.03984375 0.03125
10 0.26875 0.37265625 0.0328125 0.03828125
4 0.24609375 0.36953125 0.01015625 0.02109375
3 0.3125 0.29375 0.03203125 0.0234375
3 0.3515625 0.2078125 0.02421875 0.01171875
3 0.43828125 0.18125 0.0078125 0.01640625
3 0.50234375 0.228125 0.01015625 0.02109375
3 0.48359375 0.18359375 0.00859375 0.015625
6 0.62109375 0.41875 0.00625 0.0296875
6 0.36640625 0.2671875 0.00546875 0.015625
6 0.36875 0.22734375 0.00546875 0.0140625
6 0.36328125 0.22578125 0.00390625 0.015625
6 0.4796875 0.35703125 0.00703125 0.021875
4 0.4140625 0.3640625 0.00546875 0.0203125
7 0.4140625 0.35703125 0.00625 0.01796875
10 0.2875 0.3328125 0.04453125 0.03046875
3 0.29375 0.3171875 0.03359375 0.02109375
4 0.28671875 0.28671875 0.00859375 0.01953125
3 0.321875 0.27578125 0.0265625 0.01953125
3 0.3578125 0.196875 0.0234375 0.01640625
10 0.32734375 0.26171875 0.03046875 0.03125
10 0.33125 0.25625 0.01953125 0.015625
3 0.38515625 0.2625 0.01015625 0.02109375
3 0.49609375 0.20234375 0.015625 0.015625
3 0.47734375 0.16796875 0.00703125 0.0109375
10 0.34453125 0.240625 0.01484375 0.03515625
3 0.3671875 0.1859375 0.01796875 0.015625
3 0.42109375 0.11875 0.00546875 0.009375
3 0.43984375 0.11796875 0.00546875 0.00546875
6 0.45625 0.15546875 0.00234375 0.00859375
6 0.4078125 0.19453125 0.00390625 0.01484375
3 0.47109375 0.153125 0.0078125 0.009375
10 0.46640625 0.14375 0.01015625 0.01875
6 0.4609375 0.14375 0.003125 0.00859375
2 0.42890625 0.11171875 0.00703125 0.01640625
10 0.25390625 0.91171875 0.07578125 0.115625