3 0.3453125 0.7140625 0.0296875 0.10078125
3 0.41796875 0.69453125 0.02578125 0.09296875
3 0.41875 0.60546875 0.021875 0.071875
3 0.3921875 0.5375 0.01953125 0.05859375
3 0.4203125 0.521875 0.02109375 0.06015625
3 0.3421875 0.50703125 0.02109375 0.05625
3 0.36953125 0.49375 0.021875 0.06015625
3 0.39453125 0.29375 0.01171875 0.0265625
3 0.44296875 0.30390625 0.0109375 0.0234375
3 0.44453125 0.23515625 0.01015625 0.0203125
3 0.44453125 0.17578125 0.0125 0.01875
6 0.2328125 0.7890625 0.01484375 0.04296875
6 0.0359375 0.69609375 0.01875 0.03203125
6 0.2546875 0.55390625 0.00703125 0.034375
4 0.27109375 0.66640625 0.01328125 0.03671875
7 0.27109375 0.6546875 0.00859375 0.03125
7 0.2890625 0.665625 0.00859375 0.028125
7 0.309375 0.5796875 0.009375 0.0203125
1 0.309375 0.5890625 0.009375 0.02578125
1 0.290625 0.67421875 0.01015625 0.03125
9 0.384375 0.64609375 0.0328125 0.125