3 0.71171875 0.49609375 0.00625 0.009375
6 0.7171875 0.49765625 0.00234375 0.01015625
6 0.7 0.49140625 0.00234375 0.00625
3 0.6765625 0.61328125 0.02265625 0.03125
3 0.440625 0.69609375 0.05859375 0.05859375
3 0.57109375 0.6828125 0.05859375 0.04921875
3 0.5203125 0.64296875 0.04609375 0.034375
7 0.1984375 0.584375 0.0046875 0.015625
1 0.1984375 0.59296875 0.00859375 0.01875
9 0.26328125 0.6 0.03046875 0.03671875
3 0.271875 0.56796875 0.02265625 0.028125
3 0.2390625 0.5671875 0.02265625 0.0234375
5 0.3015625 0.525 0.01875 0.02421875
3 0.19296875 0.534375 0.0140625 0.01796875
9 0.18046875 0.51171875 0.0125 0.015625
3 0.23828125 0.525 0.01484375 0.01484375
10 0.22734375 0.50625 0.01015625 0.01484375
3 0.2109375 0.49609375 0.00859375 0.01015625
3 0.10390625 0.46328125 0.00390625 0.00625
3 0.14453125 0.4765625 0.00625 0.00859375
10 0.13125 0.47109375 0.0046875 0.00859375
3 0.13359375 0.4640625 0.0046875 0.0046875
9 0.18046875 0.48671875 0.00703125 0.0109375
3 0.17734375 0.47890625 0.00625 0.00625
3 0.1765625 0.47421875 0.00625 0.00625
3 0.18125 0.46875 0.00546875 0.00625
10 0.17265625 0.46640625 0.00390625 0.00859375
3 0.1640625 0.475 0.00546875 0.00703125
3 0.1640625 0.46328125 0.0046875 0.00546875
3 0.153125 0.459375 0.0046875 0.00625
10 0.13828125 0.45546875 0.00390625 0.00625
3 0.13984375 0.453125 0.003125 0.0046875