3 0.62109375 0.325 0.11953125 0.128125
10 0.26484375 0.39765625 0.121875 0.11796875
10 0.3390625 0.05625 0.0921875 0.08671875
10 0.221875 0.58125 0.1421875 0.14140625
3 0.19609375 0.72421875 0.18671875 0.16015625
3 0.709375 0.9765625 0.2 0.046875
10 0.68046875 0.71875 0.14609375 0.1390625
1 0.1609375 0.38984375 0.02265625 0.07578125
1 0.2296875 0.09609375 0.0359375 0.05390625
1 0.20703125 0.159375 0.03984375 0.0296875
1 0.2078125 0.14609375 0.03984375 0.0359375
1 0.2109375 0.13984375 0.04765625 0.04453125