3 0.88828125 0.9484375 0.0125 0.0046875
3 0.9 0.93046875 0.0078125 0.009375
3 0.88203125 0.90390625 0.0078125 0.0125
3 0.8578125 0.93984375 0.0109375 0.0140625
3 0.86796875 0.91328125 0.0078125 0.0109375
3 0.86171875 0.91796875 0.0078125 0.009375
10 0.85 0.94921875 0.0140625 0.0140625
3 0.8375 0.925 0.0078125 0.0125
10 0.8234375 0.9109375 0.0125 0.0203125
10 0.83828125 0.903125 0.0078125 0.0140625
10 0.85078125 0.8953125 0.009375 0.0171875
3 0.86171875 0.89765625 0.0078125 0.0109375
3 0.85625 0.90546875 0.0078125 0.0109375
3 0.85703125 0.884375 0.0078125 0.0109375
3 0.76796875 0.77734375 0.0125 0.0203125
3 0.74453125 0.7609375 0.0125 0.0234375
3 0.7265625 0.69765625 0.015625 0.0234375
3 0.7796875 0.709375 0.0125 0.0203125
3 0.7828125 0.746875 0.0125 0.0203125
3 0.796875 0.7484375 0.0125 0.0203125
3 0.796875 0.7125 0.0140625 0.021875
3 0.81953125 0.7640625 0.0125 0.0203125
10 0.8046875 0.7671875 0.0109375 0.0171875
10 0.81328125 0.78359375 0.0109375 0.0171875
3 0.8203125 0.79921875 0.0109375 0.0171875
3 0.8078125 0.80078125 0.0109375 0.0171875
3 0.78125 0.80703125 0.0109375 0.0171875
3 0.8171875 0.81875 0.0109375 0.0171875
3 0.82734375 0.8171875 0.0109375 0.0171875
3 0.8328125 0.83203125 0.0109375 0.0171875
3 0.825 0.83671875 0.0109375 0.0171875
3 0.83203125 0.85078125 0.0078125 0.015625
3 0.8421875 0.84921875 0.0109375 0.0171875
3 0.8453125 0.88125 0.0078125 0.0109375
10 0.8390625 0.86796875 0.009375 0.0140625
2 0.85 0.87109375 0.0140625 0.0265625
9 0.86171875 0.85625 0.0171875 0.0359375
2 0.840625 0.8046875 0.015625 0.0296875
2 0.73984375 0.69453125 0.0203125 0.0390625
9 0.72421875 0.72109375 0.021875 0.0453125
9 0.75078125 0.746875 0.0296875 0.059375
10 0.8046875 0.8640625 0.0125 0.021875
10 0.8109375 0.8859375 0.0125 0.0203125
3 0.79140625 0.834375 0.0125 0.0203125
3 0.7890625 0.7953125 0.0125 0.0203125
3 0.82734375 0.87421875 0.0078125 0.0125
6 0.68359375 0.709375 0.0046875 0.009375
6 0.6453125 0.63203125 0.0046875 0.009375
6 0.64375 0.63515625 0.0046875 0.009375
7 0.6734375 0.65078125 0.0046875 0.009375
1 0.6734375 0.64921875 0.0046875 0.009375
10 0.6828125 0.634375 0.0171875 0.03125
10 0.7078125 0.65703125 0.0171875 0.03125
2 0.73984375 0.6359375 0.021875 0.0484375
10 0.7109375 0.50546875 0.0203125 0.0359375
3 0.66015625 0.46171875 0.015625 0.0296875
3 0.74140625 0.57734375 0.015625 0.0265625
10 0.76796875 0.64375 0.0140625 0.0265625
9 0.6875 0.61015625 0.028125 0.0546875
2 0.625 0.52421875 0.0453125 0.090625
2 0.66015625 0.590625 0.040625 0.078125
3 0.6484375 0.53671875 0.015625 0.028125
3 0.59296875 0.45625 0.0203125 0.0359375
3 0.6 0.4296875 0.021875 0.0421875
3 0.54609375 0.36328125 0.025 0.046875
10 0.525 0.315625 0.0265625 0.0515625
10 0.5484375 0.3125 0.0265625 0.0546875
10 0.57265625 0.378125 0.025 0.05
10 0.57109375 0.41328125 0.025 0.046875
2 0.62421875 0.48671875 0.0296875 0.05625
6 0.59296875 0.53359375 0.0046875 0.0109375
6 0.54375 0.4328125 0.0046875 0.0109375
6 0.775 0.8703125 0.0046875 0.00625
6 0.77734375 0.8703125 0.0046875 0.009375
6 0.81796875 0.94296875 0.003125 0.009375