6 0.675 0.47890625 0.00625 0.009375
6 0.6890625 0.56484375 0.00625 0.009375
9 0.7234375 0.53671875 0.01875 0.028125
9 0.73125 0.64921875 0.0125 0.0171875
9 0.7359375 0.75390625 0.0078125 0.0125
3 0.7328125 0.67890625 0.00625 0.009375
3 0.43203125 0.278125 0.034375 0.0328125
3 0.39140625 0.42109375 0.025 0.0265625
3 0.37578125 0.4390625 0.025 0.0265625
3 0.36015625 0.45703125 0.025 0.0265625
3 0.34453125 0.47421875 0.025 0.0265625
3 0.3078125 0.51640625 0.0234375 0.025
3 0.44921875 0.36015625 0.028125 0.0265625
3 0.4109375 0.39765625 0.0296875 0.0296875
3 0.33203125 0.48828125 0.025 0.0265625
3 0.3203125 0.50078125 0.021875 0.0203125
3 0.515625 0.4671875 0.025 0.025
10 0.45546875 0.2625 0.0296875 0.0390625
6 0.4703125 0.35078125 0.0078125 0.0125
3 0.946875 0.34375 0.0265625 0.028125
3 0.95625 0.31953125 0.025 0.0265625
6 0.890625 0.38359375 0.0109375 0.0171875
6 0.88125 0.3890625 0.009375 0.0125
3 0.92890625 0.3984375 0.0140625 0.015625
5 0.87109375 0.53125 0.1203125 0.134375
5 0.840625 0.61875 0.0546875 0.0640625
5 0.7 0.0359375 0.128125 0.071875
3 0.50390625 0.4890625 0.0265625 0.0265625
10 0.72578125 0.76484375 0.0046875 0.00625
6 0.73125 0.571875 0.0046875 0.009375