3 0.1734375 0.88671875 0.0734375 0.11640625
4 0.2375 0.86875 0.02265625 0.07578125
4 0.15546875 0.41796875 0.021875 0.0640625
4 0.12109375 0.44296875 0.01484375 0.04296875
3 0.1109375 0.6015625 0.0453125 0.1390625
3 0.09921875 0.94296875 0.05859375 0.05859375
9 0.07265625 0.89296875 0.1109375 0.15
3 0.05703125 0.82109375 0.08125 0.109375
3 0.0484375 0.76015625 0.0765625 0.0984375
10 0.0359375 0.6921875 0.071875 0.0859375
3 0.02890625 0.6359375 0.05546875 0.0703125
3 0.03203125 0.57890625 0.06171875 0.08359375
3 0.0328125 0.5171875 0.06484375 0.084375
6 0.05625 0.23828125 0.0140625 0.0359375
6 0.0296875 0.23359375 0.02578125 0.040625
6 0.1921875 0.17421875 0.01875 0.03515625
6 0.15078125 0.128125 0.01953125 0.040625
6 0.17578125 0.10546875 0.01796875 0.04609375
3 0.134375 0.04140625 0.02890625 0.07421875
6 0.3 0.1453125 0.0109375 0.03515625
6 0.3203125 0.15078125 0.0125 0.0359375
3 0.33984375 0.275 0.05390625 0.06640625
3 0.36875 0.340625 0.05703125 0.0734375
3 0.38359375 0.375 0.059375 0.071875
3 0.43984375 0.52890625 0.05625 0.07890625
3 0.4515625 0.57265625 0.04921875 0.07109375
3 0.4703125 0.628125 0.05625 0.084375
3 0.48828125 0.68046875 0.05703125 0.09609375
3 0.5140625 0.72734375 0.06171875 0.0953125
3 0.54375 0.7796875 0.05234375 0.1015625
3 0.56171875 0.8390625 0.065625 0.115625
3 0.58515625 0.9078125 0.0703125 0.12890625
6 0.615625 0.75078125 0.02421875 0.02109375
6 0.60625 0.7234375 0.01171875 0.02890625
6 0.58515625 0.709375 0.0125 0.021875
6 0.55859375 0.671875 0.015625 0.02890625
6 0.61328125 0.70546875 0.0125 0.028125
6 0.59140625 0.70078125 0.01015625 0.0234375
1 0.65390625 0.7046875 0.01328125 0.03671875
4 0.6359375 0.67890625 0.01796875 0.03984375
6 0.64609375 0.621875 0.01328125 0.021875
7 0.60859375 0.53359375 0.0125 0.0203125
8 0.6 0.646875 0.03515625 0.0703125
8 0.56484375 0.57421875 0.02734375 0.06171875
3 0.559375 0.478125 0.06015625 0.06484375
4 0.52890625 0.403125 0.03046875 0.0359375
4 0.51171875 0.3921875 0.025 0.03046875
8 0.49765625 0.35 0.03125 0.0296875
6 0.38203125 0.22890625 0.00859375 0.0265625
6 0.36953125 0.22421875 0.01015625 0.02890625
3 0.328125 0.23671875 0.0515625 0.06171875
6 0.3609375 0.16328125 0.0078125 0.03203125
6 0.3609375 0.13828125 0.00546875 0.03203125
6 0.35234375 0.1484375 0.00625 0.03203125
3 0.37734375 0.11875 0.04921875 0.06875
3 0.3859375 0.05625 0.0421875 0.06171875
3 0.4046875 0.08203125 0.03671875 0.06015625
3 0.33828125 0.0234375 0.03515625 0.04609375
1 0.31640625 0.08046875 0.01796875 0.021875
6 0.31328125 0.071875 0.01015625 0.0296875
6 0.3015625 0.0625 0.00859375 0.03046875
6 0.27265625 0.07578125 0.00859375 0.03671875
6 0.26953125 0.05078125 0.00703125 0.034375
6 0.25703125 0.04375 0.01015625 0.03515625
4 0.52265625 0.62578125 0.01796875 0.04296875
7 0.52421875 0.621875 0.01328125 0.03359375
4 0.49765625 0.56015625 0.01640625 0.03671875
7 0.4984375 0.55390625 0.01015625 0.028125