3 0.65390625 0.22578125 0.1078125 0.1
3 0.6796875 0.4421875 0.046875 0.09375
3 0.721875 0.428125 0.0484375 0.0890625
3 0.50390625 0.59453125 0.040625 0.0515625
3 0.73828125 0.721875 0.034375 0.0296875
3 0.80546875 0.2984375 0.10625 0.0890625
3 0.92421875 0.26796875 0.10625 0.0921875
3 0.828125 0.4203125 0.065625 0.10625
3 0.921875 0.40234375 0.096875 0.1046875
3 0.771875 0.4296875 0.065625 0.103125
3 0.95 0.50625 0.0640625 0.0640625
3 0.88671875 0.515625 0.0625 0.0765625
3 0.8453125 0.5375 0.0546875 0.06875
3 0.81484375 0.5671875 0.0640625 0.0703125
3 0.79609375 0.58046875 0.05 0.0515625
3 0.77578125 0.5984375 0.053125 0.053125
3 0.753125 0.609375 0.04375 0.0453125
3 0.73984375 0.62421875 0.0421875 0.0453125
3 0.72109375 0.63671875 0.0484375 0.046875
3 0.72265625 0.65390625 0.0421875 0.0453125
3 0.603125 0.5875 0.0328125 0.04375
3 0.6140625 0.62578125 0.0296875 0.034375
3 0.64375 0.68046875 0.025 0.0375
2 0.5578125 0.67421875 0.065625 0.10625
3 0.728125 0.88203125 0.0078125 0.0078125
3 0.70625 0.88515625 0.0046875 0.00625
10 0.75078125 0.8234375 0.0171875 0.0171875
3 0.74296875 0.771875 0.028125 0.021875
3 0.75078125 0.784375 0.0234375 0.01875
3 0.75703125 0.78984375 0.025 0.021875
3 0.75859375 0.7953125 0.025 0.021875
3 0.75078125 0.8046875 0.0203125 0.01875
6 0.77265625 0.8109375 0.0046875 0.015625
6 0.77734375 0.8078125 0.0046875 0.015625
6 0.775 0.80703125 0.0046875 0.0140625
6 0.77734375 0.815625 0.0046875 0.015625
4 0.7453125 0.69609375 0.015625 0.0171875
1 0.746875 0.6703125 0.0125 0.0234375
1 0.7609375 0.759375 0.0109375 0.0125
1 0.765625 0.76875 0.0078125 0.0109375
3 0.684375 0.85859375 0.0078125 0.009375
3 0.6875 0.87109375 0.0078125 0.009375
3 0.70234375 0.87578125 0.0078125 0.0078125
3 0.69609375 0.8765625 0.0046875 0.009375
3 0.6265625 0.83515625 0.015625 0.0171875
2 0.65390625 0.84609375 0.021875 0.0328125
10 0.6171875 0.859375 0.0078125 0.0140625
3 0.59375 0.7078125 0.0203125 0.0328125
6 0.509375 0.7609375 0.0046875 0.015625
6 0.47890625 0.74375 0.009375 0.0234375
3 0.390625 0.8296875 0.021875 0.0234375
7 0.3171875 0.59453125 0.0125 0.0265625
8 0.31171875 0.5859375 0.0359375 0.0390625
9 0.3140625 0.62421875 0.046875 0.0546875
6 0.29453125 0.59375 0.0109375 0.034375
6 0.28515625 0.58984375 0.0125 0.0296875
6 0.709375 0.21796875 0.0234375 0.0578125