3 0.225 0.42890625 0.20625 0.0796875
3 0.43125 0.4390625 0.1671875 0.0703125
6 0.61953125 0.48203125 0.040625 0.015625
3 0.6265625 0.46015625 0.134375 0.0609375
10 0.7609375 0.47265625 0.121875 0.0546875
10 0.84375 0.48984375 0.09375 0.0515625
3 0.9203125 0.4890625 0.0765625 0.05
10 0.903125 0.4328125 0.06875 0.0671875
3 0.9453125 0.4421875 0.05 0.065625
3 0.75546875 0.3984375 0.11875 0.053125
3 0.6203125 0.39296875 0.1296875 0.0640625
3 0.4546875 0.371875 0.15 0.0640625
3 0.93984375 0.33671875 0.0765625 0.05