3 0.48359375 0.5515625 0.03828125 0.03203125
3 0.53828125 0.54296875 0.0390625 0.03203125
3 0.61484375 0.57890625 0.0390625 0.03828125
3 0.38671875 0.66171875 0.03984375 0.040625
3 0.684375 0.5984375 0.04140625 0.034375
3 0.8984375 0.5984375 0.04609375 0.04140625
3 0.8484375 0.71171875 0.0421875 0.06015625
3 0.6203125 0.7765625 0.04609375 0.0515625
3 0.99375 0.5140625 0.01171875 0.034375
10 0.9046875 0.70625 0.04453125 0.0453125
10 0.80078125 0.72421875 0.040625 0.04296875
9 0.77109375 0.47421875 0.05390625 0.0640625
6 0.696875 0.76640625 0.01015625 0.0296875
7 0.67734375 0.53046875 0.00546875 0.02421875
4 0.67421875 0.53359375 0.015625 0.01953125
3 0.54453125 0.78515625 0.03671875 0.03671875
3 0.4765625 0.83125 0.02109375 0.07421875
3 0.4875 0.9203125 0.02734375 0.09453125
3 0.41640625 0.98671875 0.02421875 0.0265625
3 0.37734375 0.8875 0.053125 0.0640625
10 0.371875 0.93671875 0.05 0.05625
10 0.375 0.97734375 0.04921875 0.04453125
10 0.37890625 0.99921875 0.0453125 0.0015625
6 0.56484375 0.98828125 0.00546875 0.01875
6 0.56796875 0.98359375 0.00625 0.02109375
6 0.5703125 0.99609375 0.00703125 0.00703125
6 0.5046875 0.88125 0.00625 0.0265625
6 0.50859375 0.89921875 0.00625 0.03046875
4 0.521875 0.8203125 0.01953125 0.02578125
8 0.5453125 0.81796875 0.02265625 0.025
6 0.54296875 0.81953125 0.00703125 0.03125
9 0.44921875 0.6109375 0.08125 0.0484375
9 0.15859375 0.66640625 0.10625 0.07890625
3 0.19765625 0.72421875 0.04765625 0.0390625
3 0.240625 0.61640625 0.04453125 0.03359375
3 0.271875 0.8078125 0.05078125 0.03828125
3 0.2796875 0.86015625 0.05390625 0.040625
3 0.19296875 0.8828125 0.05546875 0.04375
6 0.20546875 0.91171875 0.0125 0.028125
3 0.1171875 0.9 0.05546875 0.04609375
6 0.01875 0.9953125 0.0171875 0.00859375
6 0.03828125 0.98046875 0.01796875 0.02578125
6 0.0375 0.99375 0.0171875 0.01171875
3 0.0515625 0.92109375 0.0375 0.0734375
3 0.0140625 0.93515625 0.02734375 0.078125
6 0.271875 0.4828125 0.009375 0.0265625
6 0.278125 0.4765625 0.01015625 0.0265625
3 0.2796875 0.290625 0.0328125 0.02578125
3 0.31796875 0.28515625 0.0296875 0.02578125
3 0.4578125 0.2546875 0.03046875 0.02578125
3 0.675 0.21328125 0.03203125 0.0265625
3 0.934375 0.1796875 0.0140625 0.03671875
3 0.9640625 0.20390625 0.01484375 0.03125
3 0.978125 0.21640625 0.01484375 0.0359375
9 0.9953125 0.234375 0.009375 0.04765625
3 0.0265625 0.30546875 0.02890625 0.021875
3 0.0140625 0.32265625 0.02578125 0.0265625