3 0.20546875 0.6890625 0.04921875 0.14375
3 0.26328125 0.646875 0.04140625 0.11796875
3 0.3265625 0.52265625 0.0328125 0.096875
3 0.30703125 0.79375 0.04453125 0.14453125
3 0.2703125 0.32109375 0.03125 0.07421875
3 0.3140625 0.27734375 0.0234375 0.0640625
3 0.33125 0.1765625 0.02578125 0.05390625
3 0.3515625 0.24140625 0.0234375 0.06640625
3 0.34453125 0.3578125 0.03046875 0.07890625
10 0.23125 0.54296875 0.04140625 0.1
10 0.2875 0.07578125 0.01796875 0.05
3 0.3765625 0.08828125 0.01953125 0.03984375
3 0.365625 0.021875 0.015625 0.03046875
3 0.315625 0.02890625 0.0203125 0.04453125
3 0.25390625 0.4140625 0.03515625 0.08359375
3 0.29609375 0.415625 0.03125 0.08046875
3 0.16328125 0.89453125 0.06875 0.15546875
3 0.2296875 0.9015625 0.0546875 0.14140625
3 0.05625 0.0234375 0.0359375 0.034375
9 0.03515625 0.03515625 0.05546875 0.04453125
4 0.11875 0.03125 0.00625 0.0234375
4 0.04453125 0.11953125 0.01796875 0.02578125
4 0.028125 0.09453125 0.0140625 0.025
4 0.203125 0.03828125 0.00546875 0.0234375
4 0.08828125 0.36953125 0.01953125 0.0390625
3 0.2953125 0.015625 0.02265625 0.03125
4 0.47421875 0.0234375 0.00625 0.02421875
4 0.50859375 0.2609375 0.00859375 0.03359375
4 0.4640625 0.29296875 0.00859375 0.0359375
6 0.56328125 0.103125 0.00546875 0.02578125
6 0.55859375 0.103125 0.00546875 0.02421875
6 0.56015625 0.0703125 0.0046875 0.02421875
6 0.55546875 0.07109375 0.0046875 0.025
6 0.52578125 0.04765625 0.00546875 0.025
6 0.5328125 0.0484375 0.00546875 0.025
6 0.5421875 0.05859375 0.0046875 0.01953125
6 0.54765625 0.059375 0.00390625 0.02109375
6 0.5515625 0.059375 0.00390625 0.02421875
4 0.1171875 0.25 0.01796875 0.03671875
7 0.11875 0.02421875 0.00390625 0.01015625
7 0.203125 0.03203125 0.00390625 0.009375
7 0.025 0.0890625 0.00546875 0.009375
7 0.0421875 0.11484375 0.0078125 0.01484375
7 0.11796875 0.24375 0.009375 0.01484375
7 0.090625 0.3609375 0.00859375 0.01875
7 0.47421875 0.01796875 0.00390625 0.0109375
7 0.509375 0.253125 0.00546875 0.01484375
7 0.46484375 0.284375 0.00546875 0.0140625