3 0.234375 0.95625 0.06640625 0.0875
3 0.17265625 0.859375 0.10390625 0.12421875
3 0.1265625 0.75546875 0.06953125 0.10078125
10 0.09921875 0.58828125 0.09453125 0.0859375
6 0.0203125 0.6734375 0.02265625 0.06328125
3 0.2703125 0.4625 0.0546875 0.053125
3 0.25390625 0.4421875 0.046875 0.046875
3 0.228125 0.42421875 0.05859375 0.0484375
3 0.4734375 0.484375 0.05703125 0.05703125
3 0.52890625 0.51953125 0.05 0.05546875
3 0.57734375 0.54296875 0.03359375 0.06171875
1 0.43828125 0.44375 0.0140625 0.03125
4 0.4171875 0.43203125 0.00859375 0.03046875
4 0.3609375 0.40546875 0.01640625 0.025