3 0.42890625 0.4296875 0.1171875 0.0578125
3 0.2828125 0.3796875 0.0859375 0.046875
3 0.1765625 0.35546875 0.06875 0.0375
3 0.19921875 0.4015625 0.071875 0.0390625
3 0.19765625 0.4796875 0.084375 0.0484375
3 0.20703125 0.51796875 0.090625 0.053125
3 0.23125 0.58984375 0.0875 0.0546875
3 0.42890625 0.52578125 0.121875 0.06875
3 0.42578125 0.57421875 0.1234375 0.071875
3 0.33359375 0.525 0.0796875 0.0890625
3 0.35234375 0.62265625 0.06875 0.08125
3 0.2953125 0.653125 0.071875 0.078125
3 0.121875 0.41484375 0.0796875 0.04375
3 0.10625 0.36796875 0.0625 0.034375
3 0.45078125 0.61796875 0.134375 0.0859375
3 0.45390625 0.65703125 0.1375 0.0828125
3 0.4484375 0.69921875 0.1359375 0.0859375
3 0.0484375 0.378125 0.059375 0.034375
3 0.14609375 0.49453125 0.0625 0.0625
10 0.1171875 0.5015625 0.0625 0.075
3 0.0890625 0.50078125 0.053125 0.0609375
3 0.0546875 0.428125 0.0609375 0.0390625
3 0.0234375 0.49609375 0.046875 0.0515625
3 0.01015625 0.49296875 0.0203125 0.0484375
3 0.44375 0.728125 0.1109375 0.0515625
7 0.7765625 0.5828125 0.046875 0.03125
7 0.66015625 0.375 0.053125 0.028125
4 0.66796875 0.37578125 0.084375 0.040625
1 0.78046875 0.5765625 0.0453125 0.046875
1 0.56484375 0.27578125 0.03125 0.0421875
6 0.27890625 0.14140625 0.0515625 0.0296875
6 0.51953125 0.0734375 0.04375 0.034375
6 0.51171875 0.07734375 0.046875 0.0265625
6 0.5265625 0.31640625 0.0515625 0.0234375
6 0.56484375 0.27421875 0.0484375 0.025
6 0.640625 0.38828125 0.0375 0.021875
6 0.54609375 0.3828125 0.053125 0.0203125
6 0.5796875 0.45546875 0.0546875 0.0265625
6 0.6234375 0.4203125 0.0453125 0.0203125
6 0.57421875 0.4890625 0.0453125 0.0234375
6 0.50625 0.50859375 0.0453125 0.021875
6 0.5640625 0.57890625 0.053125 0.028125
1 0.34765625 0.73671875 0.034375 0.028125