9 0.8484375 0.3953125 0.05 0.0671875
10 0.93125 0.959375 0.0140625 0.0171875
10 0.928125 0.9546875 0.01875 0.025
3 0.9234375 0.9453125 0.0140625 0.0203125
3 0.953125 0.8796875 0.0171875 0.0203125
9 0.909375 0.928125 0.025 0.0390625
2 0.95234375 0.77109375 0.0328125 0.046875
2 0.95078125 0.809375 0.0453125 0.0640625
2 0.94453125 0.8 0.04375 0.065625
3 0.88125 0.82734375 0.0140625 0.0203125
10 0.86640625 0.84609375 0.0140625 0.0234375
10 0.85078125 0.8640625 0.0109375 0.0203125
3 0.58984375 0.9984375 0.0109375 0.003125
3 0.59296875 0.9953125 0.0140625 0.009375
3 0.59921875 0.98203125 0.0125 0.0109375
5 0.640625 0.95390625 0.015625 0.0265625
9 0.66015625 0.9265625 0.021875 0.0375
9 0.68671875 0.89140625 0.0296875 0.05
5 0.68125 0.853125 0.0109375 0.0140625
3 0.73671875 0.825 0.0109375 0.021875
3 0.71484375 0.83828125 0.0140625 0.0234375
10 0.709375 0.82890625 0.015625 0.0265625
10 0.70390625 0.821875 0.0140625 0.021875
10 0.73203125 0.73984375 0.0171875 0.021875
3 0.75546875 0.728125 0.0140625 0.0203125
5 0.74609375 0.7203125 0.0109375 0.015625
9 0.74140625 0.6546875 0.0265625 0.040625
3 0.78125 0.40859375 0.01875 0.0328125
3 0.72734375 0.3828125 0.01875 0.0359375
3 0.7390625 0.3203125 0.01875 0.0375
3 0.7125 0.32734375 0.01875 0.0375
10 0.6546875 0.36484375 0.015625 0.0390625
3 0.4640625 0.34921875 0.01875 0.0328125
3 0.3953125 0.41171875 0.0171875 0.0203125
3 0.48984375 0.46328125 0.015625 0.0328125
10 0.49453125 0.5546875 0.0140625 0.0359375
10 0.49609375 0.628125 0.0125 0.028125
10 0.49609375 0.67734375 0.0125 0.0265625
2 0.49453125 0.71484375 0.0140625 0.040625
10 0.4875 0.8234375 0.009375 0.025
10 0.47734375 0.8984375 0.0078125 0.021875
3 0.48125 0.8734375 0.0078125 0.01875
3 0.48515625 0.853125 0.0078125 0.0203125
3 0.490625 0.78125 0.009375 0.0234375
3 0.49453125 0.7484375 0.009375 0.0234375
6 0.4671875 0.85703125 0.003125 0.00625
6 0.4234375 0.6796875 0.003125 0.00625
6 0.3625 0.56484375 0.003125 0.00625
6 0.35859375 0.553125 0.0046875 0.009375
6 0.35 0.55625 0.003125 0.00625
6 0.36171875 0.53359375 0.0046875 0.009375
6 0.359375 0.53125 0.00625 0.0109375
6 0.31015625 0.65 0.003125 0.00625
6 0.29921875 0.65625 0.003125 0.00625
6 0.2984375 0.6765625 0.003125 0.00625
6 0.3109375 0.66796875 0.003125 0.00625
10 0.8296875 0.475 0.01875 0.03125
3 0.965625 0.5625 0.0171875 0.0234375
10 0.74375 0.59140625 0.01875 0.028125
10 0.7421875 0.559375 0.015625 0.028125
10 0.621875 0.7046875 0.0125 0.0265625
3 0.6640625 0.696875 0.0109375 0.0234375
3 0.69375 0.6140625 0.0140625 0.028125
2 0.57890625 0.7453125 0.0171875 0.06875
3 0.68515625 0.76328125 0.0140625 0.0203125
10 0.65625 0.81171875 0.0109375 0.0203125
3 0.63671875 0.8125 0.0109375 0.0171875
3 0.61953125 0.875 0.0109375 0.0203125
10 0.60390625 0.82109375 0.0125 0.025
10 0.57265625 0.8734375 0.0109375 0.0234375
10 0.56328125 0.8578125 0.0078125 0.021875
10 0.56953125 0.90390625 0.0078125 0.0203125
10 0.6046875 0.9109375 0.0078125 0.015625
10 0.53203125 0.971875 0.0078125 0.015625
3 0.546875 0.971875 0.0078125 0.0140625
3 0.56328125 0.9984375 0.0078125 0.003125
3 0.5796875 0.9484375 0.0078125 0.015625