3 0.88984375 0.16015625 0.134375 0.25
10 0.85234375 0.39921875 0.071875 0.14375
3 0.72890625 0.50546875 0.0484375 0.0875
10 0.8234375 0.56640625 0.0515625 0.0890625
3 0.58515625 0.07890625 0.1078125 0.134375
3 0.33046875 0.28203125 0.178125 0.1515625
3 0.38046875 0.36015625 0.1515625 0.1296875
3 0.50859375 0.5375 0.1 0.0796875
3 0.55234375 0.58828125 0.0828125 0.0625
3 0.59765625 0.6625 0.0609375 0.05625
3 0.64453125 0.72578125 0.0375 0.028125
3 0.65 0.7078125 0.034375 0.034375
3 0.62578125 0.6984375 0.053125 0.0390625
3 0.7453125 0.75546875 0.0203125 0.0296875
3 0.7234375 0.734375 0.025 0.03125
3 0.7390625 0.68203125 0.0296875 0.0515625