3 0.21875 0.4046875 0.11953125 0.15390625
3 0.3609375 0.49296875 0.13359375 0.11640625
3 0.51953125 0.5890625 0.1359375 0.16640625
3 0.69140625 0.70625 0.13046875 0.1484375
3 0.8484375 0.81015625 0.12109375 0.14609375
3 0.375 0.87265625 0.13828125 0.1640625
3 0.32421875 0.953125 0.1265625 0.09375
3 0.540625 0.9625 0.13671875 0.075
10 0.1 0.31015625 0.10078125 0.12578125
3 0.03046875 0.65078125 0.0609375 0.115625
3 0.9828125 0.9421875 0.034375 0.115625
8 0.6984375 0.33203125 0.0796875 0.096875
6 0.1453125 0.90234375 0.05390625 0.02890625
6 0.153125 0.95078125 0.02890625 0.0296875
6 0.4140625 0.803125 0.0171875 0.03515625
6 0.43828125 0.7734375 0.02109375 0.03828125
6 0.496875 0.81796875 0.021875 0.0359375
6 0.5359375 0.86015625 0.01328125 0.0390625
6 0.55859375 0.9078125 0.02265625 0.04140625
6 0.628125 0.4828125 0.02421875 0.053125
6 0.51640625 0.34921875 0.02109375 0.05390625
6 0.60703125 0.39453125 0.021875 0.02890625
6 0.64921875 0.428125 0.01484375 0.03125
6 0.6484375 0.071875 0.01796875 0.08203125
7 0.55625 0.0890625 0.02109375 0.0484375