2 0.01875 0.83046875 0.0375 0.0984375
6 0.0578125 0.76328125 0.0109375 0.0171875
6 0.05703125 0.75078125 0.0125 0.0171875
6 0.04453125 0.7 0.0140625 0.0171875
6 0.103125 0.64921875 0.0140625 0.0171875
2 0.0515625 0.421875 0.1015625 0.171875
6 0.22265625 0.49921875 0.0078125 0.0109375
9 0.36484375 0.075 0.0703125 0.084375
9 0.365625 0.03828125 0.071875 0.0765625
0 0.3671875 0.1203125 0.0328125 0.0375
9 0.35390625 0.15859375 0.059375 0.065625
3 0.46875 0.0203125 0.046875 0.040625
4 0.47890625 0.0578125 0.0171875 0.0296875
6 0.42734375 0.059375 0.009375 0.015625
6 0.39765625 0.07109375 0.0078125 0.015625
6 0.39921875 0.17578125 0.0078125 0.0140625
7 0.38125 0.16875 0.0078125 0.0109375
6 0.38515625 0.19765625 0.009375 0.0109375
0 0.36953125 0.225 0.0296875 0.0265625
6 0.3765625 0.21875 0.0109375 0.0171875
6 0.38359375 0.2359375 0.009375 0.015625
6 0.3859375 0.24453125 0.0078125 0.0140625
6 0.33046875 0.25859375 0.0078125 0.0078125
6 0.33359375 0.31015625 0.0046875 0.00625
6 0.33203125 0.32578125 0.0078125 0.0109375
6 0.37578125 0.35 0.0078125 0.0109375
6 0.403125 0.40234375 0.0078125 0.0109375
10 0.38203125 0.4046875 0.0453125 0.08125
10 0.4140625 0.6296875 0.0359375 0.065625
10 0.43046875 0.653125 0.0453125 0.08125
3 0.4578125 0.6796875 0.0484375 0.0453125
4 0.3859375 0.58359375 0.01875 0.025
10 0.5859375 0.759375 0.0484375 0.0453125
10 0.53828125 0.73046875 0.05 0.046875
10 0.68125 0.3421875 0.03125 0.0484375
3 0.71875 0.2125 0.05625 0.0703125
0 0.3265625 0.3109375 0.025 0.034375