6 0.86640625 0.884375 0.00625 0.003125
6 0.8390625 0.8484375 0.00625 0.003125
6 0.846875 0.85 0.00625 0.0015625
6 0.8328125 0.84296875 0.009375 0.003125
6 0.840625 0.83671875 0.00625 0.003125
6 0.8390625 0.840625 0.009375 0.003125
6 0.84609375 0.8390625 0.00625 0.0015625
3 0.7453125 0.8140625 0.015625 0.0140625
3 0.71171875 0.84765625 0.015625 0.0140625
6 0.71796875 0.88671875 0.009375 0.003125
3 0.7265625 0.83203125 0.0125 0.0109375
4 0.76171875 0.85546875 0.00625 0.0046875
10 0.7625 0.79609375 0.015625 0.0140625
6 0.7921875 0.79296875 0.009375 0.003125
3 0.778125 0.78203125 0.0125 0.009375
3 0.7953125 0.76875 0.015625 0.0109375
3 0.784375 0.75859375 0.0125 0.0109375
2 0.82109375 0.753125 0.0375 0.0234375
2 0.475 0.94609375 0.05625 0.053125
10 0.5390625 0.90859375 0.0234375 0.01875
3 0.3671875 0.99609375 0.03125 0.0078125
3 0.37734375 0.98828125 0.0234375 0.0109375
3 0.38828125 0.96640625 0.028125 0.0125
3 0.39453125 0.95625 0.0265625 0.0109375
3 0.40078125 0.9453125 0.0265625 0.0109375
4 0.4140625 0.91015625 0.0125 0.003125
4 0.4140625 0.91640625 0.009375 0.0078125
5 0.359375 0.9265625 0.0328125 0.0359375
9 0.3828125 0.8875 0.0390625 0.0359375
9 0.409375 0.834375 0.04375 0.0484375
10 0.41953125 0.89453125 0.03125 0.01875
10 0.4328125 0.86640625 0.0265625 0.0171875
10 0.4421875 0.853125 0.0296875 0.0171875
10 0.45 0.8375 0.028125 0.0171875
10 0.45546875 0.825 0.0265625 0.015625
5 0.465625 0.81015625 0.025 0.0140625
3 0.4265625 0.8796875 0.0265625 0.0171875
3 0.47109375 0.90234375 0.021875 0.0203125
2 0.42890625 0.95 0.034375 0.0578125
10 0.4859375 0.859375 0.0203125 0.0171875
3 0.440625 0.7734375 0.0203125 0.0203125
3 0.43125 0.7484375 0.0171875 0.0171875
10 0.47265625 0.77265625 0.0203125 0.01875
10 0.45859375 0.77265625 0.0203125 0.0171875
10 0.5375 0.8140625 0.021875 0.0171875
10 0.52109375 0.8078125 0.0203125 0.0171875
3 0.54140625 0.7609375 0.0203125 0.0171875
3 0.56875 0.7859375 0.0203125 0.0171875
3 0.5171875 0.6875 0.0171875 0.0171875
5 0.5375 0.6921875 0.0234375 0.0109375
3 0.65390625 0.73203125 0.015625 0.0140625
3 0.62734375 0.71875 0.01875 0.015625
10 0.52265625 0.7125 0.0234375 0.0125
9 0.5 0.68828125 0.0203125 0.0171875
3 0.675 0.653125 0.015625 0.0140625
3 0.7046875 0.60703125 0.0125 0.0125
10 0.72109375 0.6359375 0.015625 0.0140625
2 0.7359375 0.60546875 0.0265625 0.0234375
3 0.75546875 0.58515625 0.0125 0.0125
10 0.34140625 0.64765625 0.0203125 0.01875
10 0.3546875 0.62421875 0.021875 0.0203125
3 0.3640625 0.603125 0.021875 0.0203125
7 0.28984375 0.515625 0.009375 0.003125
6 0.3 0.51015625 0.00625 0.003125
6 0.28828125 0.51015625 0.009375 0.003125
2 0.37421875 0.5171875 0.0359375 0.034375
2 0.34453125 0.5296875 0.0578125 0.05
2 0.32265625 0.52421875 0.059375 0.0546875
2 0.29609375 0.44453125 0.0578125 0.034375
2 0.3453125 0.45859375 0.0734375 0.034375
2 0.40546875 0.4359375 0.0828125 0.0359375
3 0.28828125 0.33984375 0.0359375 0.0234375
10 0.47109375 0.29140625 0.0359375 0.0203125
10 0.4765625 0.28125 0.0328125 0.0203125
10 0.48046875 0.27578125 0.03125 0.0109375
2 0.5 0.3625 0.0375 0.0515625
6 0.56953125 0.36015625 0.00625 0.003125
6 0.5578125 0.3546875 0.00625 0.003125
3 0.5453125 0.4765625 0.0234375 0.0171875
10 0.571875 0.47578125 0.0234375 0.015625
3 0.6640625 0.5015625 0.021875 0.0140625
2 0.5671875 0.45703125 0.071875 0.0375
3 0.68046875 0.4703125 0.0125 0.0125
2 0.69609375 0.4 0.0328125 0.0390625
2 0.70703125 0.33515625 0.03125 0.0359375
6 0.63828125 0.28828125 0.00625 0.003125
6 0.6328125 0.3078125 0.00625 0.003125
6 0.64921875 0.26796875 0.00625 0.003125
10 0.784375 0.265625 0.0125 0.0125
10 0.8140625 0.3234375 0.0125 0.0125
3 0.80078125 0.3265625 0.009375 0.0125
3 0.7796875 0.45 0.009375 0.0125
3 0.79453125 0.4875 0.009375 0.0125
10 0.74140625 0.51953125 0.0109375 0.0140625
4 0.734375 0.50234375 0.00625 0.00625
7 0.73515625 0.5015625 0.00625 0.003125
3 0.775 0.5453125 0.01875 0.0109375
3 0.81484375 0.55234375 0.0109375 0.0125
2 0.85234375 0.41796875 0.025 0.0296875
2 0.83671875 0.30703125 0.0265625 0.0359375
2 0.86484375 0.340625 0.025 0.0328125
10 0.85625 0.29765625 0.015625 0.0140625
10 0.85 0.2578125 0.0140625 0.0125
3 0.85078125 0.27734375 0.009375 0.0125
3 0.8734375 0.37734375 0.009375 0.009375
3 0.88203125 0.41953125 0.009375 0.009375
10 0.87890625 0.45625 0.009375 0.00625
3 0.89140625 0.48046875 0.00625 0.009375
3 0.88359375 0.53046875 0.00625 0.009375
10 0.84921875 0.5765625 0.01875 0.0109375
10 0.86171875 0.6 0.0140625 0.0078125
3 0.8484375 0.5875 0.0140625 0.00625
2 0.91171875 0.60078125 0.0375 0.0171875
6 0.87421875 0.7296875 0.009375 0.003125
6 0.8765625 0.72890625 0.00625 0.003125
6 0.87578125 0.73203125 0.00625 0.003125
6 0.88984375 0.70546875 0.00625 0.0015625
2 0.9 0.7203125 0.01875 0.0078125
2 0.91640625 0.7015625 0.025 0.0109375
6 0.93359375 0.71328125 0.00625 0.0015625
2 0.9140625 0.69609375 0.0203125 0.0109375
2 0.896875 0.67734375 0.0234375 0.0234375
2 0.90390625 0.6765625 0.025 0.0234375
2 0.91015625 0.67578125 0.025 0.025
2 0.91328125 0.67421875 0.0234375 0.0203125
2 0.91875 0.66953125 0.01875 0.0140625
2 0.93359375 0.684375 0.0234375 0.0234375
2 0.9328125 0.67109375 0.0234375 0.0234375
2 0.93984375 0.67265625 0.0234375 0.0234375
2 0.9453125 0.671875 0.0265625 0.0234375
2 0.9484375 0.6671875 0.025 0.0171875
2 0.95546875 0.66796875 0.0265625 0.0234375
2 0.95546875 0.68515625 0.0203125 0.0078125
2 0.96953125 0.6890625 0.025 0.0078125
2 0.99140625 0.68203125 0.0171875 0.0109375
3 0.9984375 0.6453125 0.003125 0.003125
3 0.9921875 0.63671875 0.009375 0.0046875
3 0.99453125 0.65 0.00625 0.003125
3 0.984375 0.64765625 0.009375 0.00625
6 0.9 0.6578125 0.00625 0.0015625
10 0.971875 0.64453125 0.0109375 0.00625
3 0.96015625 0.63984375 0.009375 0.00625
3 0.94453125 0.6328125 0.009375 0.00625
3 0.9515625 0.621875 0.009375 0.00625
3 0.928125 0.628125 0.009375 0.00625