3 0.92421875 0.67578125 0.06875 0.0671875
3 0.80078125 0.62421875 0.05625 0.059375
3 0.57109375 0.525 0.0484375 0.0484375
3 0.61484375 0.43203125 0.0453125 0.0484375
3 0.54765625 0.415625 0.0390625 0.0421875
3 0.49140625 0.4953125 0.034375 0.0390625
3 0.47265625 0.3921875 0.0328125 0.04375
3 0.43359375 0.4671875 0.028125 0.0359375
3 0.41484375 0.46171875 0.028125 0.0375
3 0.42265625 0.384375 0.028125 0.034375
3 0.39453125 0.375 0.0265625 0.034375
3 0.35 0.3578125 0.03125 0.0328125
3 0.3328125 0.3546875 0.0265625 0.028125
3 0.30390625 0.346875 0.025 0.03125
3 0.284375 0.34140625 0.028125 0.028125
3 0.2890625 0.40625 0.0234375 0.028125
3 0.2640625 0.39765625 0.0265625 0.025
3 0.18515625 0.39375 0.0203125 0.021875
3 0.2359375 0.41875 0.0296875 0.0265625
9 0.72890625 0.10703125 0.2390625 0.109375
3 0.453125 0.1359375 0.0328125 0.021875
3 0.33046875 0.14453125 0.0296875 0.015625
3 0.2828125 0.14609375 0.040625 0.0171875
9 0.5109375 0.21484375 0.0984375 0.0390625
9 0.65 0.2296875 0.0890625 0.040625
3 0.2265625 0.26640625 0.025 0.025
3 0.26328125 0.2875 0.021875 0.0265625