3 0.09296875 0.4203125 0.13125 0.0921875
3 0.3015625 0.471875 0.21875 0.11875
3 0.53125 0.51796875 0.1578125 0.0875
3 0.68828125 0.553125 0.159375 0.0890625
3 0.84765625 0.59140625 0.13125 0.075
3 0.87421875 0.51875 0.134375 0.0734375
3 0.71796875 0.38828125 0.14375 0.0828125
3 0.85 0.4296875 0.1359375 0.075
3 0.2609375 0.23828125 0.2015625 0.1046875
10 0.3078125 0.30390625 0.1859375 0.09375
3 0.240625 0.1625 0.225 0.1140625
6 0.75625 0.30390625 0.046875 0.028125
7 0.77421875 0.3078125 0.0171875 0.0140625
1 0.54609375 0.16171875 0.0453125 0.0484375
6 0.5578125 0.1625 0.0421875 0.034375
6 0.534375 0.14296875 0.0546875 0.0359375
4 0.27109375 0.046875 0.05625 0.0671875
6 0.27578125 0.13203125 0.040625 0.028125
6 0.3015625 0.13359375 0.03125 0.0265625
3 0.66015625 0.0484375 0.0875 0.059375