2 0.60546875 0.97421875 0.0265625 0.0515625
3 0.63046875 0.89921875 0.015625 0.0359375
3 0.56171875 0.98125 0.0171875 0.0359375
3 0.5765625 0.90859375 0.01875 0.0453125
3 0.61953125 0.86171875 0.0140625 0.0359375
3 0.6328125 0.75234375 0.01875 0.0453125
3 0.56015625 0.85 0.01875 0.0453125
9 0.58671875 0.81796875 0.0265625 0.071875
9 0.571875 0.7328125 0.0296875 0.08125
9 0.59921875 0.62578125 0.034375 0.084375
9 0.62734375 0.43359375 0.0296875 0.0703125
10 0.61171875 0.3140625 0.025 0.0578125
3 0.60390625 0.396875 0.0234375 0.0578125
3 0.68203125 0.5140625 0.0203125 0.05