3 0.29140625 0.61796875 0.03203125 0.0609375
3 0.26796875 0.60390625 0.03359375 0.059375
3 0.2953125 0.540625 0.0265625 0.04921875
3 0.31640625 0.5484375 0.028125 0.04921875
3 0.334375 0.49765625 0.02265625 0.03984375
3 0.31796875 0.484375 0.02421875 0.03828125
3 0.35 0.46171875 0.02109375 0.03515625
3 0.365625 0.41796875 0.01875 0.03359375
10 0.3484375 0.4171875 0.01796875 0.03984375
3 0.378125 0.38203125 0.01484375 0.03125
3 0.36015625 0.3859375 0.01640625 0.025
3 0.3703125 0.3609375 0.01640625 0.025
3 0.38046875 0.34375 0.01328125 0.02421875
3 0.4375 0.38828125 0.0109375 0.02421875
7 0.3703125 0.29921875 0.00234375 0.00703125
7 0.3984375 0.24921875 0.00234375 0.00625
4 0.3703125 0.303125 0.00234375 0.00859375
4 0.3984375 0.253125 0.00234375 0.00625
3 0.44921875 0.1484375 0.00625 0.00546875
3 0.48671875 0.19140625 0.00546875 0.01328125
3 0.4875 0.14453125 0.0046875 0.00703125
3 0.4671875 0.14765625 0.00703125 0.00625
6 0.43984375 0.1609375 0.00234375 0.00859375
6 0.40859375 0.209375 0.00234375 0.009375
7 0.40234375 0.2328125 0.00234375 0.00625
7 0.40546875 0.23828125 0.00234375 0.00625
7 0.409375 0.24296875 0.00234375 0.00625
4 0.40234375 0.2359375 0.00234375 0.00546875
4 0.40859375 0.24609375 0.00234375 0.00703125
4 0.4046875 0.24140625 0.00234375 0.00546875