6 0.86171875 0.9234375 0.0171875 0.0234375
6 0.875 0.915625 0.01875 0.0328125
6 0.74140625 0.953125 0.0171875 0.015625
6 0.71953125 0.90859375 0.0203125 0.0515625
7 0.71875 0.9015625 0.009375 0.0203125
7 0.67421875 0.8875 0.0171875 0.0234375
7 0.67109375 0.853125 0.021875 0.0453125
7 0.66015625 0.871875 0.01875 0.040625
1 0.66484375 0.88046875 0.021875 0.0515625
4 0.67265625 0.86015625 0.0234375 0.053125
6 0.65703125 0.94453125 0.0203125 0.046875
1 0.72265625 0.8265625 0.021875 0.0515625
7 0.71328125 0.80625 0.0171875 0.028125
7 0.7046875 0.7890625 0.0140625 0.0234375
6 0.65625 0.6671875 0.0171875 0.0390625
4 0.64296875 0.634375 0.0234375 0.03125
7 0.69140625 0.61875 0.0171875 0.0328125
4 0.69296875 0.62421875 0.0171875 0.0375
4 0.66328125 0.60625 0.0296875 0.0328125
6 0.30703125 0.9703125 0.0234375 0.040625
6 0.3109375 0.94453125 0.025 0.0484375
6 0.2859375 0.91953125 0.025 0.0453125
6 0.2921875 0.89453125 0.025 0.046875
6 0.2484375 0.91484375 0.0375 0.05
6 0.2359375 0.95546875 0.028125 0.046875
6 0.26328125 0.87421875 0.025 0.04375
6 0.28984375 0.846875 0.0203125 0.040625
6 0.37109375 0.9 0.0234375 0.0453125
6 0.38359375 0.90625 0.021875 0.0421875
6 0.34609375 0.828125 0.0234375 0.0453125
6 0.3109375 0.83984375 0.0203125 0.0421875
6 0.20234375 0.9734375 0.0296875 0.04375
6 0.21875 0.92734375 0.025 0.0515625
6 0.2296875 0.925 0.025 0.0453125
6 0.253125 0.84765625 0.021875 0.034375
6 0.2578125 0.834375 0.0203125 0.040625
6 0.27421875 0.86484375 0.025 0.0453125
6 0.27265625 0.8515625 0.0234375 0.04375
6 0.26796875 0.8375 0.01875 0.0375
6 0.28125 0.784375 0.0203125 0.0453125
7 0.27109375 0.81953125 0.0171875 0.0265625
7 0.28125 0.80390625 0.021875 0.0328125
7 0.31796875 0.83828125 0.0171875 0.0296875
7 0.25078125 0.8609375 0.01875 0.0359375
7 0.23828125 0.9046875 0.021875 0.0328125
10 0.4015625 0.9734375 0.109375 0.053125
1 0.321875 0.84609375 0.0203125 0.0390625
10 0.16484375 0.96640625 0.0953125 0.0671875
9 0.11953125 0.828125 0.096875 0.115625
10 0.1765625 0.796875 0.0828125 0.084375
10 0.24140625 0.8140625 0.0890625 0.0859375
7 0.31953125 0.71328125 0.01875 0.0328125
7 0.3390625 0.63828125 0.0140625 0.0234375
7 0.346875 0.62265625 0.0140625 0.0265625
6 0.38828125 0.61015625 0.0171875 0.0375
7 0.37109375 0.55625 0.0109375 0.025
6 0.40390625 0.63203125 0.0125 0.034375
6 0.38125 0.5265625 0.0140625 0.0328125
3 0.36640625 0.709375 0.065625 0.078125
10 0.4484375 0.7796875 0.08125 0.06875
10 0.5 0.815625 0.0734375 0.1
10 0.5390625 0.8140625 0.0734375 0.096875
10 0.471875 0.68515625 0.0828125 0.0734375
4 0.565625 0.715625 0.0171875 0.0390625
10 0.59375 0.65859375 0.0890625 0.075
10 0.5875 0.621875 0.0640625 0.0578125
6 0.5765625 0.6078125 0.0109375 0.0265625
10 0.59375 0.59375 0.059375 0.0609375
10 0.6453125 0.5703125 0.0375 0.0640625
8 0.59921875 0.57421875 0.0328125 0.0296875
10 0.58359375 0.546875 0.0609375 0.065625
7 0.55703125 0.4609375 0.0140625 0.0234375
7 0.528125 0.4609375 0.009375 0.0171875
6 0.528125 0.5125 0.0140625 0.0296875
6 0.48671875 0.4625 0.0125 0.0296875
7 0.4859375 0.6171875 0.0125 0.021875
6 0.5265625 0.6015625 0.015625 0.0359375
4 0.4984375 0.62890625 0.021875 0.0296875
8 0.53828125 0.58125 0.028125 0.0390625
10 0.48203125 0.571875 0.059375 0.0625
10 0.47265625 0.54453125 0.059375 0.0578125
10 0.43203125 0.5453125 0.0484375 0.0609375
7 0.41015625 0.52578125 0.0140625 0.025
4 0.41171875 0.53203125 0.015625 0.03125
6 0.39609375 0.49296875 0.0109375 0.0265625
6 0.39296875 0.4859375 0.0125 0.028125
10 0.4578125 0.4625 0.0375 0.053125
8 0.1984375 0.74296875 0.0390625 0.0453125
8 0.2 0.6140625 0.034375 0.0421875
4 0.05234375 0.71640625 0.01875 0.0328125
4 0.08515625 0.709375 0.0265625 0.0296875
8 0.07578125 0.69453125 0.034375 0.040625
7 0.0875 0.678125 0.0171875 0.0265625
7 0.096875 0.659375 0.0171875 0.0265625
7 0.11796875 0.66171875 0.015625 0.0296875
4 0.15546875 0.684375 0.028125 0.034375
4 0.16171875 0.6859375 0.0265625 0.0328125
4 0.16875 0.68515625 0.0234375 0.03125
4 0.1765625 0.6890625 0.0296875 0.0328125
4 0.1828125 0.68984375 0.03125 0.0359375
4 0.1890625 0.6921875 0.028125 0.034375
4 0.146875 0.65703125 0.025 0.034375
4 0.18125 0.61796875 0.021875 0.0375
4 0.140625 0.60546875 0.021875 0.0296875
8 0.1546875 0.63671875 0.028125 0.0375
4 0.13984375 0.65234375 0.03125 0.0328125
1 0.32265625 0.4859375 0.015625 0.0296875
10 0.375 0.47890625 0.0578125 0.053125
3 0.39375 0.4234375 0.046875 0.0390625
10 0.39296875 0.40546875 0.046875 0.0390625
10 0.40546875 0.39140625 0.0453125 0.0421875
3 0.4171875 0.378125 0.04375 0.0390625
6 0.434375 0.3875 0.0125 0.028125
6 0.440625 0.3921875 0.0078125 0.0203125
10 0.4890625 0.37734375 0.0328125 0.0515625
3 0.4953125 0.34921875 0.0265625 0.040625
10 0.50703125 0.31640625 0.025 0.034375
3 0.5328125 0.30390625 0.0375 0.0375
10 0.56640625 0.29765625 0.0359375 0.0421875
10 0.5484375 0.2890625 0.0296875 0.03125
3 0.57421875 0.2703125 0.0390625 0.0359375
9 0.60625 0.215625 0.071875 0.0625
10 0.5 0.26015625 0.0359375 0.03125
10 0.49453125 0.2421875 0.0359375 0.03125
3 0.49921875 0.2515625 0.03125 0.021875
3 0.44765625 0.23828125 0.028125 0.0234375
3 0.40703125 0.23984375 0.0296875 0.0234375
6 0.43203125 0.23828125 0.00625 0.01875
9 0.41875 0.35703125 0.0484375 0.0484375
10 0.425 0.34609375 0.0375 0.0375
10 0.42890625 0.33203125 0.05 0.0453125
10 0.4390625 0.31953125 0.0328125 0.0328125
3 0.440625 0.3109375 0.0328125 0.0265625
3 0.4390625 0.2984375 0.0390625 0.03125
10 0.40625 0.30390625 0.0359375 0.0375
10 0.3859375 0.28125 0.0328125 0.0296875
3 0.3671875 0.3046875 0.0359375 0.03125
3 0.33125 0.2453125 0.028125 0.0234375
7 0.32421875 0.2953125 0.0078125 0.015625
4 0.32578125 0.30078125 0.0125 0.0171875
3 0.31953125 0.31171875 0.03125 0.03125
3 0.4015625 0.1546875 0.021875 0.01875
3 0.26953125 0.16015625 0.0171875 0.015625
3 0.24921875 0.1625 0.0171875 0.015625
3 0.23046875 0.1640625 0.0171875 0.0140625
3 0.1859375 0.16875 0.0203125 0.015625
3 0.22265625 0.31484375 0.034375 0.0265625
3 0.1140625 0.29921875 0.0359375 0.03125
10 0.0734375 0.27265625 0.0234375 0.021875
6 0.05703125 0.25078125 0.00625 0.0140625
6 0.059375 0.24765625 0.009375 0.0171875
3 0.0421875 0.21015625 0.0171875 0.015625
10 0.03671875 0.3015625 0.034375 0.0359375
10 0.01015625 0.27734375 0.0203125 0.0265625
10 0.00546875 0.234375 0.0109375 0.01875
10 0.009375 0.215625 0.01875 0.01875