3 0.07421875 0.46015625 0.0375 0.046875
3 0.06875 0.4203125 0.0328125 0.0453125
8 0.2078125 0.5328125 0.0328125 0.0515625
9 0.2296875 0.53984375 0.034375 0.05625
3 0.253125 0.515625 0.040625 0.0625
8 0.296875 0.471875 0.0359375 0.05625
9 0.31171875 0.45390625 0.0390625 0.0578125
8 0.33515625 0.45234375 0.034375 0.05625
3 0.365625 0.45859375 0.0375 0.0546875
3 0.4390625 0.3875 0.0390625 0.0578125
3 0.45703125 0.3703125 0.0390625 0.0578125
4 0.46328125 0.45625 0.0234375 0.021875
7 0.4609375 0.453125 0.0125 0.0203125
3 0.490625 0.34453125 0.0390625 0.0578125
3 0.4171875 0.615625 0.0421875 0.0671875
3 0.51484375 0.51953125 0.040625 0.0609375
3 0.53984375 0.50859375 0.04375 0.0671875
3 0.565625 0.49609375 0.0453125 0.0671875
3 0.628125 0.45 0.046875 0.0625
3 0.65234375 0.4421875 0.0484375 0.0671875
3 0.69609375 0.409375 0.040625 0.059375
3 0.54921875 0.3015625 0.0421875 0.0578125
3 0.3234375 0.68125 0.0421875 0.0640625
3 0.3 0.70078125 0.05 0.0765625