3 0.02109375 0.48671875 0.0421875 0.0484375
3 0.121875 0.4515625 0.0453125 0.046875
3 0.1546875 0.43515625 0.0453125 0.046875
6 0.17578125 0.4078125 0.015625 0.009375
3 0.20625 0.4140625 0.0453125 0.046875
3 0.2109375 0.3234375 0.06875 0.04375
3 0.25 0.3984375 0.0453125 0.046875
6 0.23046875 0.32890625 0.0125 0.0078125
3 0.2828125 0.38203125 0.0421875 0.04375
3 0.31640625 0.36875 0.040625 0.0453125
3 0.3515625 0.35703125 0.04375 0.05
3 0.3890625 0.33515625 0.04375 0.05
10 0.42734375 0.3171875 0.04375 0.046875
10 0.46015625 0.30625 0.034375 0.0390625
10 0.5125 0.325 0.04375 0.046875
6 0.48671875 0.32421875 0.0125 0.009375
3 0.49140625 0.2828125 0.04375 0.046875
3 0.3359375 0.26875 0.0546875 0.046875
6 0.365625 0.27265625 0.0140625 0.0109375
0 0.3671875 0.2453125 0.0328125 0.0375
0 0.41328125 0.25 0.0390625 0.0234375
6 0.39765625 0.24375 0.0109375 0.009375
6 0.396875 0.23984375 0.0109375 0.009375
6 0.3921875 0.23125 0.015625 0.0125
6 0.43359375 0.2109375 0.0078125 0.0078125
6 0.4421875 0.20859375 0.0078125 0.00625
6 0.44765625 0.2515625 0.015625 0.0109375
0 0.4890625 0.19609375 0.03125 0.03125
6 0.478125 0.22421875 0.0078125 0.0078125
4 0.42734375 0.2203125 0.015625 0.015625
7 0.42734375 0.2203125 0.0140625 0.0109375
7 0.4296875 0.2234375 0.0109375 0.009375
7 0.453125 0.221875 0.0109375 0.0109375
4 0.453125 0.22109375 0.0140625 0.015625
6 0.4640625 0.20234375 0.0078125 0.0078125
6 0.46328125 0.1984375 0.0140625 0.0109375
7 0.46796875 0.21171875 0.0109375 0.009375
6 0.540625 0.18828125 0.0109375 0.0109375
6 0.55859375 0.21796875 0.0078125 0.0078125
3 0.53671875 0.253125 0.04375 0.05
7 0.621875 0.15234375 0.0203125 0.0125
6 0.6203125 0.159375 0.0140625 0.0109375
3 0.3421875 0.09609375 0.0734375 0.05625
3 0.45234375 0.0046875 0.0390625 0.009375
8 0.14296875 0.709375 0.0484375 0.03125
6 0.203125 0.67734375 0.0140625 0.0109375
7 0.34765625 0.5765625 0.0140625 0.0109375
9 0.18828125 0.57578125 0.0921875 0.0734375
9 0.34296875 0.6375 0.0734375 0.04375
4 0.66171875 0.678125 0.021875 0.0140625
7 0.66328125 0.678125 0.0109375 0.009375
0 0.63671875 0.56328125 0.025 0.025
6 0.6375 0.57109375 0.0078125 0.0078125
6 0.73828125 0.478125 0.0140625 0.0125
0 0.340625 0.5765625 0.0390625 0.025
6 0.64140625 0.49140625 0.0125 0.0140625
9 0.60859375 0.4984375 0.053125 0.065625
3 0.6734375 0.4453125 0.0421875 0.0453125
3 0.58984375 0.45078125 0.04375 0.046875
3 0.56796875 0.4125 0.04375 0.046875
10 0.634375 0.3640625 0.040625 0.04375
3 0.61171875 0.32109375 0.04375 0.05
3 0.59609375 0.275 0.0421875 0.0453125
3 0.67265625 0.225 0.046875 0.0484375
3 0.75 0.19296875 0.0484375 0.0515625
10 0.81953125 0.1671875 0.0453125 0.0453125
10 0.85078125 0.15 0.0421875 0.04375
6 0.77265625 0.1546875 0.0171875 0.0109375
6 0.75703125 0.1640625 0.015625 0.0109375
6 0.765625 0.146875 0.0125 0.0078125
0 0.71953125 0.17265625 0.0421875 0.0265625
0 0.7515625 0.1359375 0.046875 0.0265625
7 0.746875 0.1359375 0.0109375 0.009375
6 0.58828125 0.2390625 0.0109375 0.00625
3 0.79765625 0.07265625 0.0546875 0.05625
6 0.734375 0.06875 0.0171875 0.0140625
4 0.71328125 0.1015625 0.0296875 0.01875
4 0.67890625 0.11328125 0.028125 0.0171875
6 0.68515625 0.1328125 0.0109375 0.00625
6 0.690625 0.13515625 0.0171875 0.0109375
6 0.65 0.10546875 0.0140625 0.0125