3 0.58828125 0.3734375 0.05625 0.01875
3 0.49296875 0.36953125 0.04375 0.028125
3 0.40859375 0.30546875 0.034375 0.025
3 0.3953125 0.26953125 0.021875 0.028125
3 0.3859375 0.371875 0.040625 0.0125
3 0.284375 0.31484375 0.03125 0.0125
3 0.225 0.31171875 0.025 0.009375
3 0.1703125 0.31484375 0.025 0.009375
3 0.29375 0.3546875 0.034375 0.009375
3 0.2890625 0.3671875 0.0296875 0.009375
3 0.33671875 0.28828125 0.028125 0.009375
3 0.40703125 0.21328125 0.021875 0.03125
3 0.246875 0.36953125 0.03125 0.009375
3 0.1765625 0.36796875 0.025 0.009375
3 0.15625 0.3515625 0.0234375 0.009375
3 0.3296875 0.3703125 0.034375 0.009375
10 0.340625 0.353125 0.040625 0.0125
10 0.253125 0.3546875 0.034375 0.009375
3 0.2234375 0.3546875 0.025 0.009375
3 0.10859375 0.32109375 0.0203125 0.009375
3 0.03125 0.35234375 0.01875 0.00625
3 0.015625 0.325 0.0140625 0.00625
10 0.24453125 0.33125 0.03125 0.009375
10 0.13125 0.3328125 0.025 0.009375
10 0.34609375 0.38828125 0.04375 0.0125
10 0.51015625 0.34375 0.05 0.0296875
3 0.2109375 0.36953125 0.025 0.009375
3 0.2359375 0.384375 0.03125 0.0078125
10 0.3046875 0.3875 0.034375 0.009375
3 0.15 0.36484375 0.0234375 0.00625
3 0.11328125 0.36484375 0.0234375 0.009375
3 0.02734375 0.33359375 0.01875 0.009375
10 0.44921875 0.2546875 0.021875 0.028125
10 0.4546875 0.19921875 0.021875 0.03125
3 0.43125 0.25625 0.0234375 0.025
3 0.71171875 0.38046875 0.0375 0.0125
2 0.04609375 0.38828125 0.053125 0.0140625
6 0.421875 0.51015625 0.0140625 0.003125
3 0.41875 0.5625 0.025 0.0296875
2 0.67578125 0.49609375 0.10625 0.0328125
2 0.6765625 0.52265625 0.1046875 0.0359375
2 0.678125 0.54921875 0.1 0.03125
10 0.41875 0.03671875 0.025 0.034375