3 0.6515625 0.87421875 0.0296875 0.1140625
3 0.55078125 0.83359375 0.03046875 0.10703125
3 0.6546875 0.63046875 0.02734375 0.09375
3 0.75703125 0.68671875 0.0265625 0.08984375
3 0.5609375 0.51796875 0.05234375 0.0515625
3 0.34765625 0.51875 0.034375 0.07578125
3 0.3234375 0.50625 0.034375 0.078125
3 0.2328125 0.47578125 0.03515625 0.07578125
3 0.15625 0.44609375 0.03671875 0.0765625
3 0.06953125 0.415625 0.04453125 0.07421875
3 0.034375 0.38828125 0.04453125 0.0703125
3 0.01484375 0.3796875 0.0296875 0.0625
6 0.8171875 0.68515625 0.01015625 0.021875
7 0.8171875 0.684375 0.00390625 0.01484375
7 0.7875 0.68359375 0.00703125 0.0109375
7 0.80234375 0.70078125 0.0125 0.025
6 0.80390625 0.72734375 0.0140625 0.034375
6 0.825 0.70078125 0.01328125 0.021875
5 0.81953125 0.76640625 0.0125 0.0234375
3 0.4390625 0.48671875 0.0546875 0.05859375
3 0.45390625 0.45625 0.046875 0.05
3 0.46328125 0.42421875 0.04375 0.05390625
3 0.49296875 0.36328125 0.0421875 0.04609375
3 0.50234375 0.33359375 0.03515625 0.04375
3 0.5171875 0.3015625 0.0359375 0.046875
3 0.54453125 0.23828125 0.0390625 0.04609375
3 0.553125 0.21015625 0.03828125 0.04453125
3 0.64453125 0.1359375 0.01640625 0.04296875
3 0.62421875 0.13125 0.01796875 0.0453125
3 0.7078125 0.15546875 0.02109375 0.04609375
3 0.6234375 0.30859375 0.03828125 0.0359375
3 0.63984375 0.265625 0.0265625 0.04453125
3 0.7796875 0.17578125 0.02890625 0.0453125
3 0.48203125 0.10234375 0.025 0.0546875