6 0.55703125 0.5609375 0.0125 0.05
6 0.553125 0.52265625 0.0140625 0.0484375
6 0.58984375 0.41875 0.0140625 0.0515625
6 0.57890625 0.4140625 0.0140625 0.053125
6 0.59453125 0.3875 0.015625 0.0453125
3 0.71875 0.42421875 0.084375 0.0875
3 0.73125 0.34609375 0.046875 0.0859375
10 0.67578125 0.3375 0.046875 0.1046875
7 0.65859375 0.56484375 0.0140625 0.046875
4 0.61328125 0.540625 0.0171875 0.0640625
7 0.59296875 0.35703125 0.015625 0.05
10 0.55 0.37578125 0.0953125 0.128125
0 0.5875 0.29140625 0.0203125 0.046875
3 0.778125 0.22578125 0.0328125 0.0578125
10 0.79296875 0.1484375 0.0375 0.05625
10 0.76171875 0.134375 0.03125 0.0515625
3 0.74375 0.11796875 0.0265625 0.0421875
7 0.7484375 0.15 0.009375 0.028125
7 0.6796875 0.234375 0.0109375 0.0375
7 0.66484375 0.23984375 0.0109375 0.0390625
7 0.603125 0.296875 0.0109375 0.03125
7 0.6296875 0.2390625 0.0109375 0.025
0 0.62109375 0.2328125 0.0203125 0.046875
6 0.6109375 0.32265625 0.0109375 0.046875
7 0.659375 0.2859375 0.0125 0.028125
4 0.6578125 0.3 0.0109375 0.040625
0 0.64765625 0.18515625 0.0328125 0.0359375
6 0.71640625 0.1140625 0.009375 0.034375
6 0.71796875 0.0875 0.0078125 0.03125
6 0.803125 0.05625 0.0078125 0.028125
6 0.784375 0.03046875 0.0078125 0.0265625
10 0.72890625 0.02578125 0.0203125 0.0359375
10 0.70625 0.07578125 0.0203125 0.0390625
7 0.72265625 0.04609375 0.00625 0.01875
0 0.6984375 0.10078125 0.0328125 0.025
6 0.41953125 0.7640625 0.03125 0.0734375
10 0.32109375 0.509375 0.0953125 0.103125