6 0.07265625 0.015625 0.00703125 0.0234375
1 0.02890625 0.10859375 0.0125 0.015625
6 0.0125 0.05703125 0.01015625 0.025
7 0.0203125 0.07734375 0.0078125 0.01953125
7 0.015625 0.1 0.01015625 0.01640625
6 0.02421875 0.1 0.01015625 0.021875
6 0.07421875 0.21484375 0.01171875 0.02578125
6 0.09453125 0.22109375 0.01015625 0.025
6 0.065625 0.73515625 0.01953125 0.03125
1 0.20625 0.39453125 0.0109375 0.03203125
6 0.2375 0.359375 0.0109375 0.0296875
6 0.23515625 0.34921875 0.0109375 0.03359375
6 0.26484375 0.36640625 0.00859375 0.03515625
6 0.25703125 0.3484375 0.00859375 0.03046875
6 0.265625 0.253125 0.01015625 0.034375
6 0.3171875 0.91796875 0.0203125 0.053125
6 0.3609375 0.85625 0.01484375 0.0453125
6 0.37890625 0.8625 0.01640625 0.046875
7 0.29765625 0.4390625 0.01796875 0.0234375
7 0.36484375 0.42421875 0.0234375 0.0296875
6 0.328125 0.2234375 0.00546875 0.03125
6 0.31875 0.2328125 0.0078125 0.02890625
6 0.30625 0.26015625 0.009375 0.0296875
6 0.31171875 0.24453125 0.00703125 0.0359375
6 0.27890625 0.221875 0.009375 0.03515625
6 0.3421875 0.05703125 0.0078125 0.028125
6 0.36640625 0.3015625 0.00703125 0.03125
6 0.3734375 0.30078125 0.0078125 0.03046875
6 0.38515625 0.28828125 0.00703125 0.03203125
6 0.371875 0.28828125 0.00703125 0.0296875
6 0.38359375 0.2734375 0.00859375 0.03515625
6 0.40078125 0.809375 0.01796875 0.034375
6 0.503125 0.81328125 0.01796875 0.03515625
6 0.509375 0.796875 0.01484375 0.02578125
6 0.56015625 0.74453125 0.0171875 0.03515625
6 0.5390625 0.68046875 0.01484375 0.03515625
6 0.4140625 0.30703125 0.00859375 0.03515625
7 0.43671875 0.34375 0.01484375 0.034375
6 0.4484375 0.36171875 0.00859375 0.03515625
6 0.478125 0.38125 0.009375 0.0359375
6 0.4765625 0.35234375 0.0125 0.0359375
6 0.48828125 0.36328125 0.009375 0.03203125
6 0.5015625 0.0234375 0.0078125 0.02890625
6 0.54921875 0.090625 0.00625 0.03203125
6 0.459375 0.15 0.0046875 0.02421875
7 0.45859375 0.1765625 0.01015625 0.021875
7 0.4875 0.17421875 0.00625 0.021875
4 0.49296875 0.16328125 0.00859375 0.02578125
6 0.66328125 0.01875 0.00859375 0.03046875
1 0.5734375 0.3640625 0.01015625 0.02890625
6 0.5984375 0.45546875 0.01484375 0.04453125
6 0.6265625 0.7109375 0.0140625 0.04453125
6 0.6265625 0.759375 0.0140625 0.0359375
6 0.6640625 0.821875 0.01796875 0.0359375
6 0.68046875 0.95 0.02421875 0.03671875
4 0.6140625 0.94296875 0.03203125 0.040625
6 0.4625 0.1484375 0.0046875 0.025