3 0.46484375 0.940625 0.01640625 0.0515625
3 0.584375 0.96015625 0.01796875 0.04296875
3 0.534375 0.91171875 0.01484375 0.03671875
9 0.509375 0.95625 0.0203125 0.07578125
3 0.4921875 0.909375 0.015625 0.040625
3 0.4796875 0.846875 0.0140625 0.03515625
3 0.49296875 0.7953125 0.015625 0.03671875
3 0.571875 0.8296875 0.01484375 0.03125
3 0.4703125 0.784375 0.0140625 0.034375
3 0.4453125 0.78515625 0.0140625 0.03515625
3 0.575 0.7609375 0.0140625 0.02578125
3 0.52578125 0.746875 0.0125 0.02578125
3 0.54375 0.71796875 0.01171875 0.028125
3 0.5234375 0.71875 0.01171875 0.02578125
3 0.49375 0.7359375 0.01171875 0.0296875
3 0.4703125 0.725 0.01171875 0.03125
3 0.453125 0.69140625 0.01015625 0.0265625
3 0.50078125 0.70078125 0.0125 0.028125
3 0.5234375 0.690625 0.0109375 0.0234375
3 0.55234375 0.66875 0.01015625 0.021875
3 0.56875 0.65546875 0.01171875 0.02109375
3 0.475 0.67265625 0.0125 0.0265625
10 0.2515625 0.9796875 0.02265625 0.03984375
3 0.2078125 0.9765625 0.034375 0.046875
3 0.26171875 0.95390625 0.01640625 0.0359375
3 0.23046875 0.9359375 0.02109375 0.04609375
3 0.27421875 0.9046875 0.01875 0.04296875
3 0.28671875 0.86640625 0.01875 0.0359375
3 0.2734375 0.78828125 0.03125 0.02578125
3 0.33125 0.7875 0.03046875 0.0234375
3 0.23828125 0.7890625 0.028125 0.0234375
3 0.35 0.85078125 0.01796875 0.04296875
4 0.63359375 0.88671875 0.00390625 0.01640625
7 0.634375 0.88515625 0.00390625 0.01640625
4 0.43984375 0.61484375 0.003125 0.0109375
4 0.4453125 0.5734375 0.003125 0.009375
1 0.434375 0.57578125 0.00390625 0.0109375
7 0.43984375 0.6109375 0.003125 0.01328125
7 0.4453125 0.5703125 0.00390625 0.0109375
7 0.43515625 0.57109375 0.003125 0.009375
6 0.42890625 0.56171875 0.003125 0.01171875
3 0.5484375 0.578125 0.00859375 0.01640625
3 0.56171875 0.58203125 0.009375 0.01796875
4 0.58828125 0.58125 0.003125 0.01171875
7 0.5890625 0.57890625 0.00234375 0.01171875
3 0.48046875 0.534375 0.009375 0.01875
3 0.49140625 0.53359375 0.00859375 0.01875
3 0.50546875 0.534375 0.00859375 0.01875
3 0.49453125 0.51328125 0.00859375 0.015625
10 0.48125 0.50859375 0.00859375 0.0203125
3 0.54453125 0.52109375 0.0078125 0.01484375
3 0.5578125 0.515625 0.0078125 0.0140625
3 0.5234375 0.50625 0.0078125 0.01484375
3 0.50703125 0.49375 0.00859375 0.01796875
10 0.53203125 0.48984375 0.00703125 0.01640625
3 0.5078125 0.46640625 0.0078125 0.01484375
3 0.49609375 0.47421875 0.00703125 0.01484375
3 0.540625 0.465625 0.00703125 0.01171875
2 0.55625 0.459375 0.01015625 0.034375
2 0.48671875 0.45625 0.0109375 0.03359375
3 0.48984375 0.440625 0.00625 0.0140625
3 0.49921875 0.44453125 0.00703125 0.0140625
3 0.51015625 0.43359375 0.0078125 0.015625
3 0.525 0.42421875 0.00625 0.01015625
3 0.53515625 0.42421875 0.00703125 0.0109375
3 0.496875 0.39921875 0.00546875 0.01171875
3 0.54140625 0.403125 0.00703125 0.0109375
3 0.5328125 0.40078125 0.00703125 0.0109375
3 0.54609375 0.39296875 0.00625 0.0109375
2 0.55390625 0.3859375 0.009375 0.028125
2 0.5546875 0.36875 0.00859375 0.02578125
3 0.53359375 0.3828125 0.00625 0.01015625
3 0.5265625 0.38359375 0.00546875 0.01015625
9 0.53828125 0.3625 0.00625 0.01796875
3 0.51640625 0.35859375 0.00546875 0.01171875
3 0.54375 0.35546875 0.00546875 0.009375
3 0.53359375 0.346875 0.00546875 0.00859375
3 0.54296875 0.340625 0.00390625 0.00859375
3 0.50390625 0.34296875 0.00546875 0.01015625
3 0.5125 0.33984375 0.00546875 0.0109375
3 0.5296875 0.3265625 0.0046875 0.009375
10 0.5375 0.328125 0.0046875 0.01015625
3 0.5453125 0.3109375 0.00546875 0.00703125
3 0.5078125 0.31484375 0.00546875 0.009375
3 0.50703125 0.3046875 0.0046875 0.009375
9 0.49375 0.28671875 0.0078125 0.01484375
9 0.484375 0.30859375 0.00703125 0.015625
3 0.5328125 0.2859375 0.00390625 0.00625
3 0.54453125 0.28203125 0.00390625 0.00546875
2 0.50859375 0.26015625 0.00625 0.01640625
3 0.5203125 0.26953125 0.00390625 0.00703125
3 0.53203125 0.27421875 0.00390625 0.00703125
3 0.5390625 0.2734375 0.00390625 0.00703125