3 0.0671875 0.98359375 0.028125 0.0328125
6 0.053125 0.99140625 0.0078125 0.0171875
1 0.02734375 0.9796875 0.0078125 0.0203125
7 0.02734375 0.9734375 0.00703125 0.01953125
3 0.04921875 0.95390625 0.02734375 0.03828125
3 0.02890625 0.92421875 0.025 0.03671875
1 0.44453125 0.81796875 0.00859375 0.0140625
1 0.46171875 0.83671875 0.009375 0.0140625
3 0.18125 0.56171875 0.02265625 0.01640625
3 0.16875 0.55859375 0.02109375 0.01796875
3 0.16015625 0.55234375 0.02109375 0.015625
3 0.1203125 0.53359375 0.021875 0.0140625