6 0.05 0.384375 0.03828125 0.01796875
6 0.0203125 0.43671875 0.03984375 0.0234375
6 0.09140625 0.40078125 0.03125 0.0203125
6 0.02109375 0.26796875 0.040625 0.03671875
6 0.0109375 0.33125 0.02109375 0.01953125
6 0.0109375 0.246875 0.02109375 0.02421875
6 0.06640625 0.45546875 0.03515625 0.01796875
6 0.09921875 0.459375 0.0390625 0.0265625
6 0.203125 0.39296875 0.02578125 0.021875
6 0.19453125 0.30625 0.02734375 0.03125
6 0.225 0.3 0.02734375 0.028125
6 0.2234375 0.359375 0.02578125 0.028125
6 0.25546875 0.371875 0.021875 0.021875
6 0.2609375 0.29140625 0.01796875 0.03828125
8 0.1625 0.02578125 0.04140625 0.05078125
6 0.1125 0.36953125 0.02890625 0.01875
6 0.10546875 0.37421875 0.03046875 0.02109375
6 0.1078125 0.34921875 0.02890625 0.0234375
6 0.0953125 0.42578125 0.03828125 0.01640625
6 0.07109375 0.421875 0.03515625 0.0234375
6 0.2140625 0.796875 0.0265625 0.0546875
6 0.2046875 0.63984375 0.0265625 0.028125
6 0.1859375 0.74140625 0.02890625 0.03671875
6 0.13984375 0.721875 0.0328125 0.040625
6 0.16640625 0.740625 0.02890625 0.03828125
6 0.15546875 0.7765625 0.03046875 0.03671875
6 0.15078125 0.7484375 0.025 0.0296875
6 0.08671875 0.75625 0.02890625 0.034375
6 0.09609375 0.72578125 0.03046875 0.0359375
6 0.09921875 0.6984375 0.03359375 0.03671875
6 0.07265625 0.709375 0.03203125 0.03125
6 0.39765625 0.1109375 0.0125 0.0453125
6 0.38125 0.06328125 0.01328125 0.04140625
6 0.31171875 0.51640625 0.01484375 0.02890625
1 0.315625 0.51328125 0.03515625 0.01328125
6 0.3015625 0.5515625 0.01640625 0.028125
6 0.3078125 0.59296875 0.01640625 0.0296875
6 0.3140625 0.61953125 0.0140625 0.03359375
6 0.3796875 0.61328125 0.01796875 0.0296875
6 0.46328125 0.66171875 0.0234375 0.0359375
6 0.5171875 0.625 0.01796875 0.03515625
6 0.49375 0.70390625 0.02265625 0.03046875
6 0.6984375 0.3390625 0.05 0.028125
6 0.5375 0.27109375 0.01875 0.03046875
6 0.51484375 0.246875 0.01953125 0.034375
6 0.6203125 0.290625 0.03046875 0.0296875
6 0.63203125 0.2921875 0.02890625 0.0265625
6 0.621875 0.26640625 0.02578125 0.0234375
6 0.6140625 0.21328125 0.02734375 0.03671875
6 0.621875 0.1890625 0.03359375 0.03359375
6 0.68515625 0.29296875 0.03671875 0.0296875
6 0.70859375 0.2984375 0.03984375 0.0234375
6 0.59375 0.03046875 0.028125 0.06015625
3 0.6328125 0.05390625 0.0578125 0.10703125
6 0.4921875 0.2359375 0.0171875 0.028125
6 0.5015625 0.23046875 0.01796875 0.02890625
6 0.3984375 0.72421875 0.01328125 0.0359375
6 0.05078125 0.496875 0.028125 0.03203125
4 0.0546875 0.496875 0.03984375 0.02109375