6 0.94140625 0.48359375 0.0703125 0.0484375
6 0.75859375 0.503125 0.0609375 0.0359375
6 0.753125 0.5234375 0.0515625 0.0296875
6 0.659375 0.46640625 0.059375 0.0375
6 0.62265625 0.51171875 0.0546875 0.034375
6 0.59765625 0.5078125 0.05625 0.0359375
6 0.83203125 0.6984375 0.0546875 0.0390625
6 0.8328125 0.74453125 0.0578125 0.034375
3 0.7 0.62265625 0.1765625 0.1578125
9 0.7859375 0.83984375 0.28125 0.271875
10 0.68203125 0.76875 0.134375 0.1359375
3 0.58828125 0.89453125 0.1546875 0.171875
7 0.525 0.85078125 0.0546875 0.0375
8 0.534375 0.83984375 0.084375 0.0765625
10 0.421875 0.78359375 0.134375 0.1359375
3 0.52578125 0.63359375 0.1203125 0.13125
3 0.5265625 0.484375 0.1296875 0.109375
3 0.7921875 0.35703125 0.1890625 0.121875
3 0.60859375 0.3125 0.1359375 0.0890625
6 0.43671875 0.23984375 0.0421875 0.0265625
3 0.45546875 0.26328125 0.1140625 0.0765625
7 0.38203125 0.309375 0.0484375 0.028125
1 0.39609375 0.31328125 0.0484375 0.028125
6 0.359375 0.25859375 0.0515625 0.03125
1 0.365625 0.2640625 0.0484375 0.028125
4 0.34296875 0.32578125 0.05 0.03125
6 0.3140625 0.34140625 0.0375 0.021875
6 0.2921875 0.325 0.04375 0.025
1 0.2765625 0.3125 0.0453125 0.025
6 0.2484375 0.28515625 0.053125 0.028125
10 0.3140625 0.2203125 0.0953125 0.065625
7 0.22734375 0.19296875 0.0296875 0.0203125
7 0.2234375 0.28125 0.04375 0.025
6 0.20703125 0.26796875 0.040625 0.0203125
6 0.1875 0.26640625 0.03125 0.0171875
6 0.1796875 0.2703125 0.040625 0.0234375
6 0.18046875 0.24609375 0.046875 0.025
6 0.16171875 0.2703125 0.040625 0.0203125
7 0.15234375 0.165625 0.0234375 0.0171875
8 0.16640625 0.1734375 0.0421875 0.028125
6 0.13203125 0.18203125 0.040625 0.0234375
6 0.13671875 0.23515625 0.04375 0.025
6 0.13828125 0.246875 0.04375 0.025
6 0.11484375 0.1875 0.04375 0.025
6 0.1171875 0.15625 0.03125 0.021875
1 0.125 0.18125 0.0390625 0.021875
7 0.0953125 0.2125 0.0375 0.0234375
4 0.1015625 0.2140625 0.0328125 0.0203125
4 0.0984375 0.23359375 0.0359375 0.0203125
3 0.53046875 0.99140625 0.1140625 0.0171875
3 0.3015625 0.94609375 0.1 0.0578125
3 0.10859375 0.865625 0.071875 0.0578125
4 0.1484375 0.76875 0.0546875 0.0453125
3 0.2296875 0.653125 0.0796875 0.0921875
3 0.2921875 0.6109375 0.1 0.10625
10 0.3953125 0.63984375 0.1140625 0.1078125
10 0.23984375 0.55625 0.1140625 0.103125
3 0.18828125 0.39609375 0.0875 0.0609375
0 0.12578125 0.3609375 0.09375 0.0578125
3 0.0765625 0.43984375 0.06875 0.075
0 0.0546875 0.42890625 0.04375 0.040625
4 0.08828125 0.47109375 0.04375 0.0375
1 0.06484375 0.49765625 0.0359375 0.03125
4 0.0640625 0.51015625 0.0390625 0.0296875
8 0.0796875 0.51640625 0.0421875 0.0390625
8 0.128125 0.53203125 0.0625 0.046875
1 0.10546875 0.565625 0.0453125 0.028125
1 0.134375 0.59453125 0.05 0.03125
8 0.06328125 0.328125 0.053125 0.0359375
3 0.03046875 0.83125 0.0609375 0.059375
3 0.00859375 0.79375 0.0171875 0.078125