3 0.99375 0.18984375 0.0125 0.0140625
3 0.890625 0.24609375 0.021875 0.0171875
3 0.8140625 0.2578125 0.0203125 0.015625
3 0.834375 0.2546875 0.015625 0.0109375
3 0.79609375 0.259375 0.021875 0.01875
3 0.77578125 0.26328125 0.021875 0.01875
3 0.75703125 0.265625 0.0234375 0.01875
3 0.68046875 0.23046875 0.0328125 0.0265625
3 0.69765625 0.2421875 0.025 0.0203125
3 0.665625 0.2796875 0.0234375 0.01875
3 0.61484375 0.2734375 0.025 0.0203125
3 0.5984375 0.28984375 0.0265625 0.0234375
3 0.5671875 0.24375 0.0296875 0.0234375
3 0.57421875 0.29375 0.0265625 0.021875
3 0.4875 0.30625 0.0296875 0.0234375
3 0.45625 0.31015625 0.0296875 0.0234375
3 0.3765625 0.26796875 0.0328125 0.025
3 0.33671875 0.3125 0.034375 0.0265625
10 0.38359375 0.3609375 0.0265625 0.0234375
10 0.39765625 0.378125 0.0328125 0.028125
10 0.40625 0.38828125 0.0359375 0.03125
3 0.428125 0.396875 0.03125 0.025
3 0.43671875 0.409375 0.03125 0.0265625
3 0.44921875 0.4203125 0.0296875 0.025
3 0.45546875 0.43046875 0.021875 0.01875
3 0.44921875 0.4609375 0.03125 0.021875
3 0.8828125 0.8125 0.0171875 0.0125
3 0.89609375 0.80703125 0.0171875 0.0109375
3 0.875 0.81484375 0.0140625 0.0109375
3 0.7328125 0.80390625 0.0203125 0.0125
9 0.74765625 0.80234375 0.0359375 0.025
3 0.8234375 0.72109375 0.0171875 0.0125
3 0.8203125 0.72734375 0.0171875 0.0109375
3 0.65625 0.7484375 0.0203125 0.0140625
10 0.640625 0.5546875 0.0265625 0.0203125
9 0.64765625 0.57265625 0.0265625 0.0234375
10 0.62109375 0.578125 0.028125 0.0203125
3 0.5984375 0.57265625 0.0234375 0.0171875
3 0.559375 0.75625 0.0234375 0.0171875
3 0.56484375 0.50390625 0.028125 0.0203125
3 0.5546875 0.50859375 0.0265625 0.0203125
3 0.4484375 0.6296875 0.028125 0.0203125
9 0.40390625 0.60234375 0.0328125 0.0234375
10 0.42421875 0.61328125 0.0234375 0.0171875
3 0.37421875 0.584375 0.0296875 0.0203125
10 0.17421875 0.528125 0.03125 0.03125
3 0.1375 0.44296875 0.0421875 0.028125
3 0.08515625 0.41171875 0.0484375 0.03125
4 0.79375 0.709375 0.009375 0.00625
4 0.85234375 0.75234375 0.009375 0.00625
4 0.909375 0.80703125 0.0078125 0.00625
4 0.865625 0.8609375 0.0078125 0.0078125
4 0.53359375 0.728125 0.0140625 0.0109375
4 0.5453125 0.721875 0.0125 0.0078125
6 0.58515625 0.68984375 0.0109375 0.00625
6 0.58046875 0.6953125 0.009375 0.00625
6 0.5125 0.6484375 0.0109375 0.0078125
4 0.2015625 0.278125 0.0171875 0.0109375
6 0.12109375 0.25546875 0.009375 0.00625
6 0.12265625 0.25234375 0.00625 0.0046875
4 0.38515625 0.41953125 0.0125 0.0078125
4 0.3328125 0.38203125 0.0109375 0.0078125
4 0.48125 0.48984375 0.0140625 0.0109375
3 0.5484375 0.0265625 0.034375 0.0265625
3 0.3578125 0.0265625 0.040625 0.0296875
3 0.4046875 0.0265625 0.034375 0.0265625
10 0.4375 0.02578125 0.03125 0.025