3 0.26328125 0.8796875 0.0453125 0.1203125
3 0.28203125 0.7671875 0.040625 0.1140625
3 0.30234375 0.60859375 0.0375 0.0953125
10 0.315625 0.52421875 0.03125 0.0703125
2 0.353125 0.878125 0.090625 0.24375
3 0.4265625 0.36640625 0.03125 0.0640625
3 0.53359375 0.6109375 0.034375 0.08125
3 0.73046875 0.80546875 0.046875 0.1203125
10 0.70546875 0.634375 0.034375 0.0828125
3 0.7859375 0.15859375 0.0390625 0.0296875
3 0.665625 0.18984375 0.04375 0.0328125
3 0.740625 0.15625 0.0359375 0.03125
3 0.7390625 0.109375 0.0390625 0.0265625
3 0.778125 0.184375 0.0453125 0.0359375
3 0.6234375 0.10234375 0.0203125 0.03125
3 0.61640625 0.0734375 0.01875 0.03125
3 0.609375 0.04765625 0.0171875 0.03125
3 0.60390625 0.01796875 0.015625 0.025
3 0.45859375 0.078125 0.0171875 0.0375
3 0.3828125 0.07109375 0.0171875 0.040625
3 0.38671875 0.03515625 0.015625 0.0296875
3 0.39296875 0.0140625 0.0125 0.021875
7 0.671875 0.6328125 0.009375 0.0265625
1 0.6734375 0.64453125 0.0109375 0.0265625
6 0.75546875 0.34765625 0.0140625 0.05