10 0.60390625 0.98984375 0.065625 0.0203125
10 0.4375 0.98203125 0.04453125 0.03515625
3 0.58046875 0.9234375 0.053125 0.13828125
3 0.4515625 0.89921875 0.06171875 0.1265625
3 0.44375 0.7734375 0.03515625 0.08515625
3 0.44453125 0.68203125 0.03046875 0.08125
3 0.45 0.61640625 0.02578125 0.0640625
3 0.48359375 0.6765625 0.03046875 0.06796875
3 0.51328125 0.75546875 0.03515625 0.08359375
3 0.546875 0.70546875 0.03515625 0.08515625
8 0.54453125 0.80078125 0.01953125 0.046875
7 0.5484375 0.78203125 0.0125 0.03515625
10 0.81796875 0.59375 0.05625 0.06171875
10 0.8640625 0.61875 0.03046875 0.065625
7 0.76328125 0.60078125 0.009375 0.028125
7 0.81015625 0.6546875 0.01015625 0.03125
7 0.81640625 0.665625 0.01171875 0.034375
7 0.82734375 0.66484375 0.009375 0.03125
7 0.82421875 0.65625 0.01015625 0.028125
8 0.87734375 0.70703125 0.02421875 0.05546875
4 0.865625 0.66796875 0.03046875 0.02890625
4 0.86796875 0.6765625 0.0296875 0.02578125
4 0.77109375 0.55546875 0.025 0.028125
1 0.746875 0.5515625 0.01796875 0.021875
4 0.825 0.56640625 0.01484375 0.028125
4 0.7421875 0.5609375 0.01640625 0.025
8 0.878125 0.76796875 0.02265625 0.05703125
6 0.99453125 0.63359375 0.01015625 0.040625
4 0.9984375 0.51953125 0.003125 0.0234375
7 0.97890625 0.51015625 0.01171875 0.028125
6 0.98984375 0.50390625 0.01171875 0.03828125
6 0.98515625 0.49609375 0.00859375 0.0296875
6 0.990625 0.48984375 0.00859375 0.03359375
6 0.96640625 0.48984375 0.009375 0.03359375
6 0.9734375 0.47421875 0.00703125 0.02578125
6 0.971875 0.48125 0.00625 0.025
6 0.97421875 0.4890625 0.00625 0.02109375
6 0.94921875 0.5078125 0.00703125 0.025
6 0.90078125 0.48125 0.00859375 0.028125
6 0.88046875 0.471875 0.0078125 0.0296875
3 0.853125 0.47890625 0.04609375 0.034375
3 0.78125 0.46875 0.053125 0.04140625
6 0.7953125 0.459375 0.00546875 0.03125
6 0.7640625 0.4515625 0.00703125 0.028125
8 0.75859375 0.46953125 0.028125 0.03984375
10 0.5546875 0.5453125 0.02890625 0.05390625
3 0.52421875 0.55703125 0.0265625 0.05625
6 0.54296875 0.521875 0.009375 0.03046875
6 0.52265625 0.525 0.0078125 0.02421875
6 0.528125 0.52734375 0.0046875 0.025
7 0.50625 0.584375 0.00859375 0.03125
1 0.50703125 0.59609375 0.00703125 0.0296875
3 0.475 0.55234375 0.03203125 0.04921875
3 0.440625 0.55703125 0.02421875 0.04609375
10 0.496875 0.51171875 0.03671875 0.0609375
3 0.5109375 0.4890625 0.04140625 0.03515625
10 0.5359375 0.46484375 0.02109375 0.040625
10 0.45703125 0.5046875 0.04375 0.04296875
6 0.47578125 0.490625 0.00703125 0.02890625
6 0.48515625 0.478125 0.00703125 0.0296875
6 0.46171875 0.478125 0.00703125 0.028125
6 0.43359375 0.46328125 0.00625 0.028125
3 0.465625 0.43359375 0.025 0.03203125
3 0.440625 0.4515625 0.0171875 0.03359375
3 0.4109375 0.49453125 0.034375 0.0484375
3 0.36015625 0.55078125 0.05390625 0.046875
3 0.33671875 0.49375 0.04609375 0.034375
3 0.31796875 0.51953125 0.04609375 0.04296875
10 0.36328125 0.4734375 0.04140625 0.04296875
3 0.38125 0.45859375 0.03671875 0.0359375
3 0.4046875 0.440625 0.0375 0.034375
10 0.415625 0.421875 0.03515625 0.0390625
3 0.44453125 0.41796875 0.015625 0.028125
10 0.44765625 0.3875 0.0140625 0.03046875
10 0.4203125 0.4 0.02734375 0.0296875
10 0.36640625 0.42890625 0.0234375 0.03515625
3 0.32890625 0.459375 0.03671875 0.03359375
10 0.30234375 0.471875 0.03125 0.03671875
3 0.3390625 0.4203125 0.03125 0.03359375
8 0.3453125 0.44375 0.01953125 0.02578125
7 0.34921875 0.44140625 0.009375 0.0203125
6 0.45625 0.340625 0.0046875 0.02109375
6 0.58515625 0.390625 0.00546875 0.025
6 0.59140625 0.38828125 0.00546875 0.025
10 0.6078125 0.3984375 0.01875 0.03828125
9 0.6234375 0.3984375 0.02109375 0.03828125
10 0.65 0.40078125 0.0296875 0.0359375
6 0.7 0.4953125 0.0046875 0.02578125
6 0.68203125 0.45390625 0.00546875 0.0296875
6 0.6796875 0.44765625 0.0046875 0.03046875
6 0.6875 0.44375 0.00703125 0.0265625
6 0.7 0.4484375 0.00546875 0.02578125
6 0.73046875 0.4265625 0.00625 0.03046875
6 0.753125 0.43828125 0.0046875 0.028125
6 0.74609375 0.403125 0.00390625 0.02578125
6 0.71328125 0.41640625 0.00703125 0.0203125
6 0.7078125 0.4203125 0.0046875 0.02421875
6 0.72265625 0.41640625 0.00390625 0.0234375
6 0.7546875 0.37109375 0.0046875 0.021875
6 0.75859375 0.359375 0.00390625 0.0203125
6 0.76328125 0.3578125 0.00390625 0.01953125
6 0.77109375 0.35078125 0.00390625 0.01796875
6 0.78515625 0.33359375 0.00546875 0.0203125
6 0.79453125 0.33515625 0.0046875 0.0203125
6 0.7828125 0.35703125 0.0046875 0.0203125
6 0.77890625 0.36015625 0.00390625 0.021875
6 0.78359375 0.365625 0.003125 0.01953125
6 0.74609375 0.35078125 0.003125 0.0203125
6 0.74375 0.35 0.00390625 0.0203125
6 0.74296875 0.34375 0.00390625 0.02109375
6 0.75703125 0.35078125 0.00390625 0.01953125
6 0.73828125 0.409375 0.00703125 0.0265625
6 0.7671875 0.3640625 0.00234375 0.01328125
6 0.76328125 0.36640625 0.0046875 0.0203125
6 0.759375 0.37734375 0.00390625 0.0234375
6 0.75625 0.378125 0.0046875 0.02421875
6 0.775 0.3609375 0.00390625 0.0234375
6 0.7765625 0.34140625 0.00546875 0.02578125
6 0.78828125 0.33671875 0.00390625 0.01875
6 0.78203125 0.34296875 0.00390625 0.01953125
6 0.75234375 0.359375 0.00390625 0.021875
6 0.78046875 0.36796875 0.0046875 0.01953125
7 0.9640625 0.459375 0.00703125 0.015625
4 0.9640625 0.46640625 0.00703125 0.01640625
6 0.959375 0.440625 0.00703125 0.02890625
7 0.9609375 0.409375 0.01015625 0.015625
7 0.9703125 0.4109375 0.00703125 0.015625
6 0.95 0.41640625 0.00546875 0.02421875
7 0.95859375 0.3765625 0.00546875 0.0140625
6 0.95078125 0.37578125 0.00546875 0.0203125
6 0.93671875 0.36796875 0.00625 0.02109375
6 0.86875 0.35078125 0.00546875 0.02109375
10 0.90234375 0.40625 0.04765625 0.0296875
10 0.90703125 0.384375 0.03515625 0.02421875
10 0.86484375 0.3859375 0.03515625 0.02890625
9 0.86953125 0.3984375 0.015625 0.03046875
10 0.846875 0.37265625 0.02734375 0.0265625
10 0.9046875 0.396875 0.03984375 0.021875
10 0.828125 0.4015625 0.03515625 0.028125
2 0.87734375 0.2734375 0.06796875 0.03984375
10 0.8046875 0.36484375 0.03515625 0.02578125
10 0.82265625 0.359375 0.02421875 0.01953125
10 0.815625 0.34375 0.02578125 0.0234375
10 0.80390625 0.3390625 0.02265625 0.025
10 0.8203125 0.31953125 0.01796875 0.0265625
10 0.82734375 0.309375 0.009375 0.021875
10 0.76328125 0.30625 0.02109375 0.0203125
10 0.7484375 0.334375 0.03046875 0.0234375
3 0.81328125 0.29375 0.01875 0.0234375
3 0.82890625 0.29453125 0.01640625 0.0234375
3 0.778125 0.284375 0.02421875 0.01640625
3 0.73515625 0.27890625 0.02578125 0.01875
3 0.72890625 0.25234375 0.01875 0.0140625
3 0.83125 0.26328125 0.02421875 0.01640625
2 0.78828125 0.2640625 0.0578125 0.034375
3 0.78828125 0.30390625 0.01328125 0.0203125
9 0.76640625 0.2984375 0.02890625 0.02890625
3 0.73359375 0.30078125 0.01640625 0.021875
9 0.86171875 0.3125 0.034375 0.03828125
3 0.6328125 0.20234375 0.01328125 0.01171875
6 0.7546875 0.26484375 0.00390625 0.01640625
1 0.75390625 0.26796875 0.00703125 0.009375