3 0.3171875 0.78125 0.0390625 0.09375
3 0.41171875 0.7234375 0.03984375 0.084375
3 0.39375 0.65234375 0.03671875 0.07109375
3 0.76796875 0.5234375 0.03984375 0.065625
3 0.70625 0.45625 0.0296875 0.0453125
3 0.61640625 0.50390625 0.02890625 0.06328125
3 0.5796875 0.515625 0.02109375 0.04921875
3 0.55625 0.50859375 0.0234375 0.053125
3 0.521875 0.51171875 0.02890625 0.05
3 0.48984375 0.5078125 0.034375 0.053125
10 0.46171875 0.4984375 0.04140625 0.0453125
3 0.4375 0.490625 0.0421875 0.0484375
9 0.77890625 0.46328125 0.03828125 0.0484375
3 0.76796875 0.44609375 0.0359375 0.03359375
8 0.83359375 0.39140625 0.02421875 0.04296875
6 0.80546875 0.38359375 0.01015625 0.0296875
3 0.409375 0.48203125 0.04453125 0.0546875
3 0.39296875 0.46484375 0.03515625 0.04453125
10 0.346875 0.41640625 0.03125 0.05
3 0.23125 0.4625 0.05078125 0.05859375
3 0.23671875 0.4359375 0.04765625 0.03203125
3 0.33046875 0.40546875 0.03671875 0.04375
3 0.3203125 0.38125 0.03671875 0.0453125
3 0.3171875 0.35546875 0.03515625 0.03671875
3 0.3109375 0.32890625 0.02734375 0.0390625
3 0.2203125 0.40546875 0.04296875 0.03046875
3 0.2203125 0.38203125 0.03828125 0.0265625
3 0.21796875 0.34921875 0.04140625 0.03046875
3 0.20859375 0.275 0.03203125 0.02578125
3 0.20234375 0.23984375 0.03203125 0.03359375
3 0.265625 0.22578125 0.0328125 0.025
3 0.2984375 0.31484375 0.03125 0.04453125
3 0.28046875 0.303125 0.0328125 0.03125
3 0.275 0.28203125 0.034375 0.028125
10 0.275 0.18203125 0.02578125 0.02890625
6 0.2390625 0.2765625 0.00546875 0.0203125
4 0.2921875 0.25078125 0.0109375 0.0140625
4 0.278125 0.26171875 0.01171875 0.01796875
6 0.2078125 0.3109375 0.0046875 0.021875
1 0.2015625 0.3140625 0.01328125 0.01171875
3 0.19296875 0.31640625 0.00390625 0.015625
3 0.2046875 0.2171875 0.0296875 0.01953125
6 0.51953125 0.57421875 0.00703125 0.0265625
9 0.08515625 0.05390625 0.01953125 0.0703125
3 0.11484375 0.0234375 0.01171875 0.01875
10 0.15703125 0.0265625 0.01796875 0.01796875
3 0.1390625 0.01328125 0.0109375 0.0109375
10 0.1234375 0.71015625 0.02421875 0.06640625