6 0.2609375 0.95859375 0.00859375 0.021875
6 0.278125 0.95546875 0.00703125 0.02421875
6 0.309375 0.93046875 0.00703125 0.025
6 0.00625 0.3234375 0.0125 0.01171875
6 0.00703125 0.28125 0.0140625 0.015625
6 0.04375 0.34140625 0.01015625 0.0140625
6 0.0125 0.30703125 0.0140625 0.0140625
6 0.58359375 0.4875 0.009375 0.0140625
6 0.60859375 0.515625 0.00859375 0.0109375
6 0.609375 0.53671875 0.0109375 0.00703125
6 0.60234375 0.528125 0.00703125 0.00859375
6 0.3484375 0.92421875 0.01015625 0.01328125
6 0.3453125 0.89609375 0.0078125 0.01953125
6 0.3546875 0.8734375 0.00625 0.0203125
6 0.340625 0.8171875 0.00859375 0.01796875
6 0.32578125 0.81484375 0.00703125 0.01640625
6 0.3375 0.8671875 0.01015625 0.0234375
6 0.309375 0.878125 0.00546875 0.0234375
6 0.34609375 0.871875 0.00546875 0.025