3 0.30703125 0.590625 0.0953125 0.065625
10 0.575 0.4859375 0.0625 0.0390625
6 0.11796875 0.63828125 0.0765625 0.040625
9 0.28359375 0.5203125 0.084375 0.0515625
7 0.3640625 0.384375 0.028125 0.0171875
4 0.34375 0.3921875 0.021875 0.015625
3 0.65078125 0.4578125 0.0328125 0.0265625
3 0.73203125 0.41171875 0.0265625 0.0171875
3 0.68359375 0.39140625 0.021875 0.0203125
10 0.7046875 0.37734375 0.028125 0.0234375
3 0.25078125 0.0796875 0.0421875 0.0453125
3 0.22734375 0.07890625 0.025 0.0265625
3 0.41328125 0.07578125 0.0328125 0.0328125
6 0.421875 0.09375 0.028125 0.0171875
6 0.44453125 0.0921875 0.025 0.0125
6 0.44296875 0.08515625 0.0234375 0.0140625
3 0.45390625 0.08359375 0.040625 0.0484375
10 0.5046875 0.13515625 0.0375 0.034375
3 0.58125 0.1890625 0.028125 0.025
3 0.61953125 0.203125 0.028125 0.0234375
3 0.6546875 0.2125 0.0234375 0.028125
10 0.63828125 0.1953125 0.0234375 0.0234375
3 0.7421875 0.26875 0.0125 0.0125
9 0.75078125 0.36484375 0.03125 0.01875
9 0.7484375 0.38125 0.0421875 0.0296875
6 0.7234375 0.35703125 0.015625 0.0078125
3 0.7875 0.371875 0.0109375 0.009375
3 0.79765625 0.3703125 0.0078125 0.0078125
3 0.79453125 0.40078125 0.0109375 0.009375
3 0.81015625 0.38984375 0.0109375 0.009375
3 0.8078125 0.3765625 0.0109375 0.009375
3 0.81015625 0.36875 0.0078125 0.00625
3 0.8421875 0.37890625 0.00625 0.0046875
3 0.840625 0.38515625 0.00625 0.0046875
3 0.8203125 0.39375 0.00625 0.0046875
3 0.809375 0.3984375 0.0171875 0.0109375
3 0.82890625 0.36484375 0.00625 0.0046875
3 0.81875 0.3671875 0.0109375 0.0109375