3 0.81953125 0.54609375 0.0234375 0.028125
3 0.8546875 0.50546875 0.0203125 0.025
3 0.8375 0.58671875 0.0234375 0.0265625
3 0.83828125 0.6109375 0.01875 0.021875
9 0.8515625 0.6015625 0.028125 0.0296875
9 0.8609375 0.59140625 0.0328125 0.0296875
10 0.88515625 0.58671875 0.0203125 0.015625
10 0.8875 0.5625 0.021875 0.021875
3 0.878125 0.57578125 0.01875 0.015625
3 0.865625 0.55703125 0.0203125 0.015625
3 0.87265625 0.54296875 0.0171875 0.0125
3 0.87890625 0.5515625 0.0140625 0.0125
3 0.8875 0.54609375 0.0109375 0.0109375
3 0.903125 0.54375 0.0171875 0.021875
10 0.89296875 0.534375 0.0171875 0.0125
6 0.909375 0.525 0.0140625 0.0125
3 0.871875 0.515625 0.01875 0.021875
9 0.8828125 0.49375 0.03125 0.025
9 0.8859375 0.48046875 0.0296875 0.021875
10 0.89140625 0.5109375 0.01875 0.01875
3 0.90390625 0.4984375 0.015625 0.0125
3 0.90703125 0.4890625 0.0140625 0.0125
3 0.90703125 0.47578125 0.0171875 0.015625
3 0.909375 0.46796875 0.0140625 0.0125
3 0.9125 0.53828125 0.015625 0.015625
3 0.9078125 0.540625 0.015625 0.01875
3 0.8828125 0.51171875 0.0171875 0.0203125
3 0.91328125 0.5359375 0.0125 0.0109375
6 0.87421875 0.41015625 0.015625 0.0078125
8 0.8671875 0.428125 0.015625 0.015625
1 0.875 0.440625 0.0109375 0.0109375
6 0.85078125 0.53984375 0.01875 0.0078125
7 0.77109375 0.48203125 0.0140625 0.009375
4 0.76640625 0.48046875 0.0203125 0.0109375
3 0.65546875 0.47734375 0.034375 0.025
3 0.7953125 0.59375 0.0203125 0.025
3 0.78046875 0.653125 0.01875 0.021875
3 0.78203125 0.66171875 0.01875 0.021875
3 0.78125 0.57734375 0.028125 0.03125
3 0.7453125 0.64921875 0.025 0.0203125
6 0.64921875 0.54921875 0.025 0.0109375
3 0.48828125 0.56796875 0.0546875 0.0359375
3 0.55625 0.47421875 0.0421875 0.0328125
3 0.459375 0.47734375 0.0515625 0.0359375
3 0.79453125 0.8640625 0.0203125 0.0234375
3 0.79921875 0.84296875 0.01875 0.01875
3 0.77109375 0.8453125 0.01875 0.021875
3 0.790625 0.82265625 0.0203125 0.025
3 0.80234375 0.8125 0.0203125 0.025
10 0.8078125 0.790625 0.021875 0.021875
9 0.82890625 0.75625 0.0328125 0.03125
3 0.82265625 0.696875 0.01875 0.025
3 0.71953125 0.590625 0.03125 0.0375
3 0.73046875 0.584375 0.03125 0.0359375