9 0.89140625 0.6546875 0.03125 0.040625
3 0.89765625 0.63359375 0.021875 0.0265625
10 0.87421875 0.6234375 0.0203125 0.0234375
10 0.81796875 0.5890625 0.021875 0.028125
3 0.69296875 0.61484375 0.0234375 0.025
3 0.621875 0.659375 0.015625 0.0359375
3 0.6140625 0.58359375 0.015625 0.0375
3 0.64296875 0.54140625 0.021875 0.021875
3 0.66015625 0.3890625 0.0203125 0.040625
4 0.6125 0.5296875 0.00625 0.01875
4 0.6140625 0.49765625 0.0046875 0.0125
4 0.6046875 0.48203125 0.00625 0.0140625
2 0.58046875 0.4484375 0.028125 0.09375
9 0.54921875 0.284375 0.0171875 0.0515625
2 0.43828125 0.16796875 0.03125 0.0921875
4 0.54140625 0.165625 0.00625 0.015625
3 0.68984375 0.1171875 0.021875 0.021875
3 0.6859375 0.0953125 0.025 0.025
9 0.65234375 0.81875 0.01875 0.0515625
9 0.6828125 0.946875 0.021875 0.0578125
9 0.52734375 0.97578125 0.0203125 0.0484375
3 0.57265625 0.85234375 0.0171875 0.0390625
3 0.48515625 0.84765625 0.015625 0.0359375
3 0.5515625 0.7609375 0.015625 0.0359375
10 0.5375 0.64453125 0.015625 0.0390625
4 0.46640625 0.3859375 0.00625 0.01875
9 0.3953125 0.2125 0.01875 0.0453125
10 0.43671875 0.50859375 0.015625 0.0390625