9 0.30390625 0.51640625 0.02265625 0.07109375
9 0.2984375 0.4546875 0.0296875 0.0890625
9 0.34296875 0.35625 0.025 0.07890625
9 0.36328125 0.26953125 0.01484375 0.04453125
9 0.34296875 0.29140625 0.01640625 0.03828125
9 0.396875 0.1421875 0.0109375 0.0359375
9 0.41171875 0.0765625 0.009375 0.028125
9 0.40625 0.04609375 0.0140625 0.053125
3 0.08828125 0.90078125 0.04296875 0.06640625
3 0.2015625 0.825 0.02265625 0.06875
3 0.2703125 0.6671875 0.0203125 0.053125
3 0.259375 0.6125 0.02109375 0.05625
3 0.32578125 0.44921875 0.015625 0.0359375
3 0.3109375 0.303125 0.01171875 0.02578125
3 0.38125 0.2078125 0.01015625 0.0234375
3 0.3734375 0.1859375 0.00859375 0.0203125
3 0.36875 0.025 0.01328125 0.0109375
3 0.371875 0.01640625 0.01328125 0.00859375
3 0.37265625 0.0109375 0.01015625 0.01328125
3 0.37734375 0.00546875 0.01171875 0.01015625
3 0.415625 0.02421875 0.00390625 0.01328125
9 0.425 0.015625 0.00546875 0.015625
3 0.36015625 0.2296875 0.01015625 0.028125
10 0.32578125 0.36015625 0.01328125 0.0390625
10 0.29765625 0.334375 0.01875 0.0203125
10 0.34140625 0.19296875 0.009375 0.0203125
4 0.28359375 0.40625 0.00859375 0.01171875
6 0.2796875 0.32890625 0.00390625 0.0109375
9 0.240625 0.42734375 0.01796875 0.0359375
9 0.68515625 0.8125 0.04921875 0.10078125
9 0.66484375 0.6765625 0.04609375 0.046875
10 0.221875 0.86953125 0.02578125 0.08203125
6 0.15703125 0.76875 0.0078125 0.01015625
8 0.1578125 0.76328125 0.015625 0.0234375
0 0.128125 0.6734375 0.01484375 0.0234375
5 0.171875 0.590625 0.03359375 0.1046875
0 0.19453125 0.59140625 0.0125 0.04140625
3 0.17578125 0.50078125 0.021875 0.01875
6 0.515625 0.03671875 0.0015625 0.00703125
3 0.5546875 0.034375 0.00703125 0.01328125
3 0.5703125 0.00625 0.01328125 0.01015625
10 0.58125 0.0546875 0.01328125 0.01328125
9 0.71015625 0.01171875 0.03671875 0.02109375
9 0.7109375 0.03359375 0.03671875 0.0203125
9 0.71484375 0.01875 0.02890625 0.01328125
9 0.71484375 0.025 0.02890625 0.01328125
9 0.69453125 0.05078125 0.05 0.015625
4 0.3546875 0.10703125 0.0046875 0.00859375
6 0.428125 0.74375 0.00546875 0.01015625
6 0.4203125 0.71640625 0.0046875 0.00859375