9 0.72421875 0.2015625 0.10625 0.2640625
10 0.6453125 0.25859375 0.0328125 0.0640625
10 0.690625 0.1265625 0.0375 0.075
9 0.5140625 0.6703125 0.084375 0.1859375
9 0.63828125 0.490625 0.0515625 0.103125
6 0.575 0.521875 0.0125 0.0203125
6 0.58359375 0.51640625 0.009375 0.0140625
6 0.7640625 0.36328125 0.00625 0.0125
10 0.778125 0.37578125 0.0375 0.071875
3 0.7265625 0.5375 0.04375 0.0875
6 0.7984375 0.4296875 0.0109375 0.0171875
4 0.75703125 0.528125 0.0171875 0.0328125
10 0.56015625 0.76328125 0.0609375 0.1359375
3 0.83828125 0.13515625 0.0375 0.071875
4 0.7234375 0.74296875 0.0203125 0.0328125