3 0.15 0.95703125 0.153125 0.0859375
3 0.4625 0.93984375 0.140625 0.1203125
3 0.48984375 0.853125 0.06015625 0.0890625
3 0.19375 0.87109375 0.1140625 0.12109375
3 0.21171875 0.809375 0.08984375 0.0953125
3 0.228125 0.7609375 0.08046875 0.08125
10 0.24375 0.690625 0.03828125 0.06953125
3 0.265625 0.6609375 0.06171875 0.059375
10 0.41484375 0.690625 0.05546875 0.06484375
3 0.4140625 0.6765625 0.04765625 0.0453125
10 0.52890625 0.66328125 0.034375 0.06328125
3 0.4015625 0.6390625 0.0390625 0.04453125
3 0.39296875 0.615625 0.04453125 0.03125
3 0.39453125 0.60703125 0.040625 0.034375
4 0.3546875 0.63671875 0.00859375 0.028125
7 0.3546875 0.63046875 0.00859375 0.03125
10 0.39296875 0.58828125 0.01796875 0.03125
3 0.26875 0.62109375 0.02421875 0.040625
3 0.27421875 0.59921875 0.02578125 0.03828125
10 0.2828125 0.58203125 0.0296875 0.0390625
6 0.31015625 0.55625 0.00546875 0.02109375
6 0.2734375 0.55859375 0.0046875 0.02109375
3 0.29140625 0.5484375 0.015625 0.0234375
9 0.38671875 0.5546875 0.021875 0.04609375
7 0.38984375 0.5609375 0.00625 0.01328125
3 0.37734375 0.54296875 0.0125 0.02421875
3 0.37265625 0.53671875 0.01171875 0.0203125
3 0.84453125 0.71796875 0.08203125 0.078125
4 0.715625 0.609375 0.00859375 0.02421875
4 0.66796875 0.61640625 0.015625 0.02890625
3 0.646875 0.60546875 0.0390625 0.03828125
6 0.640625 0.59296875 0.00390625 0.021875
10 0.5296875 0.5328125 0.01640625 0.0265625
6 0.540625 0.521875 0.00390625 0.0203125
6 0.5453125 0.52109375 0.0046875 0.01875
3 0.5296875 0.51875 0.0171875 0.01875
4 0.50703125 0.50703125 0.00625 0.0109375
3 0.475 0.51796875 0.02734375 0.01875
3 0.46640625 0.51484375 0.02734375 0.01640625
9 0.46796875 0.51796875 0.02109375 0.03984375
7 0.50703125 0.5015625 0.00234375 0.00859375
3 0.46640625 0.4953125 0.01015625 0.01328125
3 0.3 0.5265625 0.01328125 0.01875
3 0.3 0.51953125 0.0109375 0.0140625
3 0.30390625 0.51640625 0.01015625 0.015625
3 0.3078125 0.5015625 0.01015625 0.01484375
3 0.309375 0.4984375 0.01015625 0.01171875
3 0.3109375 0.49375 0.0078125 0.01015625
6 0.29921875 0.4953125 0.003125 0.01484375
3 0.34296875 0.48125 0.0078125 0.0109375
3 0.415625 0.47890625 0.01328125 0.009375
3 0.43515625 0.47265625 0.00703125 0.00859375