9 0.9453125 0.4640625 0.053125 0.0796875
9 0.921875 0.3640625 0.0375 0.0515625
3 0.96875 0.453125 0.03125 0.0421875
3 0.94296875 0.4078125 0.0234375 0.0328125
3 0.9625 0.38984375 0.021875 0.0265625
3 0.9921875 0.41796875 0.015625 0.0296875
3 0.99609375 0.3421875 0.0078125 0.01875
3 0.92578125 0.31875 0.0140625 0.0203125
3 0.9578125 0.30859375 0.0140625 0.0171875
3 0.94609375 0.28828125 0.0140625 0.0171875
3 0.9609375 0.3484375 0.0203125 0.028125
10 0.94375 0.3171875 0.015625 0.0234375
3 0.99453125 0.31328125 0.0109375 0.0171875
3 0.9796875 0.2859375 0.009375 0.0140625
3 0.9828125 0.21171875 0.0046875 0.00625
3 0.98359375 0.20078125 0.0046875 0.00625
3 0.95390625 0.25078125 0.009375 0.0109375
3 0.959375 0.23125 0.009375 0.0109375
3 0.9625 0.21640625 0.0078125 0.0109375
3 0.971875 0.215625 0.0078125 0.0109375
3 0.97109375 0.225 0.009375 0.0125
3 0.95703125 0.21015625 0.0078125 0.0109375
10 0.9984375 0.28828125 0.003125 0.0171875
3 0.9921875 0.2984375 0.0125 0.0140625
3 0.9890625 0.2578125 0.009375 0.0140625
10 0.98046875 0.2484375 0.009375 0.0109375
9 0.996875 0.25859375 0.00625 0.0234375
9 0.9921875 0.278125 0.015625 0.025
9 0.99140625 0.234375 0.0125 0.0203125
9 0.990625 0.221875 0.0125 0.0203125
9 0.99609375 0.23515625 0.0078125 0.0171875
3 0.99609375 0.246875 0.0078125 0.0125
2 0.9640625 0.19140625 0.0109375 0.0171875
9 0.603125 0.528125 0.071875 0.1140625
9 0.64296875 0.47890625 0.0578125 0.08125
6 0.56484375 0.553125 0.0140625 0.0265625
6 0.56015625 0.54765625 0.0140625 0.0265625
10 0.67421875 0.4421875 0.025 0.0375
6 0.8734375 0.42890625 0.0109375 0.0171875
6 0.88046875 0.384375 0.009375 0.015625
6 0.8796875 0.36796875 0.00625 0.0125
6 0.87265625 0.37109375 0.0078125 0.015625
3 0.72421875 0.37578125 0.0203125 0.028125
3 0.80625 0.3328125 0.0140625 0.0171875
3 0.75625 0.3140625 0.021875 0.025
3 0.8140625 0.26484375 0.009375 0.0140625
3 0.80234375 0.2703125 0.0140625 0.0125
3 0.7640625 0.28671875 0.015625 0.015625
3 0.8 0.275 0.009375 0.0140625
3 0.8078125 0.26953125 0.009375 0.0109375
3 0.84140625 0.24921875 0.009375 0.0109375
3 0.8375 0.25234375 0.009375 0.0109375
3 0.834375 0.253125 0.009375 0.0125
3 0.82890625 0.2578125 0.0109375 0.0125
3 0.8765625 0.23125 0.0078125 0.0078125
3 0.88125 0.2328125 0.0046875 0.00625
3 0.88671875 0.22578125 0.00625 0.0078125
3 0.88203125 0.2265625 0.0046875 0.00625
3 0.83359375 0.27578125 0.009375 0.0140625
3 0.79453125 0.2796875 0.009375 0.0140625
3 0.81796875 0.2703125 0.0109375 0.0140625
10 0.85390625 0.24296875 0.009375 0.0125
3 0.859375 0.2421875 0.009375 0.0109375
3 0.8640625 0.240625 0.009375 0.0109375
3 0.8640625 0.23671875 0.009375 0.0109375
3 0.87265625 0.23359375 0.009375 0.0109375
3 0.87734375 0.23984375 0.0078125 0.0109375
9 0.884375 0.2390625 0.015625 0.021875
2 0.82109375 0.303125 0.015625 0.025
2 0.77578125 0.35234375 0.0265625 0.040625
10 0.8328125 0.2671875 0.0140625 0.0171875
9 0.921875 0.21484375 0.009375 0.0140625
3 0.91640625 0.22265625 0.00625 0.009375
2 0.921875 0.2015625 0.009375 0.0109375
2 0.93203125 0.20703125 0.00625 0.0125