2 0.1984375 0.67578125 0.10390625 0.10625
3 0.275 0.70390625 0.0671875 0.04921875
3 0.39453125 0.5859375 0.0546875 0.075
3 0.334375 0.553125 0.05 0.078125
9 0.5171875 0.49140625 0.1 0.09453125
2 0.359375 0.39296875 0.03828125 0.16796875
3 0.3859375 0.325 0.0359375 0.04296875
3 0.403125 0.315625 0.03671875 0.04453125
3 0.3609375 0.28203125 0.03515625 0.0359375
6 0.5015625 0.28125 0.01015625 0.02578125
6 0.5390625 0.29609375 0.0078125 0.02421875
6 0.54296875 0.29296875 0.00703125 0.025
6 0.603125 0.346875 0.00859375 0.02421875
6 0.571875 0.30390625 0.00859375 0.02109375
3 0.43125 0.06953125 0.0203125 0.01796875