3 0.49296875 0.246875 0.084375 0.040625
3 0.40234375 0.09921875 0.1046875 0.0484375
3 0.3453125 0.34921875 0.1109375 0.0421875
3 0.73984375 0.25625 0.059375 0.0359375
3 0.7234375 0.20390625 0.0640625 0.0296875
3 0.74375 0.1484375 0.0625 0.0203125
3 0.775 0.1109375 0.04375 0.021875
3 0.51328125 0.21640625 0.084375 0.0390625
3 0.53046875 0.1859375 0.075 0.0328125
3 0.5484375 0.15390625 0.0734375 0.0390625
3 0.57421875 0.13046875 0.0703125 0.0390625
3 0.5953125 0.10390625 0.0734375 0.040625
3 0.6078125 0.0734375 0.0609375 0.0390625
3 0.6234375 0.0578125 0.075 0.0421875
3 0.6375 0.02890625 0.071875 0.0453125
4 0.78203125 0.203125 0.025 0.0078125
4 0.77421875 0.2125 0.01875 0.0078125
4 0.67734375 0.26015625 0.01875 0.0203125
3 0.78046875 0.0859375 0.05625 0.0296875
6 0.8109375 0.16484375 0.015625 0.0046875
3 0.665625 0.01875 0.075 0.0328125
3 0.46875 0.01640625 0.096875 0.0328125
3 0.44609375 0.04453125 0.08125 0.04375
3 0.42890625 0.0796875 0.103125 0.0453125
3 0.32578125 0.0546875 0.078125 0.0703125
3 0.27265625 0.03515625 0.0828125 0.065625
3 0.21171875 0.01953125 0.0765625 0.0390625
3 0.13203125 0.13125 0.1390625 0.10625
3 0.06875 0.115625 0.0703125 0.0828125
6 0.1859375 0.21875 0.0296875 0.00625
6 0.28125 0.21953125 0.028125 0.00625
6 0.2078125 0.2296875 0.0296875 0.009375
6 0.92109375 0.38046875 0.01875 0.003125
6 0.92109375 0.384375 0.01875 0.0046875
6 0.58203125 0.33203125 0.025 0.0046875
6 0.5734375 0.3265625 0.0296875 0.00625
6 0.52265625 0.32109375 0.0234375 0.00625
6 0.52421875 0.31640625 0.0203125 0.0046875
3 0.65390625 0.440625 0.0765625 0.0265625
6 0.6171875 0.409375 0.01875 0.003125
3 0.44609375 0.3734375 0.0890625 0.0359375
3 0.38359375 0.40078125 0.10625 0.0359375
3 0.271875 0.43203125 0.1125 0.0390625
3 0.0875 0.3921875 0.115625 0.0453125
3 0.103125 0.27265625 0.1453125 0.065625
3 0.2984375 0.49921875 0.103125 0.034375
3 0.39765625 0.4765625 0.090625 0.0328125
3 0.4 0.52421875 0.090625 0.0328125
3 0.50078125 0.53984375 0.084375 0.0328125
3 0.61171875 0.46796875 0.0765625 0.0328125
3 0.74375 0.4625 0.0609375 0.0265625
3 0.8015625 0.48046875 0.0625 0.0265625
3 0.84921875 0.496875 0.0546875 0.0203125
3 0.90546875 0.51015625 0.0515625 0.021875
3 0.95234375 0.52421875 0.04375 0.01875
3 0.9625 0.5453125 0.046875 0.0234375
3 0.9875 0.534375 0.0234375 0.0171875
6 0.91796875 0.5515625 0.028125 0.00625
3 0.871875 0.57265625 0.0453125 0.021875
3 0.9734375 0.62734375 0.034375 0.015625
3 0.921875 0.61875 0.04375 0.01875
3 0.8640625 0.6046875 0.05 0.01875
3 0.78359375 0.5921875 0.05 0.021875
3 0.7203125 0.58125 0.05625 0.025
3 0.63125 0.5671875 0.065625 0.0296875
3 0.56796875 0.553125 0.053125 0.0265625
3 0.10703125 0.57421875 0.1078125 0.0640625
3 0.20234375 0.57734375 0.0828125 0.0671875
3 0.2625 0.584375 0.0703125 0.06875
6 0.06796875 0.62890625 0.0296875 0.00625
6 0.06953125 0.62109375 0.03125 0.00625
3 0.32734375 0.59765625 0.0859375 0.0609375
3 0.3796875 0.60859375 0.0921875 0.0625
3 0.42734375 0.61171875 0.08125 0.0578125
3 0.45859375 0.62734375 0.0828125 0.0515625
3 0.51328125 0.62734375 0.0734375 0.0546875
3 0.55078125 0.640625 0.075 0.0546875
3 0.61484375 0.64140625 0.078125 0.059375
3 0.65390625 0.646875 0.0578125 0.0515625
3 0.6921875 0.6515625 0.0578125 0.046875
3 0.72890625 0.6515625 0.053125 0.0453125
6 0.6515625 0.615625 0.015625 0.003125
10 0.76171875 0.65859375 0.05 0.040625
10 0.79453125 0.6609375 0.040625 0.0375
3 0.81953125 0.6640625 0.040625 0.03125
3 0.840625 0.66640625 0.040625 0.0296875
3 0.94375 0.67421875 0.021875 0.015625
3 0.9203125 0.66875 0.028125 0.028125
3 0.896875 0.6703125 0.021875 0.021875
3 0.87265625 0.66953125 0.025 0.021875
3 0.97421875 0.67265625 0.028125 0.0203125