3 0.20234375 0.86171875 0.084375 0.17890625
3 0.26796875 0.63671875 0.06953125 0.12109375
3 0.309375 0.50703125 0.05234375 0.11171875
3 0.35078125 0.4125 0.02890625 0.07109375
3 0.49453125 0.75703125 0.0875 0.1203125
9 0.5109375 0.88671875 0.075 0.165625
3 0.5046875 0.64375 0.07734375 0.109375
3 0.5140625 0.534375 0.071875 0.084375
3 0.51640625 0.4625 0.075 0.06953125
3 0.51640625 0.41953125 0.06953125 0.06171875
3 0.5171875 0.36796875 0.0671875 0.05859375
3 0.52578125 0.325 0.0625 0.05390625
3 0.52421875 0.29453125 0.05625 0.0453125
3 0.53203125 0.25625 0.05625 0.046875
3 0.5296875 0.21875 0.04609375 0.0359375
3 0.5296875 0.19296875 0.04609375 0.03984375
3 0.546875 0.16953125 0.0484375 0.03359375
3 0.55546875 0.13359375 0.04609375 0.034375
3 0.36875 0.31796875 0.04140625 0.06015625
3 0.47890625 0.1734375 0.02890625 0.04921875
3 0.3875 0.26171875 0.03203125 0.053125
3 0.40859375 0.20234375 0.03515625 0.06171875
10 0.4109375 0.16875 0.046875 0.05078125
3 0.41484375 0.1140625 0.046875 0.03828125
3 0.63125 0.16796875 0.05859375 0.05859375
3 0.54296875 0.11640625 0.0453125 0.04140625
3 0.44453125 0.096875 0.02109375 0.03671875
3 0.36796875 0.109375 0.03671875 0.04453125
3 0.44921875 0.06953125 0.02109375 0.03203125
3 0.45859375 0.04375 0.01953125 0.034375
3 0.4640625 0.0234375 0.01640625 0.034375
3 0.546875 0.08515625 0.0421875 0.03671875
3 0.54375 0.075 0.0390625 0.02578125
3 0.5484375 0.05546875 0.0359375 0.02890625
3 0.5515625 0.04296875 0.03828125 0.02578125
3 0.54921875 0.03046875 0.02734375 0.01796875
10 0.54921875 0.0140625 0.04296875 0.02578125