3 0.9640625 0.09765625 0.03125 0.0390625
3 0.9546875 0.13828125 0.0296875 0.0390625
6 0.9640625 0.21796875 0.025 0.009375
6 0.95234375 0.29375 0.0265625 0.0125
3 0.834375 0.18984375 0.0484375 0.046875
3 0.86015625 0.24765625 0.04375 0.0484375
2 0.9171875 0.26015625 0.0640625 0.1
2 0.7890625 0.2296875 0.04375 0.0609375
2 0.8125 0.246875 0.04375 0.0546875
6 0.7421875 0.30078125 0.0390625 0.0171875
4 0.7125 0.2109375 0.028125 0.03125
7 0.72109375 0.2140625 0.03125 0.009375
2 0.7171875 0.103125 0.146875 0.1734375
3 0.38828125 0.02734375 0.0859375 0.0546875
3 0.45234375 0.04296875 0.0921875 0.0859375
3 0.51015625 0.08046875 0.0796875 0.0890625
3 0.54921875 0.11484375 0.075 0.0859375
3 0.58125 0.17734375 0.0765625 0.0765625
3 0.5546875 0.27265625 0.075 0.0828125
6 0.4984375 0.3546875 0.0453125 0.0140625
6 0.50625 0.403125 0.0375 0.0140625
6 0.52578125 0.40546875 0.0359375 0.0140625
3 0.2640625 0.38203125 0.153125 0.059375
4 0.1703125 0.42265625 0.08125 0.025
7 0.18515625 0.425 0.0375 0.0140625
10 0.36171875 0.5296875 0.1796875 0.06875
3 0.57265625 0.50859375 0.0921875 0.040625
3 0.73359375 0.55 0.071875 0.034375
4 0.6953125 0.425 0.0265625 0.021875
7 0.71015625 0.4328125 0.028125 0.0078125
7 0.71015625 0.42734375 0.0296875 0.009375
6 0.77578125 0.440625 0.03125 0.009375
6 0.77578125 0.43125 0.03125 0.0125
3 0.83125 0.37890625 0.0484375 0.0421875
3 0.8796875 0.32890625 0.034375 0.0375
6 0.8609375 0.4109375 0.034375 0.0109375
6 0.8953125 0.42578125 0.028125 0.00625
6 0.89375 0.43125 0.028125 0.009375
6 0.940625 0.47578125 0.0203125 0.0078125
6 0.98515625 0.4984375 0.021875 0.00625
6 0.96015625 0.5 0.025 0.009375
6 0.9171875 0.434375 0.025 0.009375
6 0.9234375 0.3859375 0.028125 0.009375
1 0.84296875 0.4890625 0.0203125 0.009375
7 0.853125 0.4890625 0.01875 0.0046875
3 0.95546875 0.64140625 0.025 0.0171875
3 0.90078125 0.6609375 0.0328125 0.01875
3 0.88984375 0.6140625 0.04375 0.0296875
3 0.8515625 0.62734375 0.04375 0.0328125
3 0.796875 0.6625 0.0484375 0.04375
6 0.93515625 0.61953125 0.025 0.009375
3 0.94609375 0.70234375 0.0359375 0.025
4 0.3046875 0.67421875 0.0453125 0.0484375
7 0.30859375 0.67578125 0.0515625 0.021875