3 0.26328125 0.9453125 0.07578125 0.0703125
3 0.27109375 0.8375 0.06328125 0.0640625
3 0.28359375 0.7390625 0.06328125 0.059375
3 0.55859375 0.80625 0.06015625 0.04609375
3 0.53515625 0.6265625 0.04609375 0.06484375
3 0.5625 0.65859375 0.05234375 0.06484375
3 0.02734375 0.328125 0.01953125 0.03125
3 0.096875 0.3578125 0.03515625 0.03046875
3 0.096875 0.334375 0.0328125 0.0234375
10 0.09453125 0.109375 0.01953125 0.01875
3 0.1046875 0.10390625 0.01796875 0.01171875
3 0.103125 0.09453125 0.02421875 0.0140625
3 0.109375 0.0875 0.01484375 0.01015625
3 0.115625 0.07890625 0.02421875 0.01640625
3 0.13046875 0.05703125 0.02109375 0.015625
3 0.13828125 0.04296875 0.01796875 0.015625
10 0.15859375 0.10703125 0.02265625 0.01953125
3 0.15234375 0.1015625 0.02265625 0.01875
3 0.15546875 0.09375 0.02421875 0.01640625
3 0.16953125 0.1265625 0.028125 0.021875
3 0.17734375 0.13125 0.02109375 0.01875
10 0.18515625 0.13359375 0.02109375 0.02109375
10 0.2109375 0.13984375 0.0171875 0.01640625
0 0.27421875 0.778125 0.0375 0.04921875
3 0.48828125 0.15703125 0.0125 0.021875
3 0.503125 0.15546875 0.01328125 0.021875
3 0.515625 0.15546875 0.01328125 0.01875
3 0.52890625 0.15234375 0.01328125 0.0234375
10 0.58671875 0.14765625 0.01640625 0.02109375
10 0.6 0.14453125 0.01328125 0.02109375
3 0.64765625 0.13828125 0.015625 0.01953125
3 0.6984375 0.13359375 0.0171875 0.01796875
10 0.721875 0.1296875 0.01640625 0.0203125
3 0.74921875 0.125 0.01640625 0.0203125
3 0.76328125 0.12265625 0.01640625 0.01953125
3 0.784375 0.12265625 0.01796875 0.02109375
3 0.7953125 0.11796875 0.01484375 0.01953125
3 0.8078125 0.11640625 0.01484375 0.01796875