9 0.0375 0.68828125 0.0296875 0.075
10 0.08046875 0.653125 0.01640625 0.0453125
10 0.1296875 0.65078125 0.015625 0.0484375
3 0.27265625 0.54453125 0.0140625 0.04453125
2 0.34609375 0.65 0.03515625 0.11328125
2 0.4421875 0.2359375 0.06484375 0.06796875
10 0.078125 0.03046875 0.01796875 0.034375
3 0.16796875 0.203125 0.0203125 0.0390625
3 0.1515625 0.2265625 0.01640625 0.04140625
3 0.125 0.3078125 0.01640625 0.04375
3 0.0953125 0.3828125 0.01640625 0.04140625
10 0.12109375 0.390625 0.01640625 0.04140625
3 0.14765625 0.409375 0.015625 0.040625
9 0.1859375 0.3765625 0.02265625 0.0640625
3 0.17109375 0.29921875 0.01796875 0.040625
3 0.1953125 0.29765625 0.01640625 0.04140625
3 0.24140625 0.4078125 0.02734375 0.03046875
3 0.3359375 0.31328125 0.02578125 0.0265625
3 0.35078125 0.33203125 0.025 0.02890625
3 0.58828125 0.1421875 0.02578125 0.02890625
10 0.70859375 0.30703125 0.02421875 0.0296875
7 0.65390625 0.328125 0.003125 0.00703125
6 0.52734375 0.14296875 0.00546875 0.00625
6 0.52890625 0.1359375 0.00546875 0.00703125
6 0.534375 0.13828125 0.00546875 0.00546875
6 0.52578125 0.12265625 0.00390625 0.00859375
6 0.528125 0.12734375 0.00390625 0.00625
2 0.46328125 0.02109375 0.01953125 0.04140625
2 0.478125 0.03359375 0.0296875 0.06640625
2 0.49453125 0.03671875 0.03046875 0.07109375
2 0.51171875 0.03359375 0.0296875 0.06640625
2 0.5234375 0.04296875 0.02421875 0.06171875
2 0.5421875 0.03984375 0.03359375 0.0796875
2 0.559375 0.03828125 0.03203125 0.0765625
2 0.5765625 0.034375 0.03125 0.06875
2 0.59609375 0.03125 0.0296875 0.0625
2 0.61171875 0.034375 0.0328125 0.06875
2 0.628125 0.0390625 0.03359375 0.0765625