10 0.85 0.60390625 0.090625 0.134375
3 0.8046875 0.6625 0.075 0.1046875
5 0.94375 0.7984375 0.1125 0.175
6 0.7078125 0.66640625 0.03125 0.0546875
3 0.5390625 0.1359375 0.1390625 0.2453125
3 0.41015625 0.48984375 0.1109375 0.1890625
10 0.26953125 0.5984375 0.09375 0.15625
0 0.3984375 0.60546875 0.0828125 0.084375
5 0.31796875 0.49375 0.1140625 0.20625
8 0.4890625 0.93984375 0.05 0.090625
7 0.60703125 0.86953125 0.025 0.0484375
1 0.603125 0.859375 0.021875 0.0453125
6 0.29765625 0.765625 0.025 0.0375
6 0.128125 0.52265625 0.025 0.034375
6 0.12421875 0.54375 0.034375 0.05
4 0.08125 0.571875 0.0515625 0.0546875
6 0.16796875 0.4703125 0.0328125 0.0484375
6 0.19921875 0.45859375 0.0359375 0.0546875
4 0.2140625 0.434375 0.05625 0.1015625
4 0.25 0.44921875 0.040625 0.0640625
4 0.15625 0.3578125 0.0484375 0.0828125
4 0.19921875 0.32109375 0.0484375 0.06875
4 0.2703125 0.34140625 0.0515625 0.08125
4 0.296875 0.33671875 0.04375 0.0734375
1 0.2265625 0.846875 0.034375 0.0515625
4 0.10703125 0.74921875 0.0390625 0.0671875
4 0.09296875 0.2 0.0390625 0.0765625
4 0.15078125 0.21953125 0.0625 0.0875
7 0.1515625 0.22421875 0.040625 0.059375
4 0.24296875 0.23828125 0.0421875 0.0859375
8 0.34375 0.31015625 0.0953125 0.1421875
8 0.28984375 0.1796875 0.096875 0.1625
8 0.29296875 0.11171875 0.1046875 0.1453125