10 0.47421875 0.8296875 0.10546875 0.19453125
3 0.509375 0.471875 0.05625 0.12421875
3 0.4359375 0.08671875 0.02421875 0.046875
3 0.24453125 0.51796875 0.06796875 0.16171875
3 0.346875 0.096875 0.028125 0.0515625
3 0.3484375 0.0578125 0.02265625 0.03984375
3 0.43984375 0.2984375 0.03359375 0.08125
10 0.4375 0.1296875 0.02265625 0.0609375
10 0.31484375 0.20390625 0.03671875 0.06953125
10 0.29765625 0.2796875 0.04375 0.08359375
10 0.3296875 0.140625 0.02890625 0.07890625
10 0.3609375 0.0171875 0.02265625 0.034375
10 0.27734375 0.37421875 0.05234375 0.13203125
3 0.19609375 0.71328125 0.09296875 0.21640625
6 0.33984375 0.51953125 0.01953125 0.06015625
6 0.346875 0.4859375 0.01484375 0.05390625
7 0.3984375 0.284375 0.01328125 0.0453125
1 0.396875 0.2984375 0.01015625 0.040625
6 0.31015625 0.325 0.01171875 0.0484375
0 0.44140625 0.57734375 0.03046875 0.1046875
1 0.43359375 0.509375 0.01484375 0.06484375
6 0.36484375 0.10390625 0.009375 0.04296875
6 0.38046875 0.02734375 0.00703125 0.034375
6 0.440625 0.05 0.00703125 0.03125
6 0.68046875 0.95859375 0.03828125 0.0265625
3 0.66875 0.52109375 0.06796875 0.16875