3 0.06640625 0.9171875 0.1328125 0.109375
6 0.14375 0.940625 0.02265625 0.04609375
6 0.03515625 0.72578125 0.02734375 0.04453125
6 0.05390625 0.68359375 0.0265625 0.05078125
4 0.103125 0.828125 0.04375 0.04140625
1 0.0734375 0.7984375 0.04375 0.03125
3 0.14375 0.6265625 0.10078125 0.09296875
3 0.16953125 0.55703125 0.07734375 0.075
3 0.1921875 0.49140625 0.0828125 0.07421875
3 0.20546875 0.440625 0.08203125 0.06640625
4 0.13515625 0.3953125 0.0234375 0.04296875
6 0.12578125 0.26953125 0.00859375 0.03828125
6 0.103125 0.28828125 0.0140625 0.03984375
3 0.47578125 0.91640625 0.05234375 0.1109375
3 0.340625 0.8859375 0.04609375 0.171875
6 0.41796875 0.8765625 0.01953125 0.05
3 0.71328125 0.4765625 0.03203125 0.10546875
3 0.69296875 0.3625 0.05078125 0.084375
3 0.66484375 0.2765625 0.04140625 0.0796875
3 0.7125 0.31953125 0.03359375 0.08125
3 0.64453125 0.103125 0.02890625 0.046875
3 0.57421875 0.1484375 0.028125 0.0515625
3 0.52734375 0.10078125 0.0234375 0.04375
3 0.47734375 0.27109375 0.03046875 0.08671875
6 0.68984375 0.23359375 0.0140625 0.03984375
6 0.70390625 0.1984375 0.01171875 0.0359375
6 0.61796875 0.0609375 0.00703125 0.03125
6 0.6140625 0.05859375 0.00859375 0.03125
7 0.5890625 0.04765625 0.0109375 0.02890625
4 0.58984375 0.05390625 0.00859375 0.03125
10 0.453125 0.16171875 0.02265625 0.071875
3 0.39765625 0.20234375 0.025 0.065625
3 0.3921875 0.27109375 0.02734375 0.08515625
3 0.3828125 0.3640625 0.03203125 0.09921875
3 0.37421875 0.48203125 0.040625 0.13984375
3 0.3640625 0.64140625 0.04453125 0.16015625
6 0.3203125 0.43203125 0.01171875 0.04296875
7 0.41796875 0.3484375 0.0109375 0.034375
1 0.4171875 0.36015625 0.0078125 0.04296875
7 0.4484375 0.015625 0.00703125 0.01875
4 0.4484375 0.0234375 0.00546875 0.03046875
0 0.26171875 0.2515625 0.03359375 0.028125
1 0.1890625 0.26328125 0.0234375 0.02890625
1 0.1921875 0.25625 0.02109375 0.0265625
1 0.20703125 0.25 0.02109375 0.02421875
1 0.24765625 0.234375 0.01796875 0.0265625
1 0.259375 0.23125 0.02109375 0.028125
1 0.278125 0.23359375 0.02109375 0.025
7 0.29609375 0.24140625 0.009375 0.02578125
1 0.19921875 0.2359375 0.02421875 0.0234375
1 0.22265625 0.22421875 0.02265625 0.025
1 0.225 0.2359375 0.01953125 0.0203125