3 0.54375 0.86015625 0.11484375 0.1
3 0.51875 0.6359375 0.05078125 0.0453125
3 0.21015625 0.57890625 0.03515625 0.034375
3 0.03671875 0.78046875 0.071875 0.06875
3 0.059375 0.87421875 0.11796875 0.0796875
3 0.04765625 0.93828125 0.0921875 0.06796875
3 0.240625 0.9453125 0.13046875 0.05390625
3 0.2046875 0.90859375 0.14609375 0.1140625
3 0.096875 0.80703125 0.1109375 0.0890625
3 0.209375 0.815625 0.09296875 0.0890625
3 0.2453125 0.7703125 0.10234375 0.059375
10 0.1609375 0.734375 0.09609375 0.06328125
10 0.2515625 0.60234375 0.02890625 0.0453125
3 0.2265625 0.553125 0.01484375 0.03125
7 0.3953125 0.90234375 0.01640625 0.06796875
1 0.39375 0.91953125 0.02109375 0.0734375
6 0.253125 0.675 0.01171875 0.04453125
6 0.34921875 0.60859375 0.0078125 0.02890625
6 0.3375 0.61484375 0.0078125 0.0296875
6 0.234375 0.5921875 0.0078125 0.0265625
6 0.23984375 0.59375 0.00625 0.03125
6 0.05 0.61484375 0.01484375 0.0390625
7 0.12578125 0.63515625 0.00859375 0.03359375
7 0.1296875 0.63359375 0.009375 0.034375
4 0.128125 0.64140625 0.02734375 0.025
1 0.2984375 0.621875 0.01640625 0.01640625
7 0.29765625 0.61484375 0.0078125 0.03515625
6 0.33984375 0.609375 0.00390625 0.02421875
6 0.33984375 0.60546875 0.00625 0.02578125
6 0.3390625 0.59765625 0.0078125 0.03046875
6 0.1703125 0.5453125 0.00546875 0.01875
3 0.071875 0.53203125 0.02421875 0.02890625
6 0.05390625 0.51484375 0.00546875 0.01640625
6 0.059375 0.5140625 0.0046875 0.01796875
3 0.01328125 0.5125 0.02578125 0.03046875
7 0.6984375 0.9 0.01796875 0.07421875
1 0.6953125 0.92109375 0.05234375 0.0734375
1 0.528125 0.69140625 0.01484375 0.02109375
1 0.62265625 0.63203125 0.01640625 0.01796875
7 0.52734375 0.6796875 0.009375 0.03359375
7 0.62265625 0.62421875 0.00859375 0.02578125
7 0.57421875 0.65546875 0.01015625 0.0265625
4 0.5765625 0.66171875 0.02109375 0.02421875
6 0.721875 0.7015625 0.0078125 0.03984375
7 0.71171875 0.60703125 0.00859375 0.03125
4 0.71328125 0.6109375 0.0171875 0.0203125
6 0.7265625 0.6109375 0.00546875 0.03125
2 0.52734375 0.57890625 0.07578125 0.053125
9 0.6375 0.5203125 0.03984375 0.03125
5 0.525 0.54453125 0.06640625 0.04296875
6 0.3921875 0.57109375 0.00546875 0.02109375
6 0.4890625 0.5625 0.00546875 0.0234375
6 0.5703125 0.56796875 0.0046875 0.02109375
7 0.66484375 0.525 0.0046875 0.01484375
9 0.70546875 0.50078125 0.025 0.021875
3 0.55703125 0.5921875 0.034375 0.034375
3 0.5828125 0.60625 0.0359375 0.03203125
3 0.5765625 0.57421875 0.02421875 0.025
3 0.59140625 0.58359375 0.03046875 0.02890625
3 0.6140625 0.5953125 0.03359375 0.028125
3 0.61875 0.578125 0.02890625 0.02421875
3 0.6453125 0.5859375 0.03046875 0.03046875
3 0.66796875 0.57578125 0.028125 0.02421875
3 0.69453125 0.5671875 0.02578125 0.0234375
3 0.71171875 0.5625 0.01875 0.0234375
3 0.72265625 0.55625 0.01328125 0.02421875
3 0.64453125 0.56875 0.0296875 0.0234375
3 0.66640625 0.5609375 0.02265625 0.025
3 0.6890625 0.55625 0.025 0.02421875
3 0.71015625 0.53828125 0.01953125 0.01796875
3 0.64140625 0.553125 0.0265625 0.0296875
3 0.6640625 0.5515625 0.01796875 0.02109375
3 0.678125 0.5484375 0.01640625 0.025
3 0.69453125 0.54140625 0.01796875 0.01953125
10 0.60859375 0.565625 0.03203125 0.034375
6 0.71875 0.6171875 0.00546875 0.03203125