6 0.57578125 0.7875 0.0203125 0.0453125
6 0.53671875 0.71484375 0.01875 0.0359375
6 0.10625 0.73515625 0.025 0.053125
6 0.12421875 0.475 0.0078125 0.015625
6 0.1859375 0.47421875 0.009375 0.015625
0 0.159375 0.48515625 0.0140625 0.01875
6 0.31796875 0.5359375 0.0078125 0.015625
6 0.28515625 0.52578125 0.00625 0.0140625
6 0.10859375 0.86171875 0.0265625 0.0375
6 0.39140625 0.6671875 0.0140625 0.03125
6 0.55703125 0.55 0.0046875 0.00625
6 0.5078125 0.57109375 0.00625 0.009375
3 0.57109375 0.55078125 0.0109375 0.0078125