6 0.94375 0.4640625 0.0140625 0.03125
6 0.91015625 0.48359375 0.01875 0.03125
6 0.86015625 0.4265625 0.0140625 0.0375
6 0.86015625 0.4140625 0.0125 0.0328125
6 0.7640625 0.34453125 0.0109375 0.0296875
3 0.66328125 0.621875 0.0734375 0.103125
9 0.51328125 0.459375 0.115625 0.1578125
6 0.5125 0.275 0.0078125 0.0296875
6 0.5046875 0.27734375 0.0109375 0.03125
6 0.46953125 0.26328125 0.0078125 0.03125
6 0.3765625 0.0953125 0.0109375 0.028125
6 0.390625 0.0890625 0.0109375 0.028125
6 0.396875 0.0828125 0.0109375 0.028125
6 0.359375 0.0734375 0.0109375 0.03125
3 0.4640625 0.084375 0.0421875 0.046875
10 0.521875 0.0328125 0.04375 0.0609375