3 0.175 0.01640625 0.01640625 0.0296875
3 0.1859375 0.04453125 0.01484375 0.0296875
3 0.20703125 0.09609375 0.01640625 0.03203125
3 0.2140625 0.034375 0.015625 0.0296875
10 0.2359375 0.08515625 0.01796875 0.03359375
10 0.24921875 0.1140625 0.01875 0.034375
3 0.23984375 0.13125 0.01875 0.03359375
10 0.265625 0.15625 0.01953125 0.03515625
10 0.24609375 0.18671875 0.01953125 0.03828125
3 0.2609375 0.2234375 0.0203125 0.0390625
3 0.2984375 0.2265625 0.01796875 0.03359375
3 0.296875 0.265625 0.02109375 0.040625
10 0.3171875 0.27109375 0.01875 0.0359375
10 0.33515625 0.31328125 0.0234375 0.04609375
10 0.35625 0.36015625 0.0234375 0.04453125
3 0.37578125 0.40546875 0.02265625 0.04453125
3 0.39453125 0.45390625 0.02578125 0.05
3 0.3828125 0.4796875 0.025 0.0515625
3 0.68125 0.7078125 0.0328125 0.04140625
3 0.62890625 0.58359375 0.03125 0.0484375
4 0.6734375 0.58046875 0.01015625 0.01796875
6 0.32265625 0.03671875 0.00234375 0.01015625
6 0.32890625 0.04765625 0.00390625 0.01171875
6 0.34140625 0.04296875 0.00390625 0.0109375
6 0.33984375 0.07265625 0.00234375 0.01171875
6 0.34765625 0.071875 0.00234375 0.0109375
6 0.33046875 0.03359375 0.003125 0.009375
6 0.3328125 0.03046875 0.00234375 0.00859375
6 0.38125 0.059375 0.00390625 0.01015625
6 0.38515625 0.053125 0.00234375 0.01171875
6 0.37734375 0.0265625 0.003125 0.0140625
6 0.38125 0.02421875 0.003125 0.0140625
6 0.42734375 0.03046875 0.00234375 0.01171875
6 0.33984375 0.02109375 0.00234375 0.0109375
6 0.3703125 0.01171875 0.00234375 0.01015625
6 0.3765625 0.009375 0.00234375 0.01015625
6 0.384375 0.01875 0.00234375 0.0140625
6 0.38671875 0.01796875 0.00234375 0.01171875
6 0.38828125 0.01640625 0.00234375 0.01171875
6 0.3359375 0.01953125 0.00234375 0.01171875
6 0.33203125 0.02109375 0.00234375 0.01015625
6 0.3296875 0.01640625 0.003125 0.01484375
6 0.3359375 0.0140625 0.00234375 0.009375
6 0.33671875 0.0109375 0.0015625 0.009375
6 0.36796875 0.00390625 0.00234375 0.00703125
6 0.38125 0.171875 0.003125 0.01328125
6 0.41953125 0.13125 0.003125 0.01328125
6 0.39453125 0.21171875 0.00390625 0.01328125
6 0.39140625 0.22578125 0.003125 0.009375
6 0.4265625 0.284375 0.00234375 0.00703125
6 0.4265625 0.28046875 0.00234375 0.00859375
6 0.43671875 0.26640625 0.003125 0.0109375
6 0.43515625 0.275 0.00234375 0.009375
6 0.43984375 0.28125 0.00234375 0.00859375
6 0.43828125 0.278125 0.003125 0.009375
6 0.43515625 0.284375 0.00390625 0.00546875
6 0.43984375 0.2984375 0.00390625 0.01328125
6 0.44296875 0.284375 0.003125 0.00703125
6 0.453125 0.278125 0.00546875 0.01328125
6 0.45625 0.29609375 0.00390625 0.009375
6 0.46171875 0.3234375 0.003125 0.009375
6 0.4640625 0.32421875 0.00234375 0.01328125
6 0.4546875 0.3359375 0.00390625 0.009375
6 0.46015625 0.34765625 0.00546875 0.0140625
6 0.54609375 0.29453125 0.00390625 0.0109375
6 0.54765625 0.290625 0.00234375 0.01015625
6 0.5484375 0.29296875 0.00390625 0.01015625
6 0.5515625 0.29296875 0.00234375 0.009375
6 0.55390625 0.296875 0.00390625 0.00703125
6 0.5546875 0.29296875 0.00234375 0.00625
6 0.55625 0.28125 0.00390625 0.00703125
6 0.55625 0.234375 0.00390625 0.00703125
6 0.56484375 0.203125 0.00390625 0.009375
6 0.575 0.21328125 0.0046875 0.01171875
6 0.5796875 0.20859375 0.00390625 0.01015625
6 0.52890625 0.17890625 0.00546875 0.0109375
6 0.5125 0.14375 0.00390625 0.01015625
6 0.51640625 0.1484375 0.003125 0.00859375
6 0.51796875 0.153125 0.003125 0.009375
6 0.51953125 0.15625 0.003125 0.009375
6 0.5265625 0.14765625 0.00546875 0.015625
6 0.52421875 0.14453125 0.00390625 0.01171875
6 0.5265625 0.14453125 0.00234375 0.0140625
6 0.52421875 0.13828125 0.00234375 0.00859375
6 0.5671875 0.13046875 0.0046875 0.01640625
6 0.4875 0.01953125 0.00546875 0.01796875
6 0.5203125 0.0671875 0.00546875 0.01171875
6 0.4796875 0.00625 0.00390625 0.009375
6 0.4484375 0.00546875 0.0046875 0.0109375
6 0.2984375 0.096875 0.00390625 0.0140625
6 0.29296875 0.08203125 0.003125 0.01015625