2 0.0125 0.584375 0.025 0.028125
3 0.24609375 0.66796875 0.021875 0.028125
3 0.228125 0.69609375 0.021875 0.028125
3 0.31171875 0.6515625 0.0234375 0.034375
3 0.2390625 0.55859375 0.0265625 0.034375
3 0.26015625 0.47890625 0.03125 0.0390625
3 0.246875 0.434375 0.03125 0.0390625
3 0.30546875 0.47109375 0.0296875 0.0421875
2 0.29609375 0.203125 0.0703125 0.0828125
3 0.2640625 0.23046875 0.034375 0.0453125
10 0.28125 0.2359375 0.0421875 0.05625
10 0.42734375 0.28515625 0.0390625 0.0421875
10 0.4734375 0.25078125 0.0359375 0.0296875
10 0.5484375 0.2859375 0.0390625 0.0359375
10 0.21875 0.80625 0.0171875 0.021875
3 0.2296875 0.83125 0.015625 0.0203125
3 0.2484375 0.90859375 0.015625 0.0203125
3 0.23203125 0.91015625 0.0140625 0.01875
6 0.40546875 0.3875 0.0140625 0.021875