3 0.38046875 0.646875 0.015625 0.0515625
3 0.36171875 0.46484375 0.01328125 0.03515625
3 0.30546875 0.334375 0.01015625 0.0234375
3 0.33671875 0.26484375 0.009375 0.01875
3 0.3734375 0.16953125 0.0078125 0.0140625
3 0.34921875 0.1625 0.00625 0.0140625
3 0.34921875 0.1 0.00546875 0.009375
3 0.3859375 0.2359375 0.009375 0.0234375
3 0.37734375 0.09375 0.00625 0.01171875
3 0.3796875 0.06796875 0.00546875 0.01171875
3 0.38828125 0.08828125 0.00546875 0.01328125
3 0.3640625 0.028125 0.0046875 0.009375
3 0.38671875 0.1859375 0.00703125 0.01875
3 0.3890625 0.14609375 0.00546875 0.01875
3 0.365625 0.00390625 0.00390625 0.0046875
3 0.3828125 0.00859375 0.00390625 0.00859375
3 0.375 0.01875 0.0046875 0.00859375
3 0.3734375 0.028125 0.003125 0.009375
3 0.38203125 0.0375 0.00234375 0.01015625
3 0.38046875 0.05625 0.00546875 0.0109375
3 0.38671875 0.1640625 0.00546875 0.0140625
3 0.34765625 0.39296875 0.0109375 0.03359375
10 0.37890625 0.54375 0.01328125 0.05703125
10 0.284375 0.68828125 0.02109375 0.059375
2 0.403125 0.54609375 0.02265625 0.140625
10 0.32421875 0.26171875 0.00859375 0.02421875
10 0.3859375 0.30703125 0.00859375 0.03046875
10 0.3625 0.21015625 0.0078125 0.021875
2 0.34609375 0.04921875 0.00859375 0.03359375
2 0.38203125 0.0234375 0.00390625 0.01796875
10 0.38984375 0.034375 0.00546875 0.0109375
10 0.2984375 0.0328125 0.01171875 0.00859375
10 0.3140625 0.03203125 0.009375 0.00859375