10 0.009375 0.17578125 0.01640625 0.0140625
3 0.02578125 0.1796875 0.015625 0.01484375
10 0.04296875 0.1859375 0.015625 0.01796875
10 0.09453125 0.21328125 0.01875 0.0203125
10 0.1109375 0.209375 0.0171875 0.01640625
10 0.128125 0.215625 0.01796875 0.01875
10 0.15 0.2234375 0.01796875 0.01484375
3 0.15078125 0.23515625 0.01953125 0.01484375
3 0.08046875 0.20078125 0.01796875 0.015625
3 0.18984375 0.2375 0.01640625 0.015625
10 0.21171875 0.24375 0.0171875 0.01796875
10 0.2328125 0.2515625 0.02109375 0.0203125
10 0.25703125 0.26015625 0.01953125 0.01640625
3 0.27734375 0.26875 0.01875 0.015625
3 0.29921875 0.2765625 0.02109375 0.01640625
3 0.37734375 0.3515625 0.01171875 0.02890625
3 0.42265625 0.33203125 0.0125 0.0296875
10 0.47734375 0.32578125 0.0109375 0.0296875
3 0.37265625 0.41640625 0.01171875 0.03203125
3 0.44140625 0.4265625 0.0125 0.034375
3 0.34140625 0.5375 0.015625 0.034375
3 0.38046875 0.528125 0.015625 0.0390625
3 0.31328125 0.640625 0.01953125 0.0453125
10 0.4078125 0.64375 0.01640625 0.05390625
2 0.43984375 0.5609375 0.03203125 0.12890625
10 0.4375 0.265625 0.01171875 0.025
3 0.43203125 0.21484375 0.009375 0.021875
3 0.46796875 0.209375 0.01015625 0.025
10 0.490625 0.17578125 0.009375 0.028125
10 0.4359375 0.15703125 0.009375 0.01953125
10 0.48671875 0.11875 0.00703125 0.02109375
10 0.50390625 0.09296875 0.00859375 0.0234375
10 0.49609375 0.06796875 0.0078125 0.01953125
3 0.46640625 0.08515625 0.0078125 0.01640625
3 0.4578125 0.075 0.0078125 0.01484375
3 0.51328125 0.02109375 0.00703125 0.01875
6 0.18671875 0.0875 0.00234375 0.01015625
6 0.1921875 0.090625 0.003125 0.00703125
6 0.2125 0.0875 0.0015625 0.00625
6 0.203125 0.10546875 0.00234375 0.00859375
6 0.1984375 0.11953125 0.00234375 0.00859375
6 0.1859375 0.10859375 0.00234375 0.01015625
6 0.19296875 0.1078125 0.00234375 0.00859375
6 0.190625 0.109375 0.0015625 0.00703125
6 0.19140625 0.11796875 0.00234375 0.00703125
6 0.1953125 0.12578125 0.00234375 0.0109375
6 0.17578125 0.115625 0.00234375 0.00859375
6 0.18125 0.1484375 0.00234375 0.00703125
6 0.18515625 0.159375 0.0015625 0.00703125
6 0.175 0.1484375 0.00234375 0.00859375
6 0.1796875 0.15546875 0.00234375 0.00625
6 0.16875 0.13828125 0.00234375 0.00859375
6 0.15703125 0.14453125 0.00234375 0.00859375
6 0.16796875 0.15 0.00234375 0.009375
6 0.171875 0.1515625 0.00234375 0.00859375
6 0.17109375 0.14921875 0.00234375 0.00703125
6 0.16328125 0.14453125 0.003125 0.0109375
6 0.21953125 0.12109375 0.003125 0.009375
6 0.22265625 0.13359375 0.003125 0.009375
6 0.23828125 0.1265625 0.00234375 0.009375
6 0.23125 0.14375 0.00234375 0.00859375
6 0.234375 0.14296875 0.00234375 0.01015625
6 0.246875 0.14453125 0.00234375 0.009375
6 0.32421875 0.096875 0.00234375 0.01015625
6 0.29921875 0.11953125 0.0015625 0.00625
6 0.3015625 0.12109375 0.0015625 0.00625
6 0.303125 0.121875 0.0015625 0.00625
6 0.30546875 0.1234375 0.0015625 0.00703125
6 0.31796875 0.12109375 0.00234375 0.009375
6 0.32421875 0.121875 0.00234375 0.00625
6 0.30078125 0.115625 0.00234375 0.009375
6 0.30390625 0.11640625 0.0015625 0.00859375
6 0.30703125 0.1171875 0.00234375 0.01171875
6 0.33671875 0.115625 0.00234375 0.00625
6 0.3328125 0.14453125 0.0015625 0.00625
6 0.31640625 0.20625 0.00234375 0.01015625
6 0.3 0.18984375 0.0015625 0.00703125
6 0.29609375 0.19140625 0.0015625 0.00703125
6 0.2953125 0.19609375 0.0015625 0.00703125
6 0.2921875 0.20234375 0.00234375 0.01171875
6 0.28515625 0.19453125 0.00234375 0.00625
6 0.2875 0.19609375 0.0015625 0.00703125
6 0.2890625 0.18828125 0.00234375 0.00703125
6 0.2625 0.18828125 0.003125 0.009375
6 0.353125 0.10703125 0.0015625 0.00859375
6 0.29140625 0.0890625 0.00234375 0.00546875
6 0.2875 0.0890625 0.00390625 0.00546875
6 0.25859375 0.08359375 0.0015625 0.00546875
6 0.2515625 0.08203125 0.00234375 0.00625
6 0.24609375 0.08125 0.00234375 0.00625
6 0.24140625 0.08046875 0.00234375 0.00859375
6 0.23828125 0.07890625 0.003125 0.00859375
6 0.2328125 0.078125 0.00234375 0.00703125
6 0.23046875 0.07734375 0.00234375 0.00859375