0 0.63046875 0.06171875 0.028125 0.0484375
7 0.63203125 0.06640625 0.0046875 0.009375
3 0.59140625 0.103125 0.040625 0.040625
3 0.61875 0.1609375 0.0375 0.0375
3 0.65234375 0.2265625 0.046875 0.0421875
3 0.6328125 0.18359375 0.04375 0.0390625
3 0.59765625 0.125 0.0390625 0.034375
3 0.715625 0.3640625 0.034375 0.0390625
3 0.7015625 0.33671875 0.0328125 0.0328125
10 0.9890625 0.615625 0.021875 0.090625
10 0.92890625 0.67734375 0.0671875 0.128125
3 0.9734375 0.7953125 0.053125 0.103125
10 0.846875 0.76640625 0.065625 0.115625
4 0.88671875 0.78671875 0.021875 0.05
4 0.865625 0.71796875 0.025 0.0234375
4 0.875 0.73046875 0.0265625 0.0265625
4 0.9046875 0.75 0.01875 0.0421875
4 0.9109375 0.80390625 0.028125 0.034375
4 0.84453125 0.678125 0.025 0.0234375
4 0.85546875 0.68828125 0.025 0.01875
3 0.7109375 0.75625 0.0671875 0.0796875
3 0.6734375 0.66796875 0.059375 0.05625
3 0.6578125 0.6203125 0.0609375 0.0609375
3 0.64296875 0.57734375 0.0546875 0.05625
3 0.6140625 0.49921875 0.05625 0.053125
3 0.6015625 0.46171875 0.0546875 0.05
10 0.471875 0.096875 0.0390625 0.046875
4 0.3203125 0.50625 0.01875 0.0328125
7 0.32109375 0.50703125 0.0109375 0.0203125
7 0.31796875 0.49375 0.0078125 0.0109375