3 0.20625 0.771875 0.034375 0.046875
3 0.21640625 0.084375 0.0109375 0.0140625
3 0.2265625 0.1125 0.009375 0.0109375
3 0.28046875 0.24765625 0.0203125 0.025
3 0.2359375 0.2375 0.0265625 0.0234375
3 0.23359375 0.30390625 0.0234375 0.021875
3 0.240625 0.1484375 0.0109375 0.015625
3 0.25859375 0.19296875 0.0140625 0.01875
3 0.26875 0.21796875 0.0109375 0.0171875
2 0.29296875 0.2796875 0.015625 0.0203125
2 0.29921875 0.29453125 0.0171875 0.0234375
4 0.24609375 0.14140625 0.00625 0.009375
4 0.284375 0.22578125 0.009375 0.015625
7 0.24609375 0.13984375 0.0046875 0.00625
7 0.28359375 0.22265625 0.0046875 0.00625
4 0.23125 0.0828125 0.009375 0.009375
7 0.23125 0.08046875 0.0046875 0.00625
3 0.2375 0.2453125 0.0265625 0.0234375
3 0.2453125 0.2640625 0.025 0.021875
3 0.23984375 0.31484375 0.0265625 0.0234375
3 0.3078125 0.31484375 0.01875 0.0265625
3 0.275 0.36796875 0.034375 0.03125
6 0.3296875 0.33671875 0.009375 0.015625
3 0.32578125 0.51796875 0.0125 0.0203125
3 0.29609375 0.428125 0.0140625 0.021875
4 0.3578125 0.4046875 0.0078125 0.0125
7 0.35625 0.40078125 0.0046875 0.00625
3 0.40546875 0.52890625 0.021875 0.03125
3 0.384375 0.49140625 0.01875 0.025
3 0.5390625 0.76328125 0.0640625 0.090625
3 0.55078125 0.63359375 0.053125 0.08125
3 0.50078125 0.54296875 0.0375 0.05625
3 0.4703125 0.49140625 0.0359375 0.0515625
3 0.4453125 0.44765625 0.0328125 0.046875
3 0.4421875 0.35546875 0.025 0.0328125
3 0.3359375 0.19296875 0.015625 0.0203125
10 0.44140625 0.2625 0.0234375 0.0296875
3 0.403125 0.21484375 0.01875 0.021875
3 0.4171875 0.2328125 0.0171875 0.021875
3 0.39140625 0.196875 0.015625 0.0203125
10 0.33671875 0.12265625 0.0140625 0.021875
3 0.30859375 0.08828125 0.0109375 0.015625
3 0.2984375 0.07578125 0.0109375 0.0109375
3 0.28828125 0.06171875 0.0109375 0.0140625
4 0.2984375 0.0875 0.00625 0.009375
7 0.29765625 0.084375 0.0046875 0.00625
3 0.35546875 0.1109375 0.0140625 0.01875
10 0.4734375 0.2265625 0.028125 0.028125