3 0.06328125 0.19921875 0.05625 0.034375
3 0.07265625 0.23125 0.05234375 0.03515625
3 0.1359375 0.19140625 0.0484375 0.034375
3 0.13203125 0.22578125 0.05234375 0.04453125
3 0.20546875 0.2078125 0.05 0.04140625
3 0.2625 0.19609375 0.0515625 0.03984375
3 0.15390625 0.28203125 0.025 0.0640625
3 0.184375 0.284375 0.02421875 0.06015625
3 0.21796875 0.27109375 0.03046875 0.0515625
3 0.2484375 0.27265625 0.02890625 0.06015625
3 0.27734375 0.265625 0.03046875 0.05859375
3 0.30703125 0.2515625 0.028125 0.04921875
3 0.33359375 0.24453125 0.03046875 0.046875
3 0.35859375 0.23671875 0.02890625 0.046875
3 0.321875 0.1859375 0.03515625 0.040625
3 0.29140625 0.14296875 0.025 0.03203125
3 0.3578125 0.18046875 0.0359375 0.03046875
3 0.3359375 0.1453125 0.03984375 0.0390625
6 0.26640625 0.12265625 0.00859375 0.03046875
6 0.37578125 0.13203125 0.00546875 0.02109375
6 0.41171875 0.18828125 0.00859375 0.02578125
3 0.3859375 0.234375 0.03203125 0.0515625
3 0.409375 0.2328125 0.02734375 0.0453125
3 0.30625 0.1078125 0.0375 0.02890625
3 0.30390625 0.09296875 0.03125 0.01875
3 0.29375 0.08203125 0.02734375 0.01484375
3 0.2921875 0.0734375 0.0328125 0.0203125
3 0.28671875 0.059375 0.02890625 0.02109375
3 0.28046875 0.04609375 0.02421875 0.01484375
3 0.27734375 0.03828125 0.01796875 0.01875
3 0.3546875 0.103125 0.02109375 0.03046875
3 0.33984375 0.07890625 0.01328125 0.0265625
3 0.3296875 0.06171875 0.01484375 0.028125
3 0.31953125 0.046875 0.0140625 0.02578125
3 0.31015625 0.03046875 0.00859375 0.01640625
3 0.30234375 0.0140625 0.01484375 0.02578125
6 0.27890625 0.01796875 0.00859375 0.02109375
10 0.05078125 0.58125 0.08046875 0.1046875
3 0.1625 0.5453125 0.0828125 0.090625
10 0.29296875 0.49453125 0.09140625 0.0984375
3 0.42890625 0.440625 0.05234375 0.06796875
3 0.4828125 0.74296875 0.09609375 0.11640625
3 0.34140625 0.928125 0.13125 0.08828125
3 0.52109375 0.83984375 0.11015625 0.12421875
3 0.48046875 0.28984375 0.03515625 0.059375
6 0.5015625 0.34609375 0.00859375 0.03828125
6 0.5109375 0.35078125 0.00859375 0.0359375
6 0.6140625 0.31328125 0.00859375 0.0453125
3 0.5515625 0.1734375 0.03359375 0.03984375
3 0.57421875 0.16640625 0.03359375 0.03828125
3 0.5953125 0.14140625 0.03515625 0.03828125
3 0.446875 0.24453125 0.0359375 0.05078125
3 0.56640625 0.05625 0.02578125 0.021875
3 0.54453125 0.03984375 0.02109375 0.02421875
3 0.51640625 0.0234375 0.02109375 0.0234375
3 0.4953125 0.0109375 0.015625 0.01796875
6 0.70390625 0.246875 0.00859375 0.034375
6 0.71015625 0.25703125 0.00625 0.02890625
6 0.7 0.10625 0.0046875 0.01953125
6 0.70703125 0.1046875 0.00859375 0.03125
6 0.58671875 0.04921875 0.00234375 0.01484375
6 0.59375 0.0515625 0.00703125 0.021875
6 0.34765625 0.05546875 0.00234375 0.02109375