3 0.38125 0.95234375 0.0734375 0.0953125
3 0.34765625 0.86953125 0.07109375 0.13984375
10 0.6265625 0.91484375 0.04453125 0.11640625
3 0.58125 0.8484375 0.03671875 0.0984375
10 0.7234375 0.79375 0.06953125 0.10625
3 0.5 0.73671875 0.07109375 0.0796875
4 0.78359375 0.6234375 0.015625 0.0390625
4 0.8171875 0.59296875 0.02109375 0.03046875
3 0.74609375 0.60078125 0.0609375 0.06015625
6 0.68046875 0.5484375 0.01015625 0.040625
10 0.58515625 0.58203125 0.05078125 0.059375
1 0.6203125 0.5171875 0.0078125 0.02109375
8 0.61015625 0.51328125 0.01015625 0.0203125
6 0.525 0.4234375 0.00703125 0.025
10 0.49609375 0.41953125 0.02734375 0.0390625
6 0.48125 0.3875 0.00390625 0.025
6 0.475 0.38359375 0.00546875 0.02578125
6 0.4703125 0.3890625 0.00546875 0.025
6 0.46796875 0.38671875 0.00390625 0.0265625
3 0.4671875 0.37578125 0.02578125 0.0265625
9 0.4 0.38671875 0.03671875 0.05859375
3 0.3796875 0.36875 0.03359375 0.02578125
4 0.39609375 0.35390625 0.01015625 0.01875
4 0.41875 0.34375 0.009375 0.01484375
9 0.975 0.39765625 0.04921875 0.0453125
3 0.98828125 0.403125 0.02265625 0.02890625
3 0.94921875 0.3875 0.04296875 0.0234375
3 0.8984375 0.37109375 0.03515625 0.02578125
3 0.8671875 0.38203125 0.03828125 0.0265625
3 0.8609375 0.359375 0.0328125 0.02421875
3 0.8265625 0.36640625 0.03671875 0.02578125
10 0.5765625 0.26484375 0.0171875 0.01875
10 0.55859375 0.259375 0.01640625 0.01796875
3 0.54453125 0.2578125 0.01640625 0.0140625
4 0.4390625 0.8765625 0.0171875 0.053125
7 0.43984375 0.86328125 0.0171875 0.05078125
7 0.4359375 0.853125 0.01171875 0.03515625
3 0.275 0.71875 0.04609375 0.08046875
3 0.2484375 0.64921875 0.0421875 0.0796875
9 0.23203125 0.59375 0.040625 0.078125
3 0.45234375 0.67734375 0.06953125 0.05859375
3 0.43359375 0.63671875 0.06484375 0.05546875
10 0.4078125 0.59296875 0.03671875 0.05546875
3 0.371875 0.57109375 0.0265625 0.046875
10 0.35234375 0.5015625 0.059375 0.0734375
3 0.29765625 0.4484375 0.02578125 0.034375
3 0.31171875 0.41875 0.03203125 0.03046875
3 0.28203125 0.43125 0.02265625 0.03125
3 0.24375 0.44140625 0.0265625 0.0359375
9 0.2546875 0.3875 0.02109375 0.03984375
3 0.175 0.47265625 0.028125 0.046875
10 0.29453125 0.2765625 0.01484375 0.0203125
3 0.2671875 0.2484375 0.0109375 0.01171875
3 0.25 0.26640625 0.02109375 0.0140625
3 0.346875 0.3125 0.01640625 0.01953125
7 0.409375 0.3296875 0.00546875 0.01328125
4 0.31015625 0.275 0.00546875 0.0109375
6 0.2875 0.3609375 0.0046875 0.0234375
4 0.20546875 0.33046875 0.00625 0.01484375
7 0.2046875 0.3265625 0.00546875 0.01640625
3 0.1125 0.26328125 0.01171875 0.0140625
3 0.125 0.23828125 0.01015625 0.0140625
3 0.11953125 0.225 0.00859375 0.009375
3 0.1515625 0.41015625 0.02109375 0.03671875
3 0.1453125 0.3890625 0.015625 0.02109375
3 0.1421875 0.3734375 0.0171875 0.02109375
3 0.125 0.33046875 0.0171875 0.0203125
3 0.12109375 0.31875 0.01640625 0.015625
3 0.11484375 0.30703125 0.015625 0.01796875
6 0.04140625 0.3390625 0.00703125 0.021875
6 0.0375 0.33828125 0.0046875 0.01796875
10 0.09375 0.2046875 0.00703125 0.01328125
9 0.08046875 0.19375 0.00859375 0.0140625
3 0.09765625 0.2 0.00546875 0.0109375
3 0.08828125 0.1859375 0.00546875 0.009375
3 0.08671875 0.175 0.00546875 0.00703125
3 0.07578125 0.17421875 0.0078125 0.00703125
10 0.04609375 0.178125 0.00546875 0.009375