3 0.59453125 0.8796875 0.0578125 0.0421875
3 0.5984375 0.92109375 0.05625 0.0421875
3 0.578125 0.63984375 0.0421875 0.0328125
3 0.61796875 0.4546875 0.0328125 0.025
3 0.6171875 0.428125 0.0359375 0.0296875
3 0.43671875 0.37109375 0.0140625 0.0296875
10 0.43984375 0.39609375 0.0203125 0.028125
3 0.41015625 0.4046875 0.03125 0.0234375
3 0.4609375 0.4640625 0.0171875 0.034375
3 0.1296875 0.01953125 0.0125 0.0125
3 0.0609375 0.05078125 0.015625 0.015625
3 0.03203125 0.05390625 0.015625 0.0125
3 0.01796875 0.046875 0.0046875 0.0171875
10 0.0453125 0.04296875 0.015625 0.01875
3 0.03984375 0.028125 0.01875 0.0125
3 0.06953125 0.02734375 0.015625 0.0140625
3 0.08046875 0.01953125 0.0125 0.0140625
3 0.109375 0.0171875 0.0125 0.0125
3 0.1296875 0.003125 0.0125 0.00625
3 0.07890625 0.00625 0.0203125 0.0125
3 0.0875 0.00234375 0.015625 0.0046875
4 0.10078125 0.12265625 0.0046875 0.015625
4 0.146875 0.0765625 0.003125 0.009375
4 0.21015625 0.0125 0.003125 0.009375
1 0.634375 0.40078125 0.0109375 0.0109375
1 0.6171875 0.40703125 0.00625 0.015625
1 0.609375 0.40703125 0.00625 0.0140625
1 0.6 0.40625 0.0046875 0.015625
4 0.5953125 0.4046875 0.003125 0.015625
1 0.58828125 0.40078125 0.0109375 0.0140625
1 0.58359375 0.40625 0.003125 0.015625
1 0.57890625 0.40390625 0.003125 0.015625
6 0.5015625 0.90859375 0.0078125 0.03125
3 0.62890625 0.15859375 0.021875 0.015625
3 0.6265625 0.15078125 0.021875 0.0140625
3 0.66875 0.12421875 0.01875 0.015625
3 0.665625 0.11796875 0.01875 0.0140625
3 0.65625 0.0953125 0.0171875 0.015625
3 0.62578125 0.121875 0.0125 0.01875
3 0.61796875 0.1125 0.0171875 0.0125
3 0.6171875 0.10625 0.0171875 0.0125
3 0.615625 0.09453125 0.015625 0.015625
3 0.65 0.0734375 0.01875 0.015625
10 0.67265625 0.01875 0.009375 0.015625
6 0.6484375 0.12578125 0.003125 0.015625
6 0.63671875 0.1140625 0.003125 0.0140625
6 0.63359375 0.12265625 0.003125 0.015625
6 0.63125 0.11796875 0.003125 0.01875
10 0.9625 0.3921875 0.0359375 0.028125
3 0.990625 0.3875 0.01875 0.021875