3 0.7390625 0.3984375 0.053125 0.015625
3 0.90859375 0.3953125 0.0875 0.0203125
3 0.5734375 0.371875 0.046875 0.0125
3 0.46015625 0.39609375 0.028125 0.0125
3 0.92890625 0.30859375 0.0859375 0.025
3 0.84765625 0.31484375 0.075 0.021875
3 0.77109375 0.3234375 0.071875 0.021875
3 0.7015625 0.328125 0.0609375 0.01875
3 0.64609375 0.33359375 0.05 0.015625
3 0.596875 0.33828125 0.04375 0.015625
3 0.55625 0.34296875 0.0375 0.0125
3 0.5265625 0.34609375 0.0359375 0.0125
3 0.503125 0.421875 0.03125 0.009375
3 0.44140625 0.3546875 0.028125 0.009375
3 0.44921875 0.41953125 0.025 0.009375
3 0.40625 0.35703125 0.028125 0.009375
3 0.38125 0.36015625 0.021875 0.009375
3 0.35234375 0.36171875 0.01875 0.009375
3 0.33203125 0.36484375 0.01875 0.00625
3 0.31640625 0.365625 0.015625 0.00625
3 0.29296875 0.36875 0.01875 0.00625
3 0.2828125 0.36875 0.0125 0.00625
3 0.271875 0.36953125 0.0125 0.00625
3 0.2609375 0.37109375 0.0125 0.00625
3 0.25078125 0.371875 0.009375 0.0046875
3 0.2390625 0.37265625 0.0109375 0.00625
3 0.22890625 0.3734375 0.009375 0.00625
3 0.209375 0.37578125 0.009375 0.00625
6 0.503125 0.2828125 0.015625 0.003125
6 0.85625 0.34375 0.0375 0.0078125
6 0.66484375 0.35 0.034375 0.00625
6 0.4921875 0.3375 0.015625 0.003125
6 0.44921875 0.325 0.015625 0.003125
3 0.46171875 0.35234375 0.03125 0.0109375
6 0.38203125 0.32890625 0.0140625 0.003125
6 0.3796875 0.321875 0.0125 0.003125
6 0.3765625 0.3171875 0.0109375 0.003125
6 0.29375 0.33203125 0.009375 0.003125
6 0.25546875 0.34921875 0.009375 0.003125
3 0.29296875 0.3515625 0.0203125 0.009375
9 0.1890625 0.35546875 0.009375 0.003125
6 0.12421875 0.359375 0.00625 0.0015625
3 0.040625 0.3953125 0.00625 0.003125
3 0.08125 0.4 0.0046875 0.003125
3 0.075 0.39453125 0.003125 0.003125
3 0.0796875 0.39375 0.003125 0.003125
3 0.08359375 0.39375 0.003125 0.003125
3 0.0875 0.39375 0.0046875 0.003125
3 0.08671875 0.3984375 0.003125 0.003125
3 0.0921875 0.3984375 0.0046875 0.003125
3 0.0984375 0.38984375 0.00625 0.003125
3 0.12265625 0.40078125 0.0046875 0.003125
3 0.12578125 0.396875 0.00625 0.003125
3 0.1171875 0.39921875 0.0046875 0.003125
3 0.11171875 0.39921875 0.00625 0.003125
3 0.10859375 0.39921875 0.0046875 0.003125
3 0.1046875 0.39921875 0.003125 0.003125
3 0.09921875 0.3984375 0.003125 0.003125
3 0.12890625 0.37734375 0.00625 0.00625
3 0.13125 0.38828125 0.00625 0.00625
6 0.1421875 0.39765625 0.0046875 0.003125
3 0.11328125 0.38671875 0.00625 0.003125
3 0.10390625 0.38984375 0.0046875 0.003125
3 0.1390625 0.36796875 0.0046875 0.00625
3 0.14375 0.36796875 0.00625 0.00625
3 0.1484375 0.3671875 0.00625 0.00625
3 0.15234375 0.3671875 0.0046875 0.00625
3 0.15625 0.3703125 0.0046875 0.0046875
3 0.1625 0.3703125 0.00625 0.00625
3 0.1484375 0.37890625 0.003125 0.003125
3 0.15390625 0.37890625 0.003125 0.003125
3 0.15703125 0.37890625 0.0046875 0.003125
3 0.16171875 0.3796875 0.00625 0.00625
3 0.16953125 0.37890625 0.00625 0.003125
3 0.1765625 0.37890625 0.00625 0.003125
3 0.18203125 0.378125 0.00625 0.0046875
3 0.1875 0.378125 0.00625 0.0046875
3 0.19296875 0.37734375 0.00625 0.003125
3 0.2 0.37734375 0.009375 0.003125
3 0.19609375 0.36328125 0.009375 0.00625
3 0.2171875 0.37578125 0.009375 0.00625
3 0.2390625 0.390625 0.0125 0.00625
3 0.26796875 0.3890625 0.015625 0.00625
3 0.17890625 0.3703125 0.009375 0.00625
0 0.22734375 0.34453125 0.009375 0.00625
3 0.465625 0.37734375 0.040625 0.0125
4 0.34140625 0.403125 0.0109375 0.003125
3 0.29375 0.3984375 0.0140625 0.00625
4 0.27734375 0.40625 0.0125 0.003125
3 0.05703125 0.41328125 0.003125 0.00625
3 0.0640625 0.41796875 0.003125 0.003125
3 0.06328125 0.42109375 0.003125 0.003125
3 0.06796875 0.425 0.003125 0.0015625
3 0.0546875 0.42421875 0.003125 0.003125
3 0.059375 0.42421875 0.003125 0.003125
3 0.065625 0.4125 0.003125 0.00625
3 0.08359375 0.42421875 0.003125 0.003125
3 0.12421875 0.4234375 0.0046875 0.00625
3 0.12890625 0.43046875 0.00625 0.00625
3 0.12109375 0.42265625 0.00625 0.00625
3 0.1234375 0.43046875 0.003125 0.00625
3 0.13046875 0.43828125 0.00625 0.00625
6 0.15859375 0.43203125 0.00625 0.003125
6 0.19140625 0.44140625 0.00625 0.003125
6 0.17578125 0.440625 0.00625 0.0015625
6 0.215625 0.4375 0.00625 0.003125
6 0.22890625 0.434375 0.00625 0.0015625
6 0.2296875 0.43203125 0.00625 0.003125
6 0.234375 0.4375 0.00625 0.0015625
6 0.27421875 0.43984375 0.00625 0.003125
4 0.29609375 0.43984375 0.009375 0.003125
4 0.3125 0.440625 0.009375 0.003125
6 0.26953125 0.44375 0.0109375 0.003125
3 0.04296875 0.4203125 0.00625 0.00625
3 0.1796875 0.42109375 0.009375 0.003125
3 0.19609375 0.42265625 0.00625 0.00625
3 0.171875 0.4078125 0.009375 0.00625
3 0.17890625 0.4078125 0.009375 0.00625
3 0.1875 0.4078125 0.00625 0.00625
3 0.203125 0.40859375 0.009375 0.00625
3 0.2109375 0.40859375 0.00625 0.00625
3 0.2171875 0.409375 0.009375 0.00625
3 0.22578125 0.409375 0.009375 0.00625
3 0.23359375 0.409375 0.009375 0.00625
3 0.2421875 0.41015625 0.009375 0.00625
3 0.2609375 0.41171875 0.0125 0.00625
3 0.27109375 0.41171875 0.0109375 0.00625
3 0.2953125 0.4125 0.009375 0.00625
3 0.30703125 0.41328125 0.015625 0.00625
0 0.1984375 0.440625 0.00625 0.0046875
4 0.23046875 0.4453125 0.009375 0.003125
3 0.25625 0.4296875 0.0109375 0.00625
3 0.2984375 0.4296875 0.0109375 0.00625
3 0.28359375 0.4296875 0.0109375 0.00625
3 0.3484375 0.41640625 0.021875 0.009375
3 0.3484375 0.4265625 0.01875 0.00625
9 0.34140625 0.43828125 0.0234375 0.009375
3 0.36015625 0.43984375 0.0125 0.015625
3 0.38046875 0.4421875 0.01875 0.021875
3 0.40390625 0.41640625 0.021875 0.0125
3 0.4265625 0.41796875 0.021875 0.0125
3 0.53359375 0.42265625 0.028125 0.009375
3 0.553125 0.43984375 0.0703125 0.015625
3 0.65546875 0.43125 0.0546875 0.0203125
3 0.7109375 0.43125 0.08125 0.0203125
3 0.7953125 0.4359375 0.075 0.021875
3 0.88671875 0.4375 0.103125 0.021875
4 0.671875 0.478125 0.021875 0.00625
3 0.346875 0.4609375 0.0203125 0.009375
3 0.34609375 0.45078125 0.0234375 0.009375
3 0.321875 0.45234375 0.015625 0.01875
3 0.365625 0.490625 0.021875 0.025
0 0.321875 0.4921875 0.0125 0.0125
6 0.30859375 0.4625 0.009375 0.0015625
6 0.25859375 0.45234375 0.003125 0.0015625
4 0.27421875 0.4515625 0.0109375 0.009375
4 0.23359375 0.45 0.00625 0.00625
3 0.090625 0.465625 0.00625 0.003125
3 0.0890625 0.4609375 0.00625 0.003125
3 0.1125 0.53046875 0.00625 0.003125
3 0.32890625 0.50703125 0.009375 0.00625
7 0.27421875 0.40625 0.00625 0.0015625
7 0.33984375 0.403125 0.00625 0.003125
7 0.29375 0.43984375 0.0046875 0.003125
7 0.3109375 0.44140625 0.0046875 0.003125
7 0.228125 0.4453125 0.00625 0.003125
7 0.66875 0.47890625 0.0125 0.0046875