3 0.7328125 0.8625 0.2453125 0.2484375
3 0.80078125 0.67578125 0.2109375 0.20625
3 0.8515625 0.54140625 0.1828125 0.1828125
3 0.95546875 0.340625 0.0890625 0.115625
3 0.45546875 0.71875 0.2078125 0.328125
3 0.46015625 0.54296875 0.1625 0.23125
3 0.521875 0.36875 0.1296875 0.1484375
3 0.41484375 0.35859375 0.14375 0.159375
3 0.52265625 0.25703125 0.1140625 0.121875
10 0.628125 0.3625 0.13125 0.1828125
10 0.640625 0.46875 0.1484375 0.2171875
3 0.75390625 0.3578125 0.1234375 0.1359375
3 0.72421875 0.2609375 0.0921875 0.1359375
3 0.80546875 0.24375 0.08125 0.115625
3 0.85546875 0.16484375 0.05625 0.0828125
7 0.865625 0.2953125 0.0234375 0.040625
1 0.86328125 0.30703125 0.0296875 0.0515625
3 0.78515625 0.18984375 0.0796875 0.1046875
3 0.8203125 0.1390625 0.0609375 0.078125
3 0.92109375 0.1921875 0.0625 0.0875
3 0.97265625 0.21015625 0.0546875 0.0953125
3 0.97890625 0.175 0.0421875 0.084375
3 0.95078125 0.140625 0.0578125 0.0765625
3 0.9015625 0.11171875 0.053125 0.0671875
3 0.86640625 0.09765625 0.0515625 0.059375
2 0.68203125 0.184375 0.221875 0.290625
3 0.5984375 0.18359375 0.0703125 0.09375
3 0.678125 0.1234375 0.0640625 0.06875
3 0.7359375 0.075 0.059375 0.0640625
6 0.78359375 0.0734375 0.01875 0.0421875
9 0.67890625 0.059375 0.0625 0.0578125
3 0.590625 0.12265625 0.09375 0.0734375
3 0.54609375 0.14453125 0.103125 0.0828125
3 0.50703125 0.17890625 0.1140625 0.096875
10 0.428125 0.2125 0.1171875 0.1140625
6 0.35859375 0.221875 0.0421875 0.0796875
6 0.3515625 0.2796875 0.0390625 0.071875