3 0.06640625 0.3921875 0.01953125 0.046875
3 0.10078125 0.4359375 0.02109375 0.053125
3 0.125 0.42890625 0.0203125 0.03984375
3 0.14453125 0.41953125 0.02265625 0.0484375
3 0.01875 0.45703125 0.02421875 0.04921875
3 0.27734375 0.34375 0.02578125 0.05
3 0.153125 0.6984375 0.05078125 0.04296875
3 0.209375 0.68359375 0.04765625 0.0390625
3 0.5296875 0.61328125 0.03828125 0.08671875
3 0.5984375 0.2484375 0.02578125 0.04375
3 0.6390625 0.1265625 0.02265625 0.0359375
3 0.69609375 0.16875 0.025 0.03671875
3 0.63046875 0.63046875 0.02734375 0.071875
3 0.66015625 0.425 0.025 0.0515625
10 0.66640625 0.69921875 0.03046875 0.059375
3 0.0171875 0.30625 0.0296875 0.04296875
9 0.34375 0.58828125 0.06796875 0.12109375
6 0.5265625 0.14296875 0.00703125 0.0234375
6 0.68828125 0.55546875 0.01015625 0.021875
6 0.696875 0.56171875 0.01171875 0.028125
3 0.11171875 0.2828125 0.03125 0.03046875
3 0.11796875 0.29609375 0.021875 0.03828125
3 0.15625 0.32890625 0.01640625 0.03515625
3 0.1734375 0.34609375 0.0171875 0.03203125