3 0.48828125 0.415625 0.0703125 0.059375
3 0.35078125 0.32890625 0.059375 0.0515625
3 0.7453125 0.346875 0.0484375 0.046875
3 0.96796875 0.30859375 0.0453125 0.040625
2 0.81875 0.2546875 0.0671875 0.059375
10 0.75546875 0.528125 0.05 0.05
3 0.4734375 0.54765625 0.053125 0.0484375
3 0.58203125 0.52109375 0.04375 0.046875
10 0.525 0.5328125 0.0546875 0.0546875
9 0.646875 0.49453125 0.0734375 0.0796875
10 0.37265625 0.49296875 0.059375 0.0515625
3 0.97890625 0.25859375 0.0421875 0.0515625
2 0.71640625 0.234375 0.05 0.0453125
10 0.46484375 0.1453125 0.0203125 0.0375
3 0.44765625 0.15 0.0171875 0.0328125
9 0.346875 0.1765625 0.0515625 0.053125
9 0.3546875 0.14296875 0.046875 0.0453125
9 0.3578125 0.128125 0.05 0.04375
9 0.3671875 0.0890625 0.0421875 0.046875
3 0.3921875 0.1890625 0.0421875 0.0375
3 0.3921875 0.1734375 0.0375 0.028125
3 0.39765625 0.15078125 0.03125 0.028125
10 0.3984375 0.13671875 0.0390625 0.034375
3 0.40390625 0.13046875 0.03125 0.0234375
3 0.40390625 0.11875 0.03125 0.0203125
3 0.40625 0.0984375 0.03125 0.0265625
10 0.4078125 0.0859375 0.034375 0.03125
3 0.459375 0.084375 0.0171875 0.028125
3 0.48203125 0.1015625 0.01875 0.0328125
3 0.4734375 0.08046875 0.0109375 0.025
10 0.484375 0.0734375 0.0171875 0.028125
3 0.49609375 0.07734375 0.0140625 0.025
3 0.5078125 0.09453125 0.021875 0.0390625
3 0.52109375 0.09453125 0.021875 0.0375
3 0.5953125 0.03359375 0.025 0.0234375
3 0.57109375 0.03359375 0.0296875 0.0296875
3 0.5296875 0.0140625 0.0265625 0.0203125
3 0.528125 0.0375 0.025 0.025
3 0.5296875 0.18125 0.028125 0.028125
3 0.53203125 0.1671875 0.03125 0.0296875
3 0.534375 0.153125 0.03125 0.03125
3 0.53359375 0.14140625 0.03125 0.0296875
3 0.5359375 0.12734375 0.0265625 0.025
3 0.5359375 0.11484375 0.0328125 0.03125
3 0.53125 0.1953125 0.03125 0.0359375
3 0.53515625 0.09375 0.0171875 0.03125
3 0.54765625 0.090625 0.0203125 0.0265625
3 0.5578125 0.0703125 0.0171875 0.0265625
3 0.5703125 0.06875 0.0171875 0.028125
3 0.5875 0.08203125 0.01875 0.03125
3 0.56015625 0.18984375 0.0265625 0.03125
10 0.559375 0.15390625 0.0203125 0.021875
10 0.5109375 0.071875 0.0125 0.021875
10 0.521875 0.07421875 0.015625 0.0234375
10 0.53515625 0.0703125 0.015625 0.021875
3 0.42578125 0.04921875 0.028125 0.0265625
10 0.45234375 0.04453125 0.03125 0.025
10 0.50078125 0.03828125 0.0296875 0.0296875
10 0.4984375 0.02890625 0.0296875 0.0296875
10 0.5015625 0.0109375 0.028125 0.021875
3 0.45625 0.0359375 0.0328125 0.0234375
3 0.45625 0.01953125 0.025 0.021875
3 0.428125 0.03671875 0.025 0.021875
3 0.42890625 0.02265625 0.028125 0.028125
3 0.43203125 0.0078125 0.0265625 0.015625
3 0.459375 0.00625 0.025 0.0125
3 0.36875 0.05546875 0.025 0.025
3 0.3734375 0.04296875 0.028125 0.028125
3 0.38203125 0.01875 0.028125 0.0265625
3 0.3640625 0.00625 0.01875 0.0125
6 0.54453125 0.6171875 0.015625 0.0234375
6 0.36328125 0.63984375 0.01875 0.0359375
6 0.91953125 0.52265625 0.0125 0.0171875
6 0.95078125 0.57890625 0.015625 0.0234375
6 0.98046875 0.49609375 0.015625 0.0203125
6 0.51875 0.49375 0.009375 0.0171875
6 0.759375 0.54453125 0.0140625 0.0265625
3 0.70234375 0.48671875 0.046875 0.05
3 0.43359375 0.228125 0.025 0.0421875
3 0.55859375 0.17421875 0.0265625 0.028125
3 0.5953125 0.0171875 0.0265625 0.0203125
3 0.38125 0.015625 0.025 0.0234375
6 0.25859375 0.6046875 0.0140625 0.0265625