1 0.85 0.06328125 0.01875 0.0265625
3 0.91171875 0.28125 0.0375 0.0484375
3 0.98046875 0.26171875 0.0390625 0.0609375
6 0.728125 0.3578125 0.0078125 0.025
6 0.70078125 0.3765625 0.009375 0.025
6 0.7046875 0.36640625 0.009375 0.025
3 0.16640625 0.28984375 0.0296875 0.0375
3 0.19140625 0.2796875 0.0328125 0.04375
3 0.1875 0.22890625 0.034375 0.046875
3 0.25390625 0.23671875 0.0484375 0.040625
2 0.253125 0.1859375 0.059375 0.05625
7 0.23671875 0.17421875 0.009375 0.021875
3 0.13046875 0.62421875 0.0234375 0.01875
3 0.13828125 0.63125 0.021875 0.01875
2 0.41953125 0.59765625 0.06875 0.0515625
3 0.55 0.540625 0.015625 0.028125
3 0.53984375 0.56171875 0.015625 0.0265625
3 0.5421875 0.5875 0.0171875 0.03125
6 0.50625 0.65078125 0.0046875 0.015625
3 0.50703125 0.66328125 0.021875 0.01875
3 0.55546875 0.61796875 0.025 0.025
6 0.5640625 0.64453125 0.0046875 0.015625
6 0.5953125 0.58671875 0.00625 0.01875
6 0.590625 0.57734375 0.0078125 0.01875
3 0.5765625 0.58515625 0.0234375 0.01875
10 0.5734375 0.56640625 0.0125 0.0265625
4 0.53125 0.50625 0.00625 0.021875
7 0.53125 0.50859375 0.0046875 0.015625
1 0.36015625 0.28515625 0.00625 0.01875
1 0.34609375 0.2609375 0.0078125 0.01875
1 0.40078125 0.28984375 0.00625 0.021875
1 0.37578125 0.26328125 0.009375 0.021875
1 0.365625 0.253125 0.0171875 0.0171875
6 0.36640625 0.25546875 0.009375 0.0265625
4 0.3921875 0.22578125 0.0171875 0.0171875
7 0.390625 0.23125 0.009375 0.0203125
6 0.46171875 0.19765625 0.0078125 0.025
1 0.40390625 0.25 0.0140625 0.021875
7 0.40546875 0.25390625 0.009375 0.025
1 0.40078125 0.2640625 0.009375 0.021875
4 0.459375 0.25234375 0.015625 0.021875
7 0.45859375 0.2578125 0.009375 0.0203125
4 0.4828125 0.27578125 0.0125 0.0203125
7 0.48203125 0.28046875 0.00625 0.0203125
2 0.4765625 0.32421875 0.0234375 0.0609375
2 0.52109375 0.32578125 0.0234375 0.0609375
4 0.5515625 0.33984375 0.00625 0.021875
6 0.5 0.34453125 0.0078125 0.021875
4 0.503125 0.34296875 0.00625 0.0203125
7 0.48828125 0.375 0.0078125 0.01875
1 0.4890625 0.3703125 0.0046875 0.015625
6 0.46484375 0.65390625 0.0046875 0.015625
6 0.46015625 0.64609375 0.0046875 0.0125
4 0.465625 0.5734375 0.009375 0.0140625
7 0.465625 0.57734375 0.0046875 0.015625
4 0.47265625 0.58046875 0.0109375 0.0109375
7 0.47265625 0.58359375 0.0046875 0.0140625
3 0.59765625 0.63828125 0.028125 0.025
3 0.6515625 0.64453125 0.0234375 0.021875
3 0.83515625 0.71640625 0.025 0.021875
3 0.7484375 0.65546875 0.0265625 0.01875
3 0.75234375 0.678125 0.0234375 0.0171875
3 0.75546875 0.67109375 0.0203125 0.015625
3 0.7296875 0.659375 0.0234375 0.01875
3 0.71015625 0.6734375 0.021875 0.021875
3 0.71953125 0.66640625 0.025 0.021875
3 0.70703125 0.6484375 0.025 0.021875
3 0.69921875 0.65625 0.025 0.021875
3 0.6890625 0.6625 0.0265625 0.01875
3 0.68203125 0.6703125 0.0234375 0.01875
3 0.66875 0.65390625 0.025 0.021875
3 0.6515625 0.6609375 0.025 0.021875
3 0.62578125 0.65703125 0.025 0.021875
9 0.63359375 0.6546875 0.0296875 0.028125
2 0.634375 0.66953125 0.0640625 0.0453125
9 0.575 0.40078125 0.03125 0.075