10 0.9578125 0.3390625 0.05625 0.0984375
2 0.8625 0.0984375 0.1 0.1078125
3 0.7875 0.0671875 0.05 0.0703125
3 0.7796875 0.02109375 0.040625 0.0421875
3 0.70078125 0.15390625 0.0609375 0.0578125
10 0.65078125 0.17265625 0.0609375 0.059375
3 0.5953125 0.19140625 0.0640625 0.0609375
3 0.54296875 0.20703125 0.059375 0.053125
9 0.46484375 0.21875 0.0828125 0.0859375
7 0.5375 0.32421875 0.0109375 0.0203125
3 0.409375 0.2546875 0.05 0.05
9 0.35546875 0.26015625 0.0703125 0.0703125
3 0.20625 0.25234375 0.046875 0.0703125
3 0.290625 0.2578125 0.0453125 0.059375
10 0.275 0.16796875 0.046875 0.0765625
3 0.26875 0.08046875 0.046875 0.071875