3 0.02578125 0.0109375 0.01796875 0.02109375
3 0.07109375 0.028125 0.01640625 0.0203125
3 0.08046875 0.01875 0.01796875 0.021875
3 0.0859375 0.00859375 0.01796875 0.01640625
2 0.10078125 0.059375 0.04140625 0.075
6 0.234375 0.5984375 0.00625 0.00625
6 0.2265625 0.70625 0.00546875 0.01015625
6 0.20546875 0.69375 0.00390625 0.00859375
6 0.24765625 0.64296875 0.00390625 0.00859375
6 0.24921875 0.61328125 0.00546875 0.0109375
3 0.1703125 0.1484375 0.01640625 0.03046875
3 0.19140625 0.103125 0.015625 0.03046875
10 0.21796875 0.13359375 0.01640625 0.0296875
10 0.265625 0.17109375 0.0171875 0.03046875
3 0.2765625 0.21875 0.01328125 0.028125
3 0.2625 0.25234375 0.015625 0.03046875
3 0.2046875 0.16640625 0.0171875 0.02890625
3 0.25546875 0.20078125 0.015625 0.025
3 0.24375 0.19375 0.015625 0.028125
3 0.23515625 0.1859375 0.01640625 0.02890625
3 0.2140625 0.175 0.0171875 0.03125
3 0.2234375 0.18125 0.01796875 0.03046875
3 0.22734375 0.14296875 0.0171875 0.02890625
3 0.2375 0.15 0.015625 0.028125
3 0.24609375 0.15625 0.0140625 0.025
3 0.25703125 0.16171875 0.01484375 0.0265625
3 0.278125 0.18046875 0.01328125 0.028125
6 0.40625 0.02109375 0.003125 0.00859375
6 0.40390625 0.02421875 0.00234375 0.009375
2 0.41015625 0.05625 0.0265625 0.034375
10 0.4171875 0.0875 0.01953125 0.025
3 0.4046875 0.12578125 0.0140625 0.03125
10 0.3171875 0.2515625 0.01640625 0.034375
10 0.3296875 0.21796875 0.015625 0.03203125
3 0.2953125 0.240625 0.0140625 0.02890625
3 0.30625 0.24609375 0.01484375 0.03046875
3 0.28828125 0.18671875 0.01484375 0.03046875
3 0.29765625 0.1953125 0.01328125 0.02578125
3 0.30546875 0.20703125 0.015625 0.03125
3 0.31875 0.21171875 0.015625 0.028125
3 0.26875 0.30859375 0.0140625 0.03046875
3 0.2921875 0.31953125 0.0171875 0.03046875
10 0.28203125 0.275 0.0140625 0.0296875
10 0.271875 0.2640625 0.015625 0.03203125
3 0.29453125 0.27578125 0.01484375 0.02890625
10 0.3578125 0.371875 0.01875 0.04140625
3 0.3609375 0.334375 0.01875 0.02578125
3 0.36796875 0.3203125 0.01484375 0.0203125
3 0.36953125 0.3015625 0.01796875 0.0234375
3 0.37265625 0.28046875 0.01875 0.02109375
3 0.3796875 0.26796875 0.02109375 0.02578125
3 0.390625 0.25 0.01796875 0.021875
3 0.371875 0.38046875 0.01640625 0.03671875
3 0.384375 0.38515625 0.015625 0.03671875
3 0.39609375 0.39375 0.01484375 0.03046875
3 0.4078125 0.403125 0.01640625 0.034375
3 0.4171875 0.4171875 0.01640625 0.0359375
4 0.490625 0.540625 0.01171875 0.015625
4 0.4890625 0.55078125 0.01171875 0.01640625
4 0.4859375 0.5609375 0.0109375 0.01484375
4 0.49140625 0.51171875 0.01171875 0.01484375
10 0.46875 0.49296875 0.02578125 0.03359375
3 0.459375 0.44921875 0.0171875 0.03984375
3 0.4421875 0.44140625 0.01484375 0.03671875
3 0.43125 0.42265625 0.01328125 0.03828125
4 0.47109375 0.57421875 0.00546875 0.01875
4 0.45625 0.08046875 0.009375 0.01328125
7 0.4578125 0.08046875 0.003125 0.00703125
7 0.45625 0.07890625 0.00390625 0.01015625
2 0.58203125 0.1625 0.05390625 0.05625
9 0.65625 0.2140625 0.03671875 0.0515625
9 0.69765625 0.3109375 0.02578125 0.06796875
3 0.69765625 0.37890625 0.01328125 0.040625
3 0.69375 0.42890625 0.0171875 0.0453125
3 0.675 0.55390625 0.01640625 0.040625
10 0.665625 0.60859375 0.0171875 0.04453125
2 0.65546875 0.6828125 0.03515625 0.09140625