3 0.53984375 0.25625 0.05625 0.0640625
3 0.41796875 0.26875 0.0375 0.0265625
3 0.415625 0.30390625 0.0359375 0.028125
3 0.39453125 0.29375 0.028125 0.0234375
3 0.375 0.28515625 0.025 0.01875
3 0.3578125 0.278125 0.0234375 0.015625
3 0.38203125 0.39765625 0.0390625 0.0328125
10 0.39375 0.41953125 0.0484375 0.0359375
3 0.428125 0.44921875 0.046875 0.0390625
3 0.72265625 0.39296875 0.1109375 0.0796875
10 0.8359375 0.43046875 0.1734375 0.103125
3 0.95234375 0.4734375 0.0953125 0.09375
3 0.57109375 0.57734375 0.0890625 0.075