4 0.92265625 0.83125 0.0171875 0.015625
6 0.9421875 0.859375 0.0125 0.03125
4 0.86328125 0.9328125 0.0203125 0.0515625
4 0.83046875 0.9375 0.0171875 0.0515625
6 0.93125 0.94921875 0.0125 0.028125
7 0.865625 0.92734375 0.0109375 0.03125
7 0.83125 0.93359375 0.009375 0.0265625
7 0.85859375 0.92265625 0.009375 0.0296875
7 0.8265625 0.9296875 0.009375 0.034375
4 0.590625 0.184375 0.009375 0.0109375
4 0.58046875 0.2109375 0.009375 0.0140625
3 0.63046875 0.69765625 0.0359375 0.0875
3 0.66328125 0.803125 0.0421875 0.1
3 0.69921875 0.91796875 0.0484375 0.103125
3 0.53046875 0.6078125 0.0328125 0.096875
3 0.5078125 0.30703125 0.0171875 0.03125
3 0.4765625 0.203125 0.0125 0.025
3 0.46640625 0.175 0.0125 0.021875
6 0.5421875 0.20546875 0.003125 0.015625
3 0.45703125 0.11875 0.009375 0.0203125
3 0.44453125 0.10390625 0.009375 0.015625
9 0.41875 0.05859375 0.0078125 0.01875
3 0.34609375 0.1296875 0.0125 0.0125