6 0.2734375 0.5765625 0.015625 0.0328125
6 0.21171875 0.45 0.0078125 0.015625
6 0.18125 0.44296875 0.0171875 0.040625
6 0.33046875 0.521875 0.0171875 0.025
6 0.32578125 0.4515625 0.0140625 0.0265625
6 0.3421875 0.353125 0.015625 0.0328125
6 0.328125 0.35859375 0.0125 0.0203125
6 0.3359375 0.315625 0.0140625 0.028125
6 0.35703125 0.2890625 0.0109375 0.0265625
6 0.43359375 0.1140625 0.0125 0.028125
6 0.42890625 0.10234375 0.0140625 0.0265625
6 0.3265625 0.0609375 0.0109375 0.025
6 0.328125 0.04375 0.0125 0.028125
6 0.359375 0.0515625 0.009375 0.0171875
6 0.35546875 0.0265625 0.0109375 0.015625
6 0.34765625 0.028125 0.0078125 0.0140625
6 0.33984375 0.03203125 0.0078125 0.015625
6 0.334375 0.028125 0.0046875 0.0078125
6 0.19375 0.065625 0.0078125 0.015625
6 0.27109375 0.04296875 0.0078125 0.0125
6 0.2953125 0.0359375 0.0078125 0.0078125
6 0.1234375 0.1265625 0.015625 0.0328125
3 0.09375 0.7578125 0.1046875 0.1359375
3 0.03671875 0.66796875 0.040625 0.0859375