3 0.96796875 0.6 0.0640625 0.090625
9 0.85703125 0.21796875 0.065625 0.0921875
3 0.77265625 0.16171875 0.0265625 0.03125
3 0.69296875 0.1859375 0.021875 0.034375
3 0.72109375 0.07578125 0.01875 0.021875
3 0.64140625 0.05859375 0.0125 0.0203125
10 0.65546875 0.05078125 0.0171875 0.0265625
10 0.62421875 0.05390625 0.0140625 0.0265625
3 0.63359375 0.01953125 0.0125 0.0203125
3 0.6578125 0.021875 0.0125 0.015625
10 0.67890625 0.028125 0.015625 0.0171875
6 0.6484375 0.45 0.009375 0.0203125
6 0.69296875 0.33828125 0.009375 0.0203125
6 0.6953125 0.33359375 0.00625 0.01875
6 0.5015625 0.4875 0.0109375 0.025
6 0.5328125 0.31875 0.009375 0.0171875
6 0.52421875 0.30546875 0.0078125 0.01875
6 0.5203125 0.3171875 0.0078125 0.01875
6 0.51484375 0.3125 0.00625 0.01875
6 0.50703125 0.30703125 0.0078125 0.021875
6 0.5109375 0.33125 0.00625 0.01875
6 0.50625 0.33203125 0.00625 0.01875
6 0.55 0.240625 0.00625 0.015625
6 0.559375 0.240625 0.0046875 0.0125
6 0.56328125 0.240625 0.0046875 0.0125
2 0.63671875 0.67890625 0.0484375 0.059375
9 0.60546875 0.36015625 0.0296875 0.0625
9 0.59765625 0.2828125 0.025 0.05625
9 0.5859375 0.41953125 0.0578125 0.1296875
3 0.60078125 0.32421875 0.0171875 0.025
2 0.57890625 0.2640625 0.0296875 0.059375
9 0.5390625 0.12734375 0.0203125 0.0359375
9 0.53828125 0.04765625 0.0140625 0.0296875
3 0.559375 0.06484375 0.0078125 0.0125
3 0.5546875 0.059375 0.0078125 0.0140625
10 0.54609375 0.04140625 0.0109375 0.0234375
10 0.5484375 0.0484375 0.0078125 0.0140625
9 0.54609375 0.01328125 0.009375 0.0203125
9 0.54296875 0.0265625 0.0109375 0.0171875
3 0.534375 0.02734375 0.0046875 0.0109375
3 0.5203125 0.02890625 0.0078125 0.0109375
3 0.521875 0.02109375 0.00625 0.0109375
6 0.95078125 0.2328125 0.009375 0.0203125
6 0.953125 0.2296875 0.00625 0.015625
6 0.828125 0.12734375 0.0046875 0.0125
6 0.83046875 0.12421875 0.0046875 0.0125
6 0.8328125 0.12109375 0.0046875 0.0109375
6 0.82109375 0.10703125 0.0046875 0.0109375
6 0.81875 0.10625 0.0046875 0.0125
6 0.81640625 0.10546875 0.0046875 0.0109375
6 0.79296875 0.08828125 0.0046875 0.0125
6 0.78046875 0.08046875 0.0046875 0.0125
6 0.896875 0.1796875 0.00625 0.0140625
6 0.74609375 0.05078125 0.0046875 0.009375
6 0.759375 0.05625 0.0046875 0.009375
6 0.6953125 0.009375 0.0046875 0.009375
6 0.70625 0.0203125 0.0046875 0.009375
10 0.4296875 0.28046875 0.034375 0.0578125
3 0.40625 0.35078125 0.025 0.0390625