10 0.01015625 0.29609375 0.009375 0.02109375
3 0.08828125 0.34140625 0.01875 0.0140625
3 0.0984375 0.321875 0.01328125 0.0109375
3 0.25 0.34140625 0.01484375 0.0140625
6 0.2125 0.33046875 0.0015625 0.00625
6 0.20859375 0.33046875 0.0015625 0.00625
6 0.2640625 0.33203125 0.00078125 0.00859375
6 0.25625 0.3328125 0.0015625 0.00625
6 0.1328125 0.34375 0.00234375 0.00546875
2 0.09140625 0.30546875 0.03203125 0.02421875
3 0.21015625 0.434375 0.00859375 0.02421875
6 0.228125 0.434375 0.00390625 0.015625
6 0.30078125 0.36484375 0.0015625 0.00703125
6 0.29296875 0.90703125 0.00234375 0.00859375
3 0.37734375 0.696875 0.00703125 0.03515625
3 0.35 0.49609375 0.00859375 0.03125
3 0.38359375 0.49140625 0.00625 0.025
3 0.371875 0.525 0.00703125 0.028125
3 0.36796875 0.31953125 0.00625 0.02578125
3 0.39609375 0.0984375 0.00390625 0.0140625
3 0.36953125 0.140625 0.00625 0.01953125
3 0.39765625 0.01171875 0.00546875 0.01015625
6 0.45859375 0.021875 0.00078125 0.00546875
3 0.446875 0.05625 0.00859375 0.01015625
6 0.465625 0.13828125 0.00234375 0.0109375
3 0.471875 0.16328125 0.0109375 0.01015625
6 0.4609375 0.196875 0.00234375 0.009375
3 0.47265625 0.2078125 0.01171875 0.015625
3 0.47421875 0.23671875 0.0125 0.0140625
3 0.4765625 0.26171875 0.01171875 0.01328125
3 0.48046875 0.290625 0.01171875 0.01171875
3 0.4796875 0.303125 0.01171875 0.01171875
6 0.47578125 0.32578125 0.00234375 0.01171875
3 0.45859375 0.6953125 0.02421875 0.021875
3 0.45625 0.621875 0.01953125 0.015625
6 0.515625 0.57734375 0.0078125 0.0234375
6 0.50234375 0.36796875 0.003125 0.00703125
3 0.50234375 0.47109375 0.01484375 0.01640625
9 0.54296875 0.47109375 0.01328125 0.01796875
6 0.54453125 0.45 0.00234375 0.00703125
6 0.55 0.44375 0.00234375 0.01015625
6 0.56015625 0.44375 0.00234375 0.01015625
6 0.55703125 0.44375 0.0015625 0.00625