2 0.8609375 0.6734375 0.0171875 0.0140625
3 0.85078125 0.6671875 0.00625 0.00625
3 0.84765625 0.6625 0.00625 0.00625
3 0.84375 0.65859375 0.00625 0.00625
3 0.8390625 0.65390625 0.00625 0.00625
3 0.85234375 0.65390625 0.00625 0.00625
3 0.86328125 0.659375 0.00625 0.0078125
3 0.81484375 0.68984375 0.0140625 0.0109375
3 0.76484375 0.7046875 0.0125 0.0109375
2 0.80390625 0.646875 0.0265625 0.01875
9 0.82109375 0.609375 0.0125 0.0109375
9 0.80390625 0.5984375 0.0140625 0.0109375
9 0.7953125 0.590625 0.015625 0.0109375
3 0.78671875 0.5828125 0.0109375 0.0140625
3 0.77109375 0.571875 0.0109375 0.009375
10 0.765625 0.56484375 0.0125 0.0078125
10 0.75625 0.5625 0.015625 0.0078125
10 0.7453125 0.5609375 0.0125 0.0078125
3 0.72109375 0.52421875 0.015625 0.0203125
2 0.72734375 0.59609375 0.0296875 0.0375
2 0.73359375 0.54765625 0.0359375 0.046875
2 0.7328125 0.49921875 0.025 0.034375
2 0.73359375 0.45625 0.025 0.03125
6 0.73828125 0.47421875 0.009375 0.0046875
6 0.7375 0.47265625 0.009375 0.0046875
6 0.70859375 0.48203125 0.0125 0.0046875
6 0.70390625 0.55546875 0.0125 0.0046875
10 0.7203125 0.70390625 0.0234375 0.0234375
4 0.7234375 0.68984375 0.0078125 0.009375
4 0.71875 0.68671875 0.0125 0.0046875
4 0.71953125 0.68046875 0.0109375 0.0078125
4 0.72109375 0.678125 0.0140625 0.0078125
4 0.72109375 0.675 0.0140625 0.0078125
4 0.721875 0.67109375 0.0125 0.0078125
4 0.7203125 0.66796875 0.009375 0.0078125
4 0.72109375 0.66484375 0.009375 0.00625
4 0.721875 0.6609375 0.0125 0.0078125
4 0.72109375 0.6578125 0.0125 0.00625
4 0.72109375 0.65390625 0.0125 0.00625
4 0.72109375 0.65 0.0140625 0.0109375
4 0.721875 0.64609375 0.0125 0.0078125
4 0.721875 0.6421875 0.0140625 0.00625
4 0.72265625 0.63984375 0.0125 0.0078125
4 0.72265625 0.63671875 0.0125 0.0078125
6 0.73515625 0.6359375 0.009375 0.0046875
4 0.7234375 0.62890625 0.0140625 0.0078125
4 0.7234375 0.6265625 0.0125 0.0046875
4 0.72265625 0.62265625 0.0125 0.0078125
6 0.7375 0.6671875 0.00625 0.003125
6 0.62421875 0.6859375 0.015625 0.0046875
3 0.30234375 0.53984375 0.0546875 0.0265625
3 0.41015625 0.55546875 0.0421875 0.021875
3 0.5265625 0.5453125 0.028125 0.015625
6 0.4375 0.49609375 0.01875 0.0046875
6 0.4359375 0.4921875 0.01875 0.0046875
6 0.559375 0.465625 0.0125 0.0046875
6 0.56171875 0.465625 0.0140625 0.0046875
4 0.59609375 0.4984375 0.0125 0.0046875
6 0.6078125 0.5921875 0.0109375 0.0046875
6 0.6125 0.58984375 0.0140625 0.0046875
6 0.61328125 0.5375 0.0140625 0.0046875
6 0.61171875 0.5328125 0.015625 0.0046875
6 0.6234375 0.52421875 0.0125 0.0046875
4 0.5953125 0.4953125 0.0125 0.0046875
1 0.57578125 0.47109375 0.0109375 0.0046875
1 0.58515625 0.4734375 0.0125 0.0046875
6 0.653125 0.5359375 0.0140625 0.0046875
6 0.65234375 0.5328125 0.009375 0.0046875
4 0.66953125 0.525 0.009375 0.00625
6 0.56171875 0.6578125 0.015625 0.0046875
6 0.5609375 0.65546875 0.0140625 0.0046875
6 0.53984375 0.66484375 0.015625 0.0046875
6 0.5390625 0.66953125 0.015625 0.0046875
6 0.48046875 0.6734375 0.01875 0.0046875
6 0.45390625 0.68203125 0.01875 0.0046875
6 0.45859375 0.68515625 0.01875 0.0046875
6 0.59609375 0.65546875 0.0140625 0.0046875
6 0.61328125 0.65234375 0.0140625 0.0046875
6 0.59375 0.64765625 0.015625 0.0046875
5 0.5546875 0.44765625 0.046875 0.0359375
6 0.75703125 0.5515625 0.009375 0.003125
4 0.63359375 0.51953125 0.0125 0.0046875
6 0.60859375 0.51171875 0.0125 0.0046875