3 0.81875 0.359375 0.05625 0.0984375
10 0.7 0.415625 0.065625 0.0703125
8 0.93359375 0.3953125 0.0328125 0.0703125
8 0.446875 0.25859375 0.0234375 0.0734375
3 0.5109375 0.4484375 0.0546875 0.0921875
3 0.6234375 0.70546875 0.0578125 0.0484375
8 0.64375 0.4578125 0.0296875 0.0546875
8 0.63984375 0.515625 0.0171875 0.0453125
1 0.6625 0.51484375 0.0171875 0.0234375
4 0.65390625 0.578125 0.0125 0.028125
10 0.4125 0.71015625 0.0296875 0.040625
9 0.50546875 0.71796875 0.0203125 0.0515625
8 0.17734375 0.05625 0.065625 0.05
8 0.4796875 0.93828125 0.01875 0.025
6 0.64296875 0.96640625 0.00625 0.021875
6 0.640625 0.94609375 0.00625 0.015625
2 0.6078125 0.97890625 0.01875 0.0265625
7 0.4453125 0.25625 0.0125 0.0296875