3 0.19921875 0.1609375 0.04765625 0.04921875
6 0.11875 0.14296875 0.009375 0.028125
6 0.11484375 0.13203125 0.01015625 0.021875
6 0.1140625 0.128125 0.009375 0.021875
3 0.1359375 0.321875 0.0328125 0.06640625
3 0.17578125 0.37578125 0.040625 0.06953125
4 0.178125 0.415625 0.01953125 0.028125
3 0.2109375 0.41875 0.04765625 0.0640625
4 0.19375 0.4703125 0.0203125 0.03359375
3 0.22421875 0.47734375 0.04140625 0.0859375
7 0.25234375 0.38515625 0.00625 0.01640625
4 0.25234375 0.39140625 0.00703125 0.028125
0 0.26015625 0.6671875 0.02109375 0.08203125
7 0.45859375 0.7046875 0.0109375 0.021875
7 0.46953125 0.621875 0.00859375 0.021875
7 0.4921875 0.60546875 0.01171875 0.02109375
7 0.39140625 0.55078125 0.01015625 0.021875
4 0.4578125 0.7078125 0.01015625 0.04375
4 0.46875 0.6265625 0.0109375 0.03828125
4 0.490625 0.609375 0.01328125 0.0359375
4 0.3921875 0.55625 0.00859375 0.040625
3 0.41171875 0.6640625 0.02734375 0.10703125
3 0.35546875 0.5078125 0.02109375 0.0734375
3 0.36015625 0.34375 0.02421875 0.08046875
9 0.34765625 0.196875 0.03203125 0.08515625
3 0.6328125 0.26953125 0.0453125 0.04140625
3 0.696875 0.25234375 0.04296875 0.04921875
4 0.70390625 0.3703125 0.0171875 0.02421875
3 0.5828125 0.37578125 0.0421875 0.06484375
3 0.56484375 0.421875 0.04921875 0.065625
3 0.6234375 0.4515625 0.04453125 0.06171875
3 0.64140625 0.425 0.04765625 0.0703125
10 0.6609375 0.41015625 0.04609375 0.06640625