6 0.98828125 0.98984375 0.0140625 0.0203125
6 0.80078125 0.8484375 0.00703125 0.03828125
3 0.8796875 0.721875 0.04296875 0.034375
3 0.9796875 0.69765625 0.03984375 0.03515625
3 0.59921875 0.753125 0.04453125 0.0359375
3 0.6546875 0.73359375 0.04140625 0.02890625
3 0.69375 0.71953125 0.03828125 0.03125
3 0.734375 0.7015625 0.03828125 0.03203125
9 0.77734375 0.6125 0.03828125 0.04375
9 0.746875 0.59765625 0.03359375 0.02890625
6 0.80078125 0.59765625 0.00546875 0.01796875
6 0.81484375 0.6046875 0.00546875 0.021875
6 0.81171875 0.59765625 0.0046875 0.01796875
3 0.8296875 0.6015625 0.02734375 0.02421875
5 0.73359375 0.51171875 0.02265625 0.0390625
5 0.88046875 0.51875 0.02578125 0.059375
5 0.92265625 0.50078125 0.040625 0.04609375
3 0.515625 0.71796875 0.04140625 0.03359375
3 0.4546875 0.74375 0.04140625 0.0359375
3 0.4046875 0.77265625 0.05078125 0.053125
3 0.2546875 0.6015625 0.01640625 0.025
3 0.1234375 0.615625 0.01796875 0.0296875
10 0.32578125 0.67421875 0.028125 0.03359375
6 0.6 0.56796875 0.00390625 0.01953125
7 0.67578125 0.54375 0.00390625 0.0140625
5 0.4953125 0.55546875 0.03828125 0.03671875
5 0.34296875 0.59140625 0.01875 0.046875
3 0.42890625 0.515625 0.00390625 0.01171875
6 0.36484375 0.48203125 0.003125 0.0109375
6 0.346875 0.48671875 0.00234375 0.01171875
10 0.04375 0.83203125 0.03125 0.0609375
10 0.05390625 0.740625 0.02578125 0.046875
4 0.02578125 0.6890625 0.00625 0.015625
4 0.0390625 0.684375 0.00703125 0.01796875
7 0.02578125 0.68203125 0.00625 0.0203125
7 0.0390625 0.6765625 0.00703125 0.01640625
7 0.05390625 0.62734375 0.00625 0.0140625
4 0.0546875 0.6328125 0.00625 0.0140625
3 0.07734375 0.58125 0.01640625 0.02421875
3 0.14453125 0.5375 0.0125 0.02109375
3 0.1078125 0.51953125 0.01015625 0.015625
9 0.2390625 0.553125 0.02265625 0.04921875
10 0.23984375 0.53046875 0.009375 0.01796875
9 0.23046875 0.5140625 0.015625 0.0390625
9 0.2265625 0.49140625 0.01484375 0.025
9 0.22578125 0.4796875 0.01484375 0.028125
4 0.0828125 0.5640625 0.00390625 0.009375
4 0.10234375 0.53515625 0.0046875 0.0109375
7 0.10234375 0.53203125 0.00390625 0.01328125
3 0.140625 0.51640625 0.01015625 0.01484375
3 0.121875 0.50859375 0.01015625 0.0140625
3 0.14921875 0.4796875 0.009375 0.0109375
3 0.12265625 0.4921875 0.0140625 0.0140625
3 0.1265625 0.48515625 0.01171875 0.0109375
3 0.15703125 0.4640625 0.00703125 0.0109375
3 0.12734375 0.47421875 0.009375 0.0109375
3 0.13203125 0.46640625 0.00859375 0.01015625
4 0.215625 0.48359375 0.00234375 0.00859375
7 0.215625 0.48125 0.00234375 0.009375
10 0.22421875 0.46875 0.00859375 0.01640625
3 0.21953125 0.4640625 0.00625 0.009375
9 0.21796875 0.4515625 0.01015625 0.015625
10 0.1359375 0.45859375 0.00703125 0.0109375
3 0.1390625 0.45390625 0.00703125 0.01015625
3 0.14296875 0.44921875 0.01328125 0.00859375
3 0.14765625 0.44609375 0.01328125 0.00703125
3 0.16640625 0.43671875 0.00546875 0.00703125
3 0.1734375 0.43359375 0.00546875 0.00703125
3 0.14609375 0.44296875 0.01328125 0.00859375
3 0.1484375 0.43828125 0.00703125 0.00546875
3 0.15859375 0.4328125 0.00625 0.00625
3 0.203125 0.42265625 0.0046875 0.00625
3 0.19375 0.421875 0.00859375 0.00625
10 0.1890625 0.42265625 0.0078125 0.00859375
3 0.18125 0.41875 0.00703125 0.00625
9 0.16328125 0.4140625 0.0078125 0.01640625