4 0.08359375 0.40859375 0.04375 0.028125
7 0.090625 0.4109375 0.0265625 0.01875
3 0.07734375 0.578125 0.0828125 0.0578125
4 0.19296875 0.50625 0.0328125 0.021875
7 0.19921875 0.50703125 0.021875 0.015625
7 0.19140625 0.5078125 0.01875 0.015625
3 0.25 0.55078125 0.065625 0.0546875
9 0.32578125 0.54453125 0.0859375 0.0671875
4 0.440625 0.46953125 0.0234375 0.0140625
7 0.4453125 0.4703125 0.015625 0.0109375
7 0.475 0.475 0.0171875 0.0109375
7 0.4765625 0.49375 0.015625 0.0109375
7 0.51484375 0.47890625 0.0140625 0.009375
7 0.53125 0.43359375 0.0140625 0.009375
7 0.55546875 0.48046875 0.0109375 0.009375
7 0.571875 0.4921875 0.0125 0.00625
7 0.6140625 0.4875 0.009375 0.00625
7 0.63671875 0.46953125 0.009375 0.00625
7 0.6609375 0.475 0.0109375 0.00625
7 0.68828125 0.47109375 0.009375 0.00625
7 0.70234375 0.4625 0.009375 0.00625
7 0.7390625 0.47578125 0.00625 0.0046875
4 0.47109375 0.4734375 0.0203125 0.015625
4 0.471875 0.49296875 0.0203125 0.015625
4 0.509375 0.4765625 0.0171875 0.0140625
3 0.446875 0.51953125 0.0390625 0.03125
9 0.47890625 0.51796875 0.0359375 0.0328125
3 0.5171875 0.509375 0.0390625 0.03125
3 0.553125 0.50390625 0.034375 0.0296875
4 0.55 0.478125 0.0171875 0.0140625
1 0.56640625 0.48984375 0.0171875 0.0109375
1 0.6109375 0.48515625 0.0125 0.009375
4 0.63359375 0.4671875 0.0140625 0.009375
4 0.5265625 0.43125 0.0171875 0.0140625
3 0.63515625 0.48984375 0.0234375 0.0203125
3 0.53515625 0.46171875 0.0328125 0.0265625
3 0.5484375 0.41640625 0.03125 0.0234375
9 0.60625 0.41953125 0.0390625 0.028125
9 0.59453125 0.44375 0.0828125 0.05625
3 0.59375 0.4578125 0.025 0.021875
2 0.65625 0.42109375 0.059375 0.0390625
9 0.66796875 0.440625 0.0921875 0.0609375
9 0.66328125 0.45390625 0.028125 0.0203125
0 0.69765625 0.42109375 0.021875 0.015625
3 0.6953125 0.45078125 0.01875 0.0171875
3 0.7234375 0.4171875 0.0171875 0.0140625
3 0.746875 0.41796875 0.0171875 0.0140625
9 0.72734375 0.4359375 0.0546875 0.0375
3 0.721875 0.44765625 0.0171875 0.0140625
3 0.73671875 0.44609375 0.0171875 0.0140625
3 0.7515625 0.43203125 0.015625 0.0140625
3 0.75078125 0.4453125 0.015625 0.0140625
10 0.6984375 0.4796875 0.0234375 0.01875
9 0.3765625 0.27734375 0.1109375 0.0640625
10 0.47265625 0.290625 0.05 0.0296875
10 0.54921875 0.309375 0.04375 0.03125
6 0.54375 0.31796875 0.015625 0.009375
6 0.540625 0.31953125 0.0171875 0.0109375
0 0.6125 0.34921875 0.0265625 0.015625
9 0.62265625 0.29609375 0.0359375 0.0234375
4 0.63125 0.33515625 0.015625 0.009375
4 0.65546875 0.34296875 0.0140625 0.0078125
4 0.6609375 0.309375 0.0171875 0.0109375
7 0.6328125 0.33671875 0.009375 0.00625
7 0.65859375 0.34375 0.0109375 0.00625
3 0.66015625 0.32734375 0.028125 0.021875
3 0.6859375 0.34140625 0.0265625 0.01875
3 0.68359375 0.33125 0.0265625 0.0171875
3 0.68359375 0.31953125 0.03125 0.01875
4 0.734375 0.34609375 0.0109375 0.009375
7 0.73828125 0.34765625 0.0109375 0.00625
6 0.77890625 0.37578125 0.0125 0.00625
6 0.778125 0.3921875 0.0125 0.00625
6 0.78046875 0.428125 0.009375 0.00625
6 0.7796875 0.43515625 0.0109375 0.00625
4 0.8125 0.37734375 0.009375 0.00625
7 0.81640625 0.378125 0.00625 0.0046875
4 0.81484375 0.4234375 0.009375 0.00625
4 0.8265625 0.4125 0.00625 0.0046875
4 0.8328125 0.4109375 0.00625 0.0046875
7 0.83515625 0.41171875 0.00625 0.0046875
7 0.82890625 0.41328125 0.0046875 0.0046875
7 0.8171875 0.42421875 0.00625 0.0046875
3 0.83203125 0.42265625 0.0109375 0.009375
3 0.8546875 0.4234375 0.0109375 0.009375
3 0.8390625 0.3984375 0.0140625 0.009375
3 0.8390625 0.3890625 0.0140625 0.009375
3 0.84296875 0.38203125 0.015625 0.0125
7 0.83828125 0.36484375 0.0125 0.00625
3 0.84765625 0.3890625 0.0109375 0.009375
3 0.85625 0.3828125 0.0140625 0.009375
3 0.8640625 0.38515625 0.0109375 0.009375
3 0.8546875 0.38984375 0.0109375 0.009375
3 0.8609375 0.39140625 0.0109375 0.009375
3 0.8671875 0.39140625 0.0125 0.009375
3 0.87109375 0.39375 0.0140625 0.009375
9 0.88203125 0.39609375 0.0203125 0.015625
9 0.84921875 0.4015625 0.0203125 0.015625
3 0.85703125 0.40078125 0.015625 0.0109375
3 0.85 0.409375 0.0125 0.009375
3 0.859375 0.4125 0.0140625 0.009375
3 0.86640625 0.40390625 0.0140625 0.009375
3 0.87265625 0.403125 0.0125 0.009375
9 0.88046875 0.40390625 0.0125 0.009375
3 0.89296875 0.4046875 0.0109375 0.009375
3 0.8984375 0.40390625 0.0109375 0.0078125
3 0.6984375 0.528125 0.025 0.0203125
3 0.74453125 0.53984375 0.0171875 0.01875
3 0.75 0.5203125 0.0203125 0.0234375
3 0.75390625 0.521875 0.0203125 0.0203125
3 0.75859375 0.53046875 0.0171875 0.01875
3 0.75859375 0.540625 0.0171875 0.01875
3 0.74921875 0.540625 0.0171875 0.01875
3 0.76171875 0.54765625 0.0171875 0.0171875
3 0.790625 0.50078125 0.0140625 0.015625
9 0.79765625 0.54375 0.015625 0.015625
3 0.80234375 0.54453125 0.0140625 0.015625
3 0.7921875 0.55 0.0140625 0.0125
3 0.7953125 0.55390625 0.0125 0.0125
3 0.7921875 0.5640625 0.015625 0.015625
3 0.82734375 0.4875 0.0125 0.0140625
3 0.83203125 0.484375 0.0140625 0.0125
3 0.8609375 0.43515625 0.0109375 0.009375
10 0.85859375 0.45859375 0.0109375 0.009375
6 0.60625 0.23203125 0.0203125 0.0125
7 0.6234375 0.24609375 0.0109375 0.00625
4 0.6171875 0.24375 0.015625 0.009375
6 0.62890625 0.24453125 0.0171875 0.0109375
6 0.63984375 0.2453125 0.0203125 0.0125
6 0.65625 0.2578125 0.015625 0.009375
4 0.6546875 0.2515625 0.0171875 0.0109375
6 0.68125 0.2703125 0.0203125 0.0125
4 0.66015625 0.26953125 0.0203125 0.015625
3 0.8984375 0.38203125 0.0109375 0.009375
2 0.9796875 0.2015625 0.015625 0.0125
2 0.97734375 0.2078125 0.0140625 0.0109375
2 0.975 0.21328125 0.0140625 0.0109375
3 0.76484375 0.7859375 0.0125 0.015625
3 0.75859375 0.7765625 0.0125 0.015625
3 0.76171875 0.7984375 0.0125 0.015625