6 0.01796875 0.6703125 0.009375 0.03359375
6 0.0296875 0.6640625 0.0078125 0.034375
6 0.03125 0.66484375 0.0078125 0.03125
6 0.03515625 0.715625 0.00859375 0.0265625
6 0.0453125 0.7109375 0.00859375 0.03125
6 0.04140625 0.71328125 0.00859375 0.02890625
6 0.04140625 0.68359375 0.00859375 0.0296875
6 0.046875 0.65859375 0.00859375 0.0265625
6 0.05078125 0.65625 0.009375 0.03203125
6 0.05703125 0.69140625 0.009375 0.03125
6 0.06484375 0.6984375 0.009375 0.02890625
6 0.0640625 0.68046875 0.01328125 0.0296875
6 0.11484375 0.678125 0.0109375 0.03515625
6 0.1140625 0.675 0.0078125 0.0296875
6 0.146875 0.68984375 0.00625 0.021875
6 0.13125 0.65390625 0.01015625 0.03515625
6 0.1421875 0.64140625 0.00703125 0.0265625
6 0.1515625 0.65078125 0.00625 0.03125
6 0.1546875 0.65859375 0.00390625 0.021875
6 0.16875 0.67578125 0.00703125 0.03125
5 0.17109375 0.67109375 0.00703125 0.01796875
4 0.240625 0.68125 0.01171875 0.04296875
7 0.24140625 0.63828125 0.009375 0.02890625
6 0.1640625 0.63515625 0.0078125 0.03515625
6 0.1703125 0.57109375 0.00859375 0.03828125
6 0.16328125 0.54296875 0.00703125 0.02578125
6 0.1796875 0.4796875 0.00546875 0.0296875
6 0.18828125 0.44140625 0.00625 0.0234375
6 0.18671875 0.48046875 0.00703125 0.03125
6 0.1890625 0.46484375 0.00625 0.028125
6 0.1921875 0.46328125 0.00625 0.02421875
6 0.19921875 0.45625 0.00390625 0.021875
6 0.2015625 0.44140625 0.0046875 0.02421875
6 0.20546875 0.44140625 0.00546875 0.02578125
6 0.19453125 0.428125 0.00625 0.02421875
6 0.1765625 0.44140625 0.00546875 0.028125
6 0.20546875 0.4296875 0.00625 0.021875
6 0.21328125 0.4359375 0.00546875 0.025
6 0.215625 0.43359375 0.00546875 0.028125
6 0.221875 0.41171875 0.0046875 0.021875
6 0.2078125 0.41875 0.00546875 0.0203125
6 0.21171875 0.409375 0.00546875 0.02421875
6 0.20625 0.4109375 0.00625 0.025
6 0.19375 0.38359375 0.0046875 0.02578125
6 0.1890625 0.38828125 0.00390625 0.0265625
6 0.215625 0.39296875 0.00625 0.02109375
6 0.2140625 0.38671875 0.00546875 0.021875
6 0.23515625 0.1859375 0.00390625 0.01484375
6 0.2171875 0.184375 0.00390625 0.0140625
6 0.21484375 0.196875 0.003125 0.01640625
6 0.18671875 0.22578125 0.00390625 0.0140625
6 0.171875 0.2265625 0.00390625 0.01484375
6 0.23515625 0.20078125 0.00390625 0.0140625
6 0.19921875 0.228125 0.00546875 0.01484375
6 0.21015625 0.23359375 0.00546875 0.015625
6 0.2140625 0.22421875 0.003125 0.0140625
6 0.21640625 0.22578125 0.003125 0.0109375
6 0.22109375 0.23046875 0.00625 0.01796875
6 0.22734375 0.23203125 0.00546875 0.015625
6 0.228125 0.228125 0.00390625 0.015625
6 0.23359375 0.22734375 0.00390625 0.01796875
6 0.20390625 0.2125 0.003125 0.01796875
6 0.20703125 0.21171875 0.00390625 0.01796875
6 0.225 0.2140625 0.003125 0.01796875
6 0.22890625 0.2109375 0.00390625 0.01484375
6 0.240625 0.225 0.0046875 0.01484375
6 0.23984375 0.21875 0.003125 0.01640625
6 0.23984375 0.18125 0.00234375 0.01640625
6 0.24453125 0.2015625 0.003125 0.01640625
6 0.24296875 0.18203125 0.003125 0.0140625
6 0.24921875 0.23046875 0.00390625 0.01484375
6 0.24375 0.21484375 0.00234375 0.01640625
6 0.24765625 0.21640625 0.00234375 0.01484375
6 0.24765625 0.20625 0.00390625 0.01953125
6 0.25078125 0.20859375 0.003125 0.01796875
6 0.2515625 0.2109375 0.00390625 0.015625
6 0.25390625 0.22890625 0.00390625 0.01484375
6 0.25703125 0.234375 0.003125 0.015625
6 0.25546875 0.22890625 0.003125 0.015625
6 0.25625 0.21875 0.00390625 0.01640625
6 0.25625 0.2109375 0.00390625 0.01875
6 0.2578125 0.2078125 0.00390625 0.01953125
6 0.26015625 0.215625 0.003125 0.01640625
6 0.26171875 0.209375 0.0046875 0.01953125
6 0.26171875 0.21171875 0.00546875 0.01640625
6 0.26640625 0.22421875 0.00390625 0.01640625
6 0.26875 0.2265625 0.00234375 0.01015625
6 0.26484375 0.21171875 0.00390625 0.0140625
6 0.26953125 0.215625 0.0046875 0.01796875
6 0.27265625 0.22109375 0.00390625 0.01796875
6 0.28359375 0.20859375 0.003125 0.01953125
6 0.28828125 0.209375 0.003125 0.01484375
6 0.29609375 0.20703125 0.00390625 0.01640625
6 0.30625 0.2171875 0.0046875 0.0140625
6 0.30625 0.215625 0.00390625 0.01484375
6 0.39375 0.0453125 0.00234375 0.00703125
2 0.37578125 0.02578125 0.03203125 0.0203125
10 0.3625 0.01328125 0.00546875 0.01015625
3 0.36953125 0.0125 0.00390625 0.00859375
3 0.36640625 0.00859375 0.00390625 0.00625
3 0.365625 0.00625 0.0046875 0.00859375
3 0.4078125 0.19765625 0.0109375 0.02109375
6 0.42109375 0.15 0.00234375 0.01328125
6 0.42109375 0.16171875 0.00234375 0.01484375
6 0.42578125 0.178125 0.003125 0.01484375
6 0.42890625 0.17578125 0.00234375 0.01328125
6 0.43203125 0.18671875 0.003125 0.01484375
6 0.4296875 0.19921875 0.00390625 0.015625
3 0.46015625 0.26796875 0.02578125 0.0203125
6 0.4734375 0.24140625 0.00390625 0.01171875
6 0.47421875 0.23984375 0.00390625 0.01484375
6 0.49375 0.2234375 0.00390625 0.015625
6 0.47421875 0.23125 0.00390625 0.01875
6 0.45703125 0.240625 0.0046875 0.01640625
6 0.4421875 0.240625 0.00234375 0.01484375
6 0.42109375 0.23359375 0.00390625 0.0140625
6 0.43203125 0.21875 0.00234375 0.0140625
6 0.440625 0.228125 0.00234375 0.01484375
6 0.459375 0.23125 0.00546875 0.01640625
6 0.465625 0.21484375 0.00234375 0.01640625
6 0.4640625 0.22109375 0.0046875 0.01640625
6 0.46484375 0.228125 0.003125 0.0140625
6 0.46640625 0.22890625 0.00546875 0.015625
3 0.315625 0.2609375 0.02734375 0.01953125
10 0.3328125 0.2453125 0.02578125 0.021875
6 0.353125 0.21953125 0.00390625 0.0140625
6 0.35546875 0.2171875 0.0046875 0.0140625
6 0.35859375 0.215625 0.00390625 0.0109375
6 0.3609375 0.2140625 0.00703125 0.01484375
6 0.26875 0.234375 0.00234375 0.01171875
6 0.26875 0.26484375 0.00390625 0.01484375
3 0.23828125 0.25859375 0.0296875 0.0203125
3 0.2375 0.2484375 0.02734375 0.0203125
3 0.32265625 0.38828125 0.015625 0.034375
3 0.3484375 0.43203125 0.0171875 0.040625
10 0.346875 0.38671875 0.015625 0.03359375
6 0.47578125 0.4171875 0.00546875 0.0234375
6 0.41171875 0.31953125 0.00625 0.01875
6 0.3765625 0.32109375 0.00546875 0.01640625
6 0.37265625 0.34375 0.00546875 0.01953125
6 0.35234375 0.33203125 0.003125 0.01640625
6 0.3671875 0.3265625 0.00390625 0.01953125
6 0.41328125 0.3125 0.00390625 0.01953125
6 0.4140625 0.31015625 0.00546875 0.01875
6 0.44921875 0.328125 0.00390625 0.01796875
6 0.428125 0.3453125 0.00546875 0.0203125
6 0.4359375 0.34140625 0.0046875 0.0203125
6 0.434375 0.3375 0.00390625 0.01796875
6 0.41796875 0.32421875 0.00390625 0.01953125
6 0.41953125 0.32109375 0.00546875 0.0203125
6 0.41875 0.31875 0.00546875 0.02109375
6 0.421875 0.321875 0.00390625 0.015625
6 0.42421875 0.33828125 0.003125 0.01953125
6 0.42890625 0.328125 0.00390625 0.01796875
6 0.45625 0.34140625 0.0046875 0.0203125
6 0.45234375 0.31796875 0.0046875 0.01796875
6 0.45234375 0.3171875 0.00625 0.01953125
6 0.4546875 0.321875 0.00390625 0.01953125
6 0.459375 0.3453125 0.0046875 0.0203125
6 0.45859375 0.33359375 0.0046875 0.0203125
6 0.4625 0.33125 0.00390625 0.01875
6 0.4671875 0.328125 0.00390625 0.02109375
6 0.2921875 0.3234375 0.00390625 0.01875
6 0.28984375 0.33046875 0.00390625 0.01953125
7 0.28046875 0.34921875 0.00546875 0.0140625
6 0.25390625 0.3640625 0.00390625 0.025
6 0.259375 0.34921875 0.00546875 0.021875
6 0.23125 0.38359375 0.0046875 0.02109375
6 0.22109375 0.3765625 0.00546875 0.02421875
6 0.2109375 0.3515625 0.00390625 0.01875
6 0.21640625 0.353125 0.00390625 0.02109375
6 0.2203125 0.3515625 0.003125 0.021875
6 0.21953125 0.34609375 0.00546875 0.02421875
6 0.2265625 0.36875 0.00390625 0.01875
6 0.23046875 0.36953125 0.00546875 0.0203125
6 0.22265625 0.359375 0.0046875 0.01953125
6 0.22734375 0.3609375 0.00390625 0.021875
6 0.234375 0.37109375 0.00390625 0.01953125
6 0.23828125 0.3609375 0.00390625 0.02109375
6 0.2234375 0.3140625 0.00390625 0.01484375
6 0.22578125 0.3125 0.00546875 0.01953125
6 0.23046875 0.3453125 0.00390625 0.0203125
6 0.23359375 0.346875 0.00390625 0.02109375
6 0.23984375 0.3453125 0.003125 0.01875
6 0.2359375 0.3390625 0.00390625 0.01953125
6 0.2328125 0.33671875 0.00546875 0.021875
6 0.23203125 0.33203125 0.00546875 0.0203125
6 0.23984375 0.33359375 0.00390625 0.0234375
6 0.24375 0.31953125 0.00390625 0.01875
6 0.2375 0.3046875 0.0046875 0.01875
5 0.234375 0.30625 0.00546875 0.01328125
6 0.22578125 0.30703125 0.0046875 0.0203125
6 0.22109375 0.303125 0.00390625 0.0203125
6 0.22578125 0.3015625 0.0046875 0.01953125
6 0.22578125 0.296875 0.00546875 0.021875
6 0.23984375 0.29375 0.00390625 0.01953125
6 0.24375 0.30859375 0.0046875 0.02109375
6 0.246875 0.30859375 0.0046875 0.01953125
6 0.253125 0.30546875 0.00390625 0.01640625
6 0.2484375 0.30390625 0.00390625 0.0203125
6 0.2421875 0.296875 0.00390625 0.02109375
6 0.2703125 0.340625 0.00390625 0.0234375
7 0.2703125 0.31328125 0.00390625 0.0140625
6 0.27890625 0.321875 0.00390625 0.02109375
6 0.2828125 0.33046875 0.00390625 0.01796875
6 0.27421875 0.3296875 0.0046875 0.0203125
6 0.2703125 0.32734375 0.0046875 0.01796875