9 0.47421875 0.5109375 0.0796875 0.12578125
3 0.38046875 0.65 0.05859375 0.09296875
3 0.30234375 0.69453125 0.03515625 0.053125
3 0.290625 0.73359375 0.0359375 0.0640625
3 0.27265625 0.71015625 0.03046875 0.05
10 0.23046875 0.76171875 0.03203125 0.06015625
3 0.2328125 0.78671875 0.03359375 0.05625
3 0.22109375 0.75234375 0.02734375 0.05078125
3 0.22890625 0.7171875 0.02578125 0.046875
10 0.19375 0.84921875 0.034375 0.059375
10 0.1953125 0.79765625 0.02734375 0.0546875
0 0.18359375 0.79453125 0.01484375 0.02578125
7 0.17890625 0.79375 0.00390625 0.01328125
10 0.14296875 0.90703125 0.03515625 0.0609375
3 0.1671875 0.8578125 0.03046875 0.05078125
3 0.13515625 0.87578125 0.02890625 0.05
3 0.10546875 0.928125 0.02890625 0.04140625
3 0.10625 0.959375 0.03359375 0.02578125
3 0.0953125 0.95546875 0.02890625 0.03359375
3 0.021875 0.9609375 0.01640625 0.0234375
3 0.034375 0.95 0.01796875 0.03515625
3 0.04609375 0.9359375 0.0140625 0.03046875
3 0.078125 0.8890625 0.02109375 0.04453125
3 0.1109375 0.88125 0.025 0.05078125
3 0.12578125 0.8625 0.02734375 0.05625
3 0.12890625 0.83046875 0.01640625 0.03125
0 0.1390625 0.81953125 0.01796875 0.034375
3 0.146875 0.81796875 0.015625 0.03359375
3 0.15390625 0.83046875 0.02109375 0.03359375
9 0.1390625 0.75859375 0.034375 0.06328125
6 0.1546875 0.76484375 0.00859375 0.01328125
6 0.16484375 0.746875 0.0078125 0.0109375
6 0.16171875 0.74375 0.00546875 0.009375
6 0.16015625 0.74453125 0.00625 0.0109375
6 0.165625 0.7421875 0.00546875 0.00859375
6 0.1703125 0.74296875 0.00859375 0.0109375
6 0.1953125 0.6984375 0.00859375 0.01328125
3 0.16171875 0.725 0.01875 0.0296875
10 0.20859375 0.68828125 0.01953125 0.03515625
3 0.18984375 0.68046875 0.01484375 0.02109375
10 0.21953125 0.65078125 0.01875 0.03203125
3 0.24765625 0.5578125 0.01015625 0.02109375
3 0.24453125 0.59609375 0.01953125 0.025
3 0.25 0.58046875 0.01640625 0.021875
3 0.26015625 0.5578125 0.01875 0.0265625
3 0.26875 0.53125 0.01484375 0.02421875
3 0.275 0.51796875 0.01484375 0.01953125
3 0.26640625 0.63046875 0.01796875 0.04296875
3 0.28359375 0.60546875 0.01640625 0.04296875
3 0.3 0.578125 0.01640625 0.04140625
3 0.3203125 0.546875 0.01640625 0.03984375
3 0.27734375 0.59453125 0.01484375 0.03671875
3 0.29453125 0.56796875 0.01484375 0.03359375
3 0.3109375 0.53671875 0.01484375 0.034375
3 0.328125 0.51328125 0.01484375 0.034375
3 0.334375 0.4828125 0.01328125 0.02890625
3 0.3203125 0.50703125 0.0109375 0.025
3 0.33828125 0.4609375 0.01015625 0.0234375
3 0.33359375 0.48203125 0.01328125 0.02890625
3 0.33125 0.46640625 0.01015625 0.0234375
3 0.31015625 0.5078125 0.01015625 0.0234375
3 0.3171875 0.48359375 0.01015625 0.0234375
3 0.3015625 0.51328125 0.01015625 0.0234375
3 0.3078125 0.49296875 0.01015625 0.0234375
3 0.30234375 0.534375 0.01015625 0.0234375
2 0.28671875 0.5453125 0.02890625 0.06328125
3 0.3140625 0.47265625 0.0078125 0.02109375
3 0.3234375 0.44140625 0.00703125 0.01484375
3 0.328125 0.440625 0.0078125 0.021875
3 0.34375 0.4390625 0.01015625 0.0203125
3 0.3359375 0.44609375 0.01015625 0.0234375
2 0.32109375 0.4625 0.01328125 0.03046875
3 0.3484375 0.41875 0.01015625 0.02109375
3 0.353125 0.40390625 0.009375 0.01796875
3 0.33828125 0.4328125 0.009375 0.01796875
3 0.3359375 0.421875 0.00859375 0.015625
3 0.3328125 0.415625 0.00859375 0.015625
3 0.33828125 0.40625 0.00703125 0.01328125
3 0.3421875 0.41484375 0.00703125 0.01875
3 0.346875 0.4015625 0.0078125 0.01875
3 0.35546875 0.390625 0.00625 0.01484375
3 0.35078125 0.384375 0.00625 0.01484375
3 0.34140625 0.39609375 0.00625 0.01484375
3 0.34140625 0.38203125 0.00625 0.01484375
3 0.34609375 0.37890625 0.00625 0.0140625
3 0.35234375 0.37421875 0.00625 0.0109375
3 0.3578125 0.38046875 0.00625 0.01015625
3 0.36015625 0.36875 0.00625 0.01171875
3 0.36171875 0.359375 0.00625 0.01171875
10 0.30234375 0.4453125 0.01640625 0.0203125
3 0.32265625 0.40546875 0.0109375 0.01640625
3 0.32265625 0.39140625 0.00859375 0.0140625
3 0.28671875 0.478125 0.01953125 0.0265625
6 0.56640625 0.14921875 0.0046875 0.01171875
6 0.559375 0.1578125 0.00703125 0.01796875