3 0.4078125 0.3515625 0.0046875 0.00703125
10 0.4234375 0.37421875 0.00625 0.0140625
10 0.41484375 0.35859375 0.00546875 0.01171875
10 0.42265625 0.421875 0.01015625 0.01953125
3 0.42890625 0.36953125 0.00625 0.01015625
3 0.41953125 0.36796875 0.00625 0.01015625
3 0.43359375 0.3984375 0.0078125 0.0109375
3 0.43515625 0.40546875 0.00703125 0.01171875
3 0.43828125 0.4109375 0.00859375 0.01640625
3 0.40859375 0.43828125 0.01015625 0.02109375
3 0.40703125 0.45 0.0109375 0.0203125
3 0.45078125 0.45859375 0.0125 0.01640625
3 0.453125 0.47421875 0.0140625 0.0203125
3 0.4640625 0.509375 0.01328125 0.0265625
3 0.4015625 0.628125 0.02265625 0.04296875
3 0.5171875 0.95703125 0.05703125 0.08515625
3 0.45546875 0.98125 0.05625 0.0375
7 0.3875 0.909375 0.01484375 0.0515625
1 0.38828125 0.9328125 0.01171875 0.0546875
10 0.21875 0.9625 0.11015625 0.075
10 0.21796875 0.859375 0.08828125 0.078125
3 0.07734375 0.88203125 0.10390625 0.06484375
7 0.18984375 0.8140625 0.0140625 0.03359375
4 0.18984375 0.83359375 0.03359375 0.034375
6 0.4171875 0.640625 0.0078125 0.040625
7 0.4109375 0.6421875 0.0078125 0.0265625
6 0.47265625 0.55546875 0.00859375 0.03046875
6 0.46171875 0.528125 0.00703125 0.0265625
7 0.44609375 0.50703125 0.00546875 0.02109375
7 0.41796875 0.48046875 0.00546875 0.0203125
7 0.41953125 0.44453125 0.0046875 0.0140625
7 0.4125 0.40859375 0.0046875 0.01171875
4 0.41328125 0.415625 0.00546875 0.015625
4 0.4203125 0.453125 0.00390625 0.015625
4 0.41875 0.48671875 0.0046875 0.01796875
4 0.44609375 0.51484375 0.00546875 0.02421875
4 0.41171875 0.6515625 0.009375 0.021875
8 0.446875 0.44296875 0.0109375 0.01875
6 0.40859375 0.38984375 0.003125 0.01484375
7 0.43203125 0.38125 0.003125 0.009375
4 0.43203125 0.384375 0.00390625 0.01171875
3 0.8625 0.74453125 0.09296875 0.06640625
3 0.0171875 0.54375 0.034375 0.03125
10 0.0359375 0.5703125 0.03359375 0.04453125
3 0.034375 0.59921875 0.04765625 0.03515625
3 0.025 0.62109375 0.05 0.0515625