3 0.221875 0.240625 0.0140625 0.03125
3 0.29296875 0.3015625 0.01171875 0.03828125
3 0.30234375 0.29765625 0.01171875 0.03203125
3 0.3171875 0.23671875 0.01953125 0.01953125
9 0.371875 0.27421875 0.01953125 0.02890625
9 0.36953125 0.209375 0.0375 0.04296875
9 0.39765625 0.20859375 0.03046875 0.05625
9 0.6328125 0.06796875 0.0234375 0.08359375
10 0.56171875 0.24921875 0.009375 0.03125
10 0.54921875 0.25546875 0.0125 0.03359375
3 0.53359375 0.2640625 0.01171875 0.03046875
3 0.64375 0.08671875 0.0125 0.04296875
9 0.7 0.8734375 0.02109375 0.02109375
9 0.5015625 0.659375 0.01796875 0.01953125
4 0.12421875 0.64140625 0.009375 0.01171875
4 0.1125 0.64453125 0.0078125 0.00859375