7 0.37421875 0.2734375 0.03125 0.01875
7 0.4609375 0.228125 0.0265625 0.015625
7 0.48515625 0.221875 0.0265625 0.0171875
7 0.40546875 0.2671875 0.0296875 0.0171875
7 0.37734375 0.2546875 0.028125 0.0203125
7 0.4109375 0.25703125 0.03125 0.01875
7 0.38984375 0.24296875 0.0296875 0.01875
7 0.40625 0.2390625 0.0203125 0.015625
7 0.16796875 0.19921875 0.034375 0.025
7 0.19453125 0.20625 0.0375 0.0265625
7 0.20234375 0.18359375 0.034375 0.025
7 0.2203125 0.19140625 0.034375 0.025
6 0.14296875 0.09921875 0.0546875 0.0359375
7 0.1640625 0.10859375 0.04375 0.028125
7 0.01328125 0.11171875 0.0265625 0.0296875
7 0.03046875 0.10390625 0.04375 0.025
6 0.54296875 0.48984375 0.0484375 0.0234375
6 0.70546875 0.47578125 0.0421875 0.021875
6 0.68125 0.409375 0.040625 0.0171875
6 0.66171875 0.4453125 0.0421875 0.0203125
6 0.53046875 0.59765625 0.046875 0.0234375