3 0.35859375 0.61328125 0.02890625 0.078125
3 0.42890625 0.54296875 0.025 0.1015625
3 0.340625 0.41640625 0.0203125 0.053125
3 0.2640625 0.5078125 0.02421875 0.05078125
3 0.42578125 0.25625 0.01796875 0.0484375
3 0.5640625 0.30546875 0.03203125 0.03203125
3 0.6265625 0.27265625 0.03046875 0.02890625
9 0.696875 0.3859375 0.0640625 0.08203125
3 0.35703125 0.10078125 0.01328125 0.021875
4 0.34453125 0.11640625 0.00703125 0.01953125
3 0.38515625 0.0734375 0.0140625 0.025
3 0.33359375 0.071875 0.01328125 0.0203125
4 0.340625 0.053125 0.0078125 0.01484375
3 0.30625 0.03046875 0.01328125 0.01640625
3 0.325 0.03046875 0.0125 0.01640625
3 0.33828125 0.01328125 0.01171875 0.0140625
3 0.35 0.00859375 0.01015625 0.01484375
3 0.30703125 0.009375 0.01328125 0.0140625
2 0.290625 0.3265625 0.02109375 0.09609375
2 0.31953125 0.2796875 0.02890625 0.08671875
3 0.32265625 0.22421875 0.0125 0.028125
3 0.309375 0.16328125 0.01875 0.021875
3 0.2515625 0.14609375 0.02109375 0.015625
3 0.21875 0.30625 0.02265625 0.0203125
3 0.22265625 0.290625 0.02578125 0.01875
3 0.16875 0.36875 0.02109375 0.03046875
3 0.1515625 0.3703125 0.01953125 0.03515625
3 0.1359375 0.37109375 0.01875 0.0359375
3 0.078125 0.303125 0.02578125 0.021875
3 0.05859375 0.32265625 0.02890625 0.0234375
3 0.05078125 0.33671875 0.03125 0.0234375
3 0.04140625 0.34609375 0.03046875 0.0265625
3 0.01015625 0.346875 0.0203125 0.01875
3 0.01875 0.33671875 0.0234375 0.01953125
3 0.03046875 0.31953125 0.02421875 0.01953125
3 0.0390625 0.31171875 0.02109375 0.015625
9 0.04765625 0.29453125 0.03125 0.02421875
3 0.06796875 0.2765625 0.03046875 0.0140625
3 0.01015625 0.265625 0.01796875 0.0234375
3 0.04609375 0.24296875 0.0234375 0.02578125
3 0.02890625 0.24140625 0.01328125 0.01328125
3 0.0109375 0.23984375 0.01640625 0.0203125
3 0.0265625 0.18828125 0.01953125 0.0203125
3 0.07734375 0.20703125 0.0171875 0.0203125
3 0.10859375 0.2453125 0.02109375 0.0296875
3 0.12890625 0.246875 0.01953125 0.0296875
3 0.14140625 0.2484375 0.01640625 0.02890625
3 0.16484375 0.2484375 0.01953125 0.03046875
3 0.20390625 0.25390625 0.01484375 0.02890625
3 0.18828125 0.2515625 0.01015625 0.03125
10 0.1375 0.29453125 0.03046875 0.025
3 0.14765625 0.28359375 0.02109375 0.01796875
9 0.2484375 0.17265625 0.0171875 0.03984375
9 0.23671875 0.16796875 0.015625 0.040625
9 0.2234375 0.1671875 0.01640625 0.03828125
9 0.21015625 0.16640625 0.0203125 0.04140625
9 0.196875 0.16484375 0.0234375 0.04453125
9 0.18515625 0.165625 0.02109375 0.04453125
9 0.16015625 0.165625 0.02265625 0.04296875
9 0.125 0.2109375 0.02890625 0.04296875
9 0.2046875 0.21796875 0.02890625 0.04375
9 0.17734375 0.215625 0.028125 0.04296875
9 0.16171875 0.2125 0.02578125 0.03828125
3 0.0609375 0.2078125 0.01796875 0.025
3 0.046875 0.20859375 0.0125 0.02109375
3 0.03515625 0.20859375 0.01328125 0.0234375
3 0.053125 0.16171875 0.01484375 0.025
3 0.0265625 0.20546875 0.0109375 0.02578125
3 0.08359375 0.36171875 0.01328125 0.03359375
3 0.0984375 0.3640625 0.01484375 0.03984375
3 0.18046875 0.0546875 0.01484375 0.01484375
10 0.0953125 0.23828125 0.02109375 0.034375
3 0.046875 0.1890625 0.0171875 0.01796875
3 0.009375 0.20234375 0.0171875 0.02109375
10 0.153125 0.24375 0.01953125 0.034375
10 0.18359375 0.39921875 0.0203125 0.03515625
3 0.26484375 0.04296875 0.01015625 0.01328125
3 0.24765625 0.0234375 0.01015625 0.01171875
2 0.28984375 0.0609375 0.025 0.04453125
3 0.4109375 0.03046875 0.01328125 0.01328125
3 0.6640625 0.59375 0.040625 0.03984375
6 0.6671875 0.59921875 0.00703125 0.03203125