3 0.2921875 0.634375 0.03046875 0.034375
3 0.42109375 0.5375 0.028125 0.03203125
3 0.53125 0.63203125 0.01484375 0.04296875
3 0.546875 0.540625 0.02265625 0.034375
3 0.5546875 0.41875 0.0234375 0.03046875
3 0.6078125 0.4015625 0.0203125 0.0265625
3 0.46796875 0.2265625 0.009375 0.01796875
3 0.49296875 0.1734375 0.00703125 0.015625
3 0.5078125 0.11953125 0.0078125 0.0140625
9 0.47734375 0.12890625 0.0125 0.0484375
2 0.48359375 0.02109375 0.009375 0.03984375
10 0.49765625 0.01015625 0.00546875 0.01328125
3 0.05078125 0.67421875 0.0328125 0.0203125