6 0.32265625 0.0578125 0.03046875 0.10859375
6 0.45859375 0.2375 0.0296875 0.12890625
6 0.38515625 0.3015625 0.0234375 0.1203125
6 0.490625 0.31484375 0.02890625 0.12421875
6 0.51484375 0.30703125 0.01875 0.1140625
6 0.334375 0.34140625 0.0671875 0.16796875
6 0.48046875 0.021875 0.0203125 0.04375
6 0.50625 0.028125 0.01875 0.05625
1 0.2734375 0.13828125 0.0484375 0.05546875
4 0.2015625 0.5453125 0.03984375 0.11875
4 0.25546875 0.58671875 0.03671875 0.13203125
4 0.2015625 0.67109375 0.04296875 0.140625
4 0.23671875 0.74140625 0.07734375 0.1296875
6 0.22265625 0.6984375 0.04453125 0.0953125
6 0.128125 0.734375 0.07265625 0.109375
6 0.3640625 0.5484375 0.03515625 0.11484375
6 0.375 0.6625 0.03515625 0.11796875
6 0.35 0.6390625 0.03984375 0.11875
6 0.528125 0.0515625 0.01640625 0.09375
6 0.54453125 0.06015625 0.01796875 0.09453125
6 0.5375 0.08203125 0.01640625 0.1234375
6 0.50859375 0.10625 0.01640625 0.1109375
6 0.5265625 0.1296875 0.01484375 0.08515625
6 0.54765625 0.171875 0.02265625 0.10546875
6 0.58515625 0.17890625 0.02265625 0.11171875
6 0.6078125 0.16953125 0.02109375 0.10390625
6 0.6140625 0.20078125 0.01796875 0.1046875
6 0.5640625 0.26171875 0.02109375 0.1203125
4 0.52421875 0.1859375 0.02890625 0.09921875
4 0.52578125 0.25 0.04453125 0.08671875
6 0.5140625 0.12578125 0.01953125 0.109375
6 0.60234375 0.0359375 0.01953125 0.071875
7 0.43046875 0.3234375 0.02578125 0.071875
6 0.546875 0.409375 0.01953125 0.11796875
6 0.56328125 0.446875 0.01953125 0.11484375
6 0.61484375 0.5125 0.02734375 0.115625
6 0.5734375 0.58828125 0.0234375 0.10625
6 0.62265625 0.38515625 0.021875 0.0796875
6 0.9875 0.46015625 0.02421875 0.13828125
6 0.94609375 0.484375 0.059375 0.1140625
4 0.65703125 0.625 0.03203125 0.109375
4 0.68984375 0.6109375 0.0265625 0.1234375
4 0.7234375 0.57890625 0.02265625 0.1296875
4 0.77421875 0.56171875 0.0625 0.09609375
4 0.78046875 0.6109375 0.0453125 0.103125
4 0.87421875 0.5640625 0.096875 0.07890625
4 0.88125 0.62421875 0.08984375 0.075
4 0.88125 0.65078125 0.08984375 0.0765625
10 0.8609375 0.77578125 0.278125 0.21484375
7 0.4890625 0.67109375 0.03359375 0.0890625
6 0.275 0.78046875 0.04765625 0.10703125
6 0.275 0.853125 0.0484375 0.11328125
6 0.31015625 0.98046875 0.0453125 0.03828125
6 0.34375 0.9796875 0.0390625 0.03984375
6 0.3484375 0.9921875 0.04921875 0.015625
4 0.2234375 0.87734375 0.0390625 0.14921875
4 0.490625 0.6921875 0.02734375 0.146875
4 0.33828125 0.65546875 0.02890625 0.13125
1 0.12734375 0.9140625 0.053125 0.171875
4 0.9609375 0.98515625 0.07734375 0.0296875
4 0.9734375 0.95390625 0.053125 0.0921875
4 0.66640625 0.98984375 0.0546875 0.0203125
7 0.42421875 0.29296875 0.0359375 0.06875
4 0.43125 0.31015625 0.0453125 0.12578125