3 0.30859375 0.05859375 0.03671875 0.0359375
4 0.23203125 0.053125 0.00546875 0.025
3 0.31328125 0.16796875 0.0375 0.034375
3 0.31015625 0.20390625 0.03828125 0.03515625
6 0.29296875 0.234375 0.00390625 0.01640625
3 0.31015625 0.26015625 0.03671875 0.03515625
3 0.228125 0.2984375 0.0203125 0.065625
3 0.3125 0.30625 0.03828125 0.03359375
6 0.240625 0.3140625 0.0046875 0.0109375
3 0.309375 0.34296875 0.03515625 0.03203125
3 0.309375 0.37890625 0.03671875 0.028125
3 0.31171875 0.415625 0.03984375 0.03046875
3 0.30546875 0.45859375 0.040625 0.03125
10 0.303125 0.50078125 0.03828125 0.03046875
10 0.30546875 0.5359375 0.03203125 0.02421875
10 0.3421875 0.57734375 0.03828125 0.03046875
6 0.33203125 0.553125 0.00703125 0.0109375
3 0.2953125 0.5734375 0.03828125 0.03203125
3 0.22421875 0.434375 0.03046875 0.046875
6 0.2390625 0.46015625 0.00546875 0.01328125
0 0.2140625 0.471875 0.03046875 0.0234375
0 0.2359375 0.51328125 0.00859375 0.03671875
6 0.22421875 0.50078125 0.00625 0.009375
6 0.2203125 0.5015625 0.00703125 0.009375
6 0.21015625 0.50078125 0.0078125 0.0140625
6 0.20703125 0.546875 0.00703125 0.00703125
6 0.2078125 0.55546875 0.0046875 0.00625
6 0.25 0.54453125 0.00625 0.0140625
0 0.2140625 0.60390625 0.02578125 0.0234375
6 0.2359375 0.5828125 0.00546875 0.00625
4 0.21328125 0.5375 0.0125 0.01171875
7 0.21328125 0.5375 0.00546875 0.01171875
7 0.2171875 0.53828125 0.00546875 0.01015625
7 0.225 0.5609375 0.0078125 0.01015625
4 0.22421875 0.5609375 0.01328125 0.01015625
6 0.21015625 0.578125 0.00625 0.00625
6 0.20703125 0.57890625 0.00703125 0.01171875
7 0.2203125 0.578125 0.00546875 0.00859375
6 0.2265625 0.6546875 0.0078125 0.009375
6 0.2609375 0.66015625 0.00546875 0.00703125
3 0.28515625 0.6265625 0.03984375 0.03203125
7 0.2234375 0.74296875 0.00703125 0.01875
6 0.22890625 0.7390625 0.00546875 0.01171875
3 0.06640625 0.5046875 0.03515625 0.06484375
3 0.0125 0.64609375 0.02421875 0.03125
8 0.56015625 0.090625 0.015625 0.0453125
6 0.553125 0.15859375 0.00703125 0.01171875
7 0.5140625 0.3296875 0.00546875 0.01328125
9 0.45390625 0.1828125 0.04765625 0.08203125
9 0.56875 0.303125 0.01875 0.071875
4 0.72578125 0.58359375 0.00625 0.021875
7 0.7265625 0.584375 0.00546875 0.009375
0 0.61015625 0.603125 0.01796875 0.01875
6 0.6171875 0.60078125 0.00625 0.00703125
6 0.56875 0.72890625 0.0078125 0.01171875
0 0.5109375 0.3234375 0.01171875 0.03828125
6 0.5453125 0.634375 0.0109375 0.01015625
9 0.5390625 0.6015625 0.05703125 0.03359375
3 0.5140625 0.68125 0.0359375 0.03046875
3 0.48828125 0.6015625 0.03671875 0.03046875
3 0.44453125 0.59609375 0.03671875 0.03125
10 0.42421875 0.67578125 0.03515625 0.0296875
3 0.37578125 0.67109375 0.04140625 0.03125
3 0.32734375 0.6734375 0.03828125 0.0296875
3 0.309375 0.76328125 0.0390625 0.03359375
3 0.309375 0.846875 0.04140625 0.0359375
10 0.3109375 0.92109375 0.03359375 0.034375
10 0.30703125 0.95625 0.034375 0.03046875
6 0.28203125 0.88203125 0.00625 0.015625
6 0.284375 0.8640625 0.0046875 0.015625
6 0.271875 0.87890625 0.00390625 0.01328125
0 0.27890625 0.82578125 0.0125 0.04140625
0 0.25625 0.86953125 0.01015625 0.04609375
7 0.2546875 0.865625 0.00546875 0.009375
6 0.29140625 0.6796875 0.00390625 0.0109375
3 0.215625 0.9359375 0.04296875 0.03984375
6 0.18828125 0.87890625 0.00859375 0.0140625
4 0.21015625 0.846875 0.009375 0.02890625
4 0.20859375 0.8109375 0.0078125 0.0265625
6 0.22890625 0.809375 0.00390625 0.0109375
6 0.2328125 0.81328125 0.00546875 0.01640625
6 0.190625 0.78671875 0.0078125 0.01328125