6 0.384375 0.47734375 0.0484375 0.0828125
0 0.584375 0.334375 0.13125 0.18125
6 0.62265625 0.3140625 0.0625 0.1046875
4 0.63984375 0.29765625 0.05 0.0890625
4 0.82734375 0.49921875 0.0484375 0.0578125
6 0.85625 0.50390625 0.025 0.0390625
6 0.82578125 0.5375 0.028125 0.046875
4 0.803125 0.5375 0.0328125 0.0453125
3 0.83125 0.61328125 0.0484375 0.065625
6 0.7875 0.665625 0.021875 0.0421875
8 0.7671875 0.67421875 0.0265625 0.034375
0 0.7546875 0.684375 0.028125 0.0421875
0 0.7421875 0.6921875 0.03125 0.046875
9 0.5875 0.8421875 0.046875 0.053125
6 0.5265625 0.8109375 0.01875 0.034375
6 0.51328125 0.81875 0.015625 0.03125
8 0.45703125 0.8078125 0.0546875 0.0578125
9 0.48671875 0.8328125 0.0328125 0.05
8 0.24296875 0.82578125 0.0515625 0.0515625
8 0.2046875 0.83984375 0.05 0.05
8 0.26171875 0.86015625 0.046875 0.0453125
4 0.221875 0.89765625 0.025 0.0359375
4 0.66796875 0.81953125 0.0109375 0.0171875
8 0.5484375 0.81015625 0.0328125 0.040625
4 0.79140625 0.65859375 0.028125 0.0375
7 0.71171875 0.6015625 0.0265625 0.0421875
7 0.828125 0.50546875 0.0375 0.0546875
4 0.70625 0.5859375 0.034375 0.0421875
4 0.70859375 0.7015625 0.0203125 0.028125
1 0.78828125 0.61171875 0.0171875 0.0265625
4 0.38203125 0.46875 0.05 0.0828125
7 0.66953125 0.82421875 0.0109375 0.015625