3 0.584375 0.559375 0.03359375 0.059375
3 0.6359375 0.30390625 0.02734375 0.0703125
3 0.59453125 0.2703125 0.02265625 0.0609375
3 0.553125 0.3359375 0.02890625 0.07890625
3 0.53125 0.32734375 0.0265625 0.06171875
10 0.50703125 0.32109375 0.025 0.06953125
3 0.4859375 0.30546875 0.02890625 0.06640625
2 0.4609375 0.30546875 0.03046875 0.08125
3 0.47578125 0.45390625 0.02421875 0.0609375
3 0.3578125 0.3734375 0.02421875 0.08671875
3 0.37421875 0.28515625 0.04921875 0.0484375
3 0.38125 0.22109375 0.04609375 0.0453125
3 0.3328125 0.18828125 0.02578125 0.03671875
3 0.334375 0.440625 0.0265625 0.0703125
3 0.321875 0.34140625 0.02109375 0.07109375
3 0.2875 0.509375 0.02421875 0.08125
3 0.278125 0.4296875 0.025 0.0796875
3 0.26796875 0.34453125 0.0234375 0.06796875
3 0.28984375 0.17890625 0.02890625 0.04921875
3 0.26796875 0.13515625 0.02734375 0.06875
3 0.2859375 0.06796875 0.03515625 0.03515625
10 0.28359375 0.04609375 0.0375 0.0453125
3 0.2828125 0.02578125 0.03828125 0.03515625
3 0.25078125 0.01796875 0.01640625 0.03515625
3 0.2328125 0.01640625 0.015625 0.0328125
9 0.21640625 0.021875 0.021875 0.04375
3 0.1515625 0.09375 0.03046875 0.03828125
3 0.16328125 0.07421875 0.03046875 0.04453125
3 0.175 0.05703125 0.034375 0.04609375
3 0.18671875 0.04140625 0.03125 0.04453125
6 0.146875 0.35390625 0.00625 0.01796875
1 0.18046875 0.3515625 0.01640625 0.02109375