3 0.72890625 0.575 0.0546875 0.0265625
3 0.80703125 0.528125 0.071875 0.0390625
3 0.61953125 0.5734375 0.040625 0.025
3 0.50234375 0.58984375 0.0234375 0.015625
3 0.43984375 0.62265625 0.025 0.0125
10 0.58203125 0.6390625 0.0390625 0.0234375
10 0.9375 0.61328125 0.11875 0.046875
3 0.946875 0.796875 0.10625 0.0625
3 0.85859375 0.7828125 0.0890625 0.053125
3 0.3703125 0.7359375 0.0078125 0.0078125
3 0.36640625 0.73671875 0.0078125 0.0078125
3 0.35 0.72734375 0.0078125 0.0078125
3 0.34140625 0.725 0.0046875 0.003125
3 0.3359375 0.721875 0.0078125 0.0078125
3 0.32421875 0.71640625 0.0078125 0.0078125
3 0.41328125 0.70859375 0.0109375 0.0078125
3 0.4078125 0.70703125 0.0109375 0.0078125
3 0.38359375 0.70390625 0.0125 0.0078125
3 0.365625 0.70078125 0.0140625 0.0109375
3 0.3515625 0.6984375 0.0109375 0.0078125
3 0.34765625 0.696875 0.00625 0.00625
3 0.34375 0.69609375 0.00625 0.00625
3 0.33671875 0.6953125 0.009375 0.0046875
3 0.33203125 0.6953125 0.00625 0.0046875
3 0.32890625 0.69296875 0.009375 0.0046875
3 0.31875 0.69296875 0.0078125 0.0078125
3 0.31171875 0.6921875 0.0078125 0.0078125
3 0.33515625 0.6734375 0.00625 0.00625
3 0.37421875 0.66328125 0.0125 0.0078125
2 0.2984375 0.67109375 0.0125 0.0046875
6 0.38203125 0.6953125 0.009375 0.0046875
3 0.6125 0.66640625 0.03125 0.0265625
6 0.3921875 0.628125 0.009375 0.0046875
6 0.30234375 0.653125 0.0046875 0.0015625
3 0.2796875 0.6640625 0.00625 0.0046875
3 0.2734375 0.66640625 0.00625 0.0046875
3 0.27734375 0.66953125 0.00625 0.0046875
3 0.36484375 0.60234375 0.0109375 0.009375
3 0.35859375 0.60625 0.0078125 0.009375
3 0.384375 0.59453125 0.0125 0.0140625
3 0.40703125 0.575 0.0140625 0.0140625
2 0.43046875 0.5625 0.0328125 0.0203125
1 0.4140625 0.58359375 0.009375 0.0046875
7 0.4125 0.584375 0.00625 0.0046875
4 0.390625 0.58515625 0.009375 0.0046875
7 0.38828125 0.5859375 0.0046875 0.0015625
7 0.71796875 0.42578125 0.0125 0.0046875
7 0.71484375 0.42890625 0.009375 0.0046875
4 0.72578125 0.42734375 0.0265625 0.0125