2 0.37890625 0.7578125 0.1078125 0.1546875
2 0.3796875 0.9765625 0.090625 0.046875
10 0.52109375 0.47890625 0.06875 0.0671875
10 0.60390625 0.37890625 0.1203125 0.0671875
10 0.60234375 0.3375 0.11875 0.071875
10 0.590625 0.271875 0.0984375 0.0375
10 0.021875 0.53359375 0.04375 0.0328125
10 0.0125 0.5078125 0.025 0.028125
3 0.328125 0.6375 0.0765625 0.034375
3 0.2046875 0.75546875 0.040625 0.0484375
3 0.1453125 0.846875 0.053125 0.03125
2 0.0765625 0.66015625 0.121875 0.040625
8 0.4984375 0.80703125 0.01875 0.0234375
1 0.46484375 0.71953125 0.01875 0.0234375
1 0.49140625 0.6453125 0.0234375 0.021875
1 0.3859375 0.6078125 0.028125 0.015625
1 0.12734375 0.609375 0.025 0.009375
1 0.3015625 0.5921875 0.028125 0.0078125
1 0.26171875 0.6 0.028125 0.0078125
7 0.490625 0.80859375 0.0296875 0.015625
7 0.45703125 0.721875 0.0265625 0.0125
7 0.484375 0.64609375 0.0265625 0.0125
7 0.378125 0.6109375 0.0234375 0.0125
7 0.253125 0.6 0.0234375 0.0125
7 0.29453125 0.59140625 0.0203125 0.009375
7 0.12421875 0.61015625 0.0203125 0.0109375
7 0.15078125 0.6046875 0.01875 0.0078125
1 0.15859375 0.60390625 0.025 0.00625
6 0.5609375 0.63203125 0.0234375 0.0125
6 0.60625 0.7546875 0.0265625 0.0140625
4 0.51796875 0.97890625 0.0203125 0.021875
7 0.509375 0.98125 0.0265625 0.015625
6 0.3171875 0.94453125 0.0296875 0.015625
6 0.325 0.665625 0.025 0.009375
6 0.32265625 0.6734375 0.025 0.009375