3 0.3109375 0.91640625 0.02265625 0.0890625
4 0.28515625 0.596875 0.00703125 0.025
4 0.2984375 0.57109375 0.00625 0.0234375
4 0.26796875 0.5421875 0.00703125 0.02109375
4 0.28125 0.48359375 0.00546875 0.02109375
4 0.27421875 0.44921875 0.0078125 0.01953125
3 0.290625 0.390625 0.01328125 0.03125
3 0.2859375 0.19375 0.00859375 0.01875
9 0.3609375 0.22890625 0.01875 0.0453125
9 0.33671875 0.21953125 0.025 0.05859375
9 0.3296875 0.2046875 0.01953125 0.04296875
9 0.3296875 0.18203125 0.0203125 0.03359375
9 0.36875 0.21328125 0.01640625 0.04375
9 0.37890625 0.18515625 0.01171875 0.040625
9 0.36796875 0.178125 0.01328125 0.03671875
9 0.33984375 0.15625 0.015625 0.03046875
9 0.3546875 0.128125 0.01484375 0.03515625
3 0.2828125 0.09765625 0.0078125 0.0140625
3 0.28984375 0.0890625 0.00703125 0.009375
3 0.275 0.09140625 0.00703125 0.009375
7 0.2859375 0.59375 0.00546875 0.01796875
7 0.2984375 0.56796875 0.0046875 0.01328125
7 0.2671875 0.53828125 0.00546875 0.01328125
7 0.28125 0.48125 0.00390625 0.01171875
7 0.2734375 0.446875 0.00390625 0.0109375