3 0.7015625 0.4453125 0.0125 0.0265625
3 0.6640625 0.63046875 0.0265625 0.053125
3 0.69375 0.39453125 0.009375 0.025
3 0.6859375 0.42421875 0.0125 0.01875
3 0.69375 0.3421875 0.0078125 0.0140625
3 0.7109375 0.340625 0.009375 0.0140625
3 0.6984375 0.31171875 0.00625 0.009375
3 0.76171875 0.34375 0.00625 0.0140625
3 0.778125 0.346875 0.009375 0.021875
3 0.775 0.3359375 0.009375 0.015625
3 0.77109375 0.315625 0.009375 0.015625
3 0.76953125 0.29921875 0.00625 0.009375
3 0.71640625 0.29296875 0.00625 0.0140625
3 0.7234375 0.328125 0.00625 0.015625
3 0.70625 0.27265625 0.00625 0.0109375
3 0.715625 0.28125 0.00625 0.009375
3 0.71796875 0.2578125 0.00625 0.003125
3 0.70859375 0.25546875 0.003125 0.009375
3 0.72109375 0.24921875 0.00625 0.009375
3 0.71171875 0.246875 0.00625 0.0125
3 0.72421875 0.22578125 0.00625 0.009375
3 0.71875 0.228125 0.003125 0.00625
7 0.43515625 0.66328125 0.009375 0.00625
7 0.46171875 0.6140625 0.00625 0.0109375
7 0.46328125 0.59765625 0.00625 0.009375
7 0.50546875 0.521875 0.00625 0.009375
7 0.5484375 0.46171875 0.00625 0.00625
4 0.4328125 0.68203125 0.009375 0.01875
4 0.46328125 0.6296875 0.0125 0.01875
1 0.46015625 0.61171875 0.0078125 0.009375
1 0.50390625 0.53671875 0.00625 0.0125
4 0.5484375 0.47265625 0.00625 0.009375
2 0.71640625 0.20234375 0.0109375 0.0125
3 0.7 0.21875 0.003125 0.009375
7 0.78828125 0.578125 0.00625 0.0125
4 0.7875 0.5890625 0.009375 0.015625
7 0.775 0.9125 0.0109375 0.0125
4 0.7734375 0.934375 0.0140625 0.021875