3 0.5578125 0.9359375 0.05078125 0.0984375
10 0.5828125 0.8859375 0.0421875 0.0640625
3 0.64140625 0.75625 0.03203125 0.059375
3 0.6671875 0.71953125 0.03359375 0.0484375
3 0.6875 0.68359375 0.03203125 0.06015625
3 0.70546875 0.646875 0.0296875 0.053125
3 0.74453125 0.578125 0.02578125 0.04140625
3 0.78828125 0.21484375 0.03984375 0.04453125
10 0.74765625 0.1828125 0.03359375 0.0453125
3 0.76953125 0.078125 0.025 0.03671875
3 0.3546875 0.8484375 0.04140625 0.09375
10 0.23828125 0.84296875 0.05234375 0.10390625
10 0.18828125 0.7296875 0.0484375 0.0984375
10 0.16015625 0.64921875 0.0390625 0.078125
0 0.13203125 0.28203125 0.02578125 0.0359375
3 0.13984375 0.2609375 0.04609375 0.05390625
0 0.18046875 0.22734375 0.03125 0.03828125
3 0.17578125 0.20859375 0.04140625 0.046875
3 0.17265625 0.1734375 0.03984375 0.02890625
3 0.11796875 0.19609375 0.04375 0.04140625
3 0.2859375 0.10390625 0.03359375 0.0390625
3 0.23359375 0.1171875 0.028125 0.04140625
3 0.2140625 0.13046875 0.02890625 0.0390625
3 0.19453125 0.14375 0.034375 0.03828125
3 0.1234375 0.21640625 0.0421875 0.04375
3 0.08671875 0.16171875 0.04296875 0.040625
10 0.07578125 0.140625 0.0359375 0.04609375
10 0.06796875 0.121875 0.034375 0.04453125
0 0.15546875 0.1515625 0.02265625 0.028125
3 0.01640625 0.2625 0.0328125 0.05625