1 0.2859375 0.815625 0.01875 0.0203125
1 0.41015625 0.80625 0.015625 0.0234375
4 0.35859375 0.80078125 0.01796875 0.02421875
0 0.275 0.93828125 0.025 0.0640625
3 0.45546875 0.86640625 0.034375 0.10625
6 0.296875 0.85 0.0078125 0.0203125
6 0.26328125 0.9046875 0.00625 0.021875
6 0.20390625 0.90078125 0.00703125 0.021875
7 0.4109375 0.80390625 0.00859375 0.01640625
7 0.3578125 0.8 0.00703125 0.02421875
7 0.28359375 0.81171875 0.0109375 0.021875
9 0.6015625 0.575 0.05390625 0.11328125
4 0.54375 0.70546875 0.01328125 0.025
6 0.5265625 0.653125 0.0046875 0.02421875
7 0.54609375 0.70234375 0.00703125 0.0234375
10 0.62890625 0.4078125 0.02578125 0.02109375
9 0.4546875 0.27109375 0.02890625 0.0484375
9 0.3921875 0.17578125 0.02109375 0.03203125
3 0.4 0.1984375 0.0078125 0.0140625
3 0.47578125 0.32109375 0.01484375 0.01640625
3 0.275 0.090625 0.00390625 0.00703125
3 0.25703125 0.26875 0.00859375 0.0140625
3 0.25859375 0.31171875 0.00859375 0.01640625
3 0.25859375 0.2984375 0.00859375 0.01328125
6 0.31015625 0.26875 0.00234375 0.01171875
6 0.28671875 0.1859375 0.00234375 0.009375
6 0.28046875 0.14140625 0.0015625 0.00625
9 0.27421875 0.0796875 0.003125 0.009375
9 0.30546875 0.1140625 0.01171875 0.01640625
3 0.27109375 0.07421875 0.003125 0.0046875
9 0.23984375 0.296875 0.009375 0.0265625
9 0.23828125 0.26953125 0.01171875 0.03359375
3 0.2046875 0.353125 0.0265625 0.01875
3 0.20390625 0.3640625 0.025 0.0140625
3 0.125 0.45390625 0.01640625 0.03515625
6 0.153125 0.9234375 0.01015625 0.02890625
7 0.14765625 0.959375 0.01640625 0.01640625
7 0.1375 0.96328125 0.0109375 0.01796875
1 0.1546875 0.92109375 0.02265625 0.02109375