3 0.22890625 0.11796875 0.01640625 0.0484375
3 0.23203125 0.171875 0.01484375 0.04375
3 0.240625 0.21953125 0.0171875 0.040625
3 0.32109375 0.36875 0.03203125 0.0484375
3 0.3375 0.34921875 0.028125 0.04453125
3 0.35078125 0.41953125 0.03515625 0.046875
3 0.2515625 0.5 0.02109375 0.06875
3 0.27421875 0.50078125 0.01875 0.059375
3 0.37265625 0.35078125 0.03125 0.04609375
3 0.4421875 0.521875 0.0390625 0.05703125
3 0.4859375 0.565625 0.03984375 0.06328125
3 0.52890625 0.62578125 0.04140625 0.06640625
3 0.6515625 0.7 0.0484375 0.05703125
3 0.62421875 0.63359375 0.0421875 0.06171875
3 0.69921875 0.709375 0.04140625 0.0390625
3 0.11953125 0.53046875 0.03828125 0.025
3 0.11640625 0.55703125 0.0390625 0.02578125
3 0.11484375 0.58359375 0.03828125 0.0359375
3 0.1125 0.6484375 0.02265625 0.06015625
3 0.08515625 0.6125 0.04765625 0.0359375
3 0.0796875 0.646875 0.04453125 0.03203125
3 0.06953125 0.68046875 0.04609375 0.034375
3 0.06328125 0.71328125 0.04765625 0.03125
3 0.103125 0.7046875 0.0265625 0.0484375
10 0.30546875 0.30234375 0.03046875 0.053125
10 0.37421875 0.39453125 0.02890625 0.04609375
10 0.4109375 0.3921875 0.03515625 0.05859375
10 0.39765625 0.4625 0.03515625 0.05859375
10 0.46328125 0.49296875 0.03515625 0.06328125
10 0.54453125 0.5390625 0.04296875 0.065625
10 0.50078125 0.48828125 0.03671875 0.0640625
10 0.52578125 0.565625 0.040625 0.06328125
10 0.58671875 0.6359375 0.04765625 0.06953125
9 0.58515625 0.68359375 0.0546875 0.08359375
10 0.4109375 0.52890625 0.0375 0.06328125
2 0.41640625 0.44140625 0.04921875 0.07109375
2 0.27734375 0.29140625 0.0625 0.115625
6 0.309375 0.140625 0.0078125 0.01640625
6 0.3203125 0.13125 0.00625 0.01171875
6 0.31796875 0.07109375 0.0046875 0.01640625