3 0.10234375 0.57578125 0.02265625 0.01953125
3 0.18203125 0.56953125 0.02421875 0.01796875
3 0.24140625 0.57578125 0.02421875 0.01953125
2 0.2421875 0.55 0.0359375 0.02421875
2 0.14921875 0.534375 0.06484375 0.03671875
3 0.30234375 0.61328125 0.02265625 0.01640625
3 0.31015625 0.5890625 0.0234375 0.01953125
2 0.3734375 0.59453125 0.03203125 0.021875
9 0.3125 0.5609375 0.05390625 0.028125
2 0.44609375 0.69921875 0.06015625 0.0390625
3 0.42890625 0.6640625 0.02421875 0.0203125
3 0.4578125 0.66796875 0.0234375 0.0203125
9 0.49375 0.67421875 0.02578125 0.021875
3 0.52734375 0.67578125 0.021875 0.0203125
3 0.559375 0.678125 0.0234375 0.0203125
3 0.58828125 0.6796875 0.0265625 0.02421875
3 0.62265625 0.6859375 0.02578125 0.02421875
3 0.65390625 0.69453125 0.0265625 0.02578125
3 0.6359375 0.64921875 0.02421875 0.0203125
3 0.55390625 0.60859375 0.02421875 0.01875
3 0.48125 0.62890625 0.02734375 0.01953125
3 0.4765625 0.60078125 0.025 0.01875
9 0.315625 0.4921875 0.0359375 0.05859375
3 0.375 0.38046875 0.0109375 0.03671875
3 0.375 0.296875 0.01015625 0.0359375
9 0.33515625 0.24296875 0.01640625 0.08671875
3 0.378125 0.14296875 0.01015625 0.03359375
9 0.34140625 0.08125 0.01328125 0.04921875
3 0.38046875 0.01328125 0.009375 0.0265625