10 0.009375 0.5984375 0.01875 0.0625
10 0.33359375 0.3453125 0.0578125 0.11875
3 0.00859375 0.66484375 0.0171875 0.0453125
3 0.1625 0.70390625 0.028125 0.05
3 0.2890625 0.715625 0.034375 0.0578125
3 0.38671875 0.55390625 0.053125 0.1015625
3 0.4484375 0.5875 0.053125 0.0890625
3 0.3234375 0.79296875 0.03125 0.0546875
3 0.20390625 0.884375 0.021875 0.0328125
3 0.1953125 0.94140625 0.021875 0.03125
3 0.1671875 0.7875 0.0265625 0.0421875
3 0.1171875 0.92421875 0.015625 0.0265625
4 0.23125 0.9296875 0.0109375 0.021875
7 0.6703125 0.4859375 0.0078125 0.01875
7 0.6640625 0.496875 0.0078125 0.015625
6 0.6375 0.55078125 0.0078125 0.021875
7 0.54609375 0.57890625 0.0078125 0.01875
7 0.54609375 0.58671875 0.0109375 0.0140625
6 0.4609375 0.74375 0.0046875 0.01875
7 0.4765625 0.7453125 0.0078125 0.009375
6 0.48671875 0.74921875 0.00625 0.01875
6 0.484375 0.753125 0.0046875 0.01875
6 0.4109375 0.828125 0.0125 0.025
6 0.40546875 0.8359375 0.0046875 0.01875
6 0.3921875 0.82734375 0.0046875 0.01875
6 0.3875 0.8234375 0.0046875 0.01875
6 0.3828125 0.8265625 0.0078125 0.01875
6 0.37421875 0.8125 0.00625 0.015625
6 0.36640625 0.81953125 0.0046875 0.01875
6 0.34609375 0.8328125 0.0046875 0.015625
6 0.35078125 0.83359375 0.0046875 0.01875
6 0.353125 0.8421875 0.0078125 0.01875
6 0.3484375 0.84296875 0.0046875 0.015625
6 0.3453125 0.83984375 0.00625 0.01875
6 0.325 0.91171875 0.0046875 0.015625
6 0.28046875 0.97421875 0.0046875 0.0109375
6 0.26484375 0.97421875 0.0046875 0.0078125
6 0.24375 0.965625 0.0046875 0.015625
6 0.24140625 0.96796875 0.0046875 0.0140625