3 0.3859375 0.4828125 0.184375 0.0828125
3 0.115625 0.57265625 0.215625 0.0859375
3 0.64296875 0.559375 0.1015625 0.053125
3 0.5671875 0.64609375 0.0953125 0.06875
3 0.4875 0.809375 0.071875 0.1078125
3 0.34609375 0.81484375 0.09375 0.1203125
3 0.41796875 0.8140625 0.08125 0.115625
3 0.54921875 0.815625 0.0765625 0.096875
3 0.603125 0.81640625 0.065625 0.0921875
3 0.64609375 0.81953125 0.0671875 0.0859375
3 0.6890625 0.8171875 0.0546875 0.0828125
3 0.68828125 0.62265625 0.1046875 0.05
10 0.834375 0.63515625 0.1046875 0.0546875
10 0.6625 0.36484375 0.1203125 0.0796875
3 0.84765625 0.53046875 0.08125 0.0515625
3 0.8859375 0.58515625 0.059375 0.034375
3 0.96796875 0.653125 0.0328125 0.0328125
3 0.86796875 0.95546875 0.0546875 0.065625
3 0.7015625 0.99140625 0.09375 0.0171875
3 0.7125 0.97421875 0.1 0.0515625
3 0.71796875 0.94140625 0.096875 0.0609375
3 0.72578125 0.903125 0.0890625 0.05
3 0.72734375 0.8671875 0.0859375 0.0453125
10 0.6984375 0.7453125 0.1 0.0546875
3 0.2578125 0.81171875 0.1015625 0.13125
3 0.15390625 0.80859375 0.1140625 0.1375
3 0.05078125 0.8015625 0.1015625 0.146875
3 0.6296875 0.89765625 0.0890625 0.04375
3 0.54921875 0.9515625 0.1265625 0.0765625
3 0.5375 0.9765625 0.1125 0.046875
7 0.49453125 0.5890625 0.040625 0.01875
1 0.4796875 0.58984375 0.0609375 0.021875
6 0.88515625 0.8125 0.0390625 0.015625
6 0.78203125 0.82421875 0.0390625 0.015625
6 0.78125 0.8328125 0.040625 0.015625
6 0.79609375 0.8234375 0.0390625 0.0171875
0 0.7796875 0.8453125 0.0421875 0.05
7 0.7734375 0.696875 0.040625 0.01875
4 0.77109375 0.69609375 0.0421875 0.01875
6 0.70625 0.684375 0.0421875 0.015625
6 0.728125 0.684375 0.0375 0.015625
0 0.71484375 0.7 0.0875 0.0375
0 0.7828125 0.746875 0.04375 0.0375
6 0.80703125 0.74921875 0.0265625 0.0125
7 0.815625 0.76796875 0.0390625 0.015625
6 0.78515625 0.759375 0.034375 0.0109375
1 0.8078125 0.765625 0.0234375 0.0203125
1 0.334375 0.965625 0.0296875 0.03125
6 0.84453125 0.48671875 0.0453125 0.015625
6 0.86640625 0.49296875 0.0359375 0.0140625
6 0.98203125 0.5375 0.0328125 0.0140625
6 0.89140625 0.4453125 0.03125 0.0140625
6 0.89296875 0.465625 0.0328125 0.015625
6 0.90234375 0.4578125 0.0296875 0.0140625
6 0.9 0.4484375 0.03125 0.0140625
9 0.8546875 0.4359375 0.1046875 0.071875
7 0.89765625 0.503125 0.0390625 0.015625
7 0.97421875 0.40234375 0.0296875 0.0140625
7 0.98203125 0.47109375 0.0265625 0.0125
7 0.98984375 0.49140625 0.0203125 0.0109375
6 0.9890625 0.5125 0.021875 0.0125
6 0.98828125 0.5234375 0.0234375 0.009375
4 0.9875 0.49375 0.01875 0.01875
4 0.971875 0.47109375 0.0234375 0.028125
1 0.89609375 0.50234375 0.0328125 0.0140625
1 0.978125 0.44609375 0.0265625 0.0140625
1 0.9640625 0.4046875 0.028125 0.021875
6 0.9828125 0.4421875 0.034375 0.015625
0 0.91015625 0.4921875 0.0296875 0.03125
6 0.9234375 0.49453125 0.01875 0.00625