10 0.26484375 0.98515625 0.0828125 0.0296875
3 0.26484375 0.9625 0.1171875 0.075
3 0.29453125 0.86015625 0.08984375 0.06484375
10 0.3078125 0.80859375 0.07421875 0.0609375
10 0.35625 0.54375 0.0140625 0.025
10 0.37734375 0.596875 0.02890625 0.02578125
3 0.465625 0.8265625 0.03203125 0.0703125
6 0.6265625 0.87890625 0.01484375 0.05390625
3 0.64921875 0.6703125 0.03203125 0.03515625
7 0.48515625 0.67890625 0.0078125 0.02109375
4 0.48515625 0.6890625 0.00546875 0.0203125
3 0.45546875 0.6390625 0.01875 0.03359375
3 0.45546875 0.5859375 0.01484375 0.02421875
3 0.6234375 0.59453125 0.01796875 0.02421875
3 0.453125 0.540625 0.0109375 0.01875
3 0.503125 0.5453125 0.01015625 0.01640625
6 0.55 0.58125 0.00546875 0.021875
7 0.52734375 0.55078125 0.00390625 0.01484375
4 0.528125 0.5546875 0.00390625 0.0109375
7 0.46484375 0.5265625 0.00234375 0.0140625
4 0.46484375 0.5296875 0.003125 0.0109375
3 0.4546875 0.53046875 0.01171875 0.01328125
3 0.4515625 0.52421875 0.009375 0.0140625
3 0.45078125 0.5171875 0.009375 0.01171875
3 0.5859375 0.5640625 0.028125 0.01953125
3 0.578125 0.553125 0.0234375 0.01640625
3 0.56796875 0.55 0.021875 0.01875
3 0.56484375 0.54375 0.02265625 0.0140625
10 0.5625 0.5390625 0.01953125 0.015625
3 0.55625 0.53671875 0.02109375 0.01328125
3 0.546875 0.5359375 0.02109375 0.015625
3 0.52890625 0.525 0.01015625 0.01640625
3 0.5046875 0.509375 0.00859375 0.01328125
3 0.50703125 0.49609375 0.01796875 0.0140625
3 0.4515625 0.49375 0.00703125 0.0109375
3 0.46796875 0.46953125 0.00703125 0.01015625
3 0.459375 0.4515625 0.0046875 0.00546875
3 0.46796875 0.45078125 0.00546875 0.00703125
3 0.5046875 0.47734375 0.01484375 0.00859375
3 0.4875 0.46484375 0.00546875 0.009375
6 0.48203125 0.46484375 0.00234375 0.0109375
3 0.4484375 0.48203125 0.00546875 0.009375
3 0.44921875 0.471875 0.00546875 0.00859375
3 0.4484375 0.4609375 0.0046875 0.009375
6 0.434375 0.51640625 0.00234375 0.0140625
7 0.4640625 0.48828125 0.00234375 0.00703125
7 0.44765625 0.50546875 0.00234375 0.009375
4 0.4640625 0.49140625 0.00234375 0.00703125
6 0.53203125 0.50625 0.003125 0.01328125
6 0.5546875 0.5234375 0.00234375 0.01640625
10 0.4640625 0.434375 0.003125 0.00703125
1 0.80703125 0.7640625 0.025 0.021875
7 0.99375 0.9125 0.0125 0.046875