3 0.38203125 0.12109375 0.00390625 0.00703125
3 0.37109375 0.15 0.003125 0.00546875
3 0.375 0.16640625 0.00234375 0.0046875
9 0.3671875 0.16328125 0.00546875 0.01875
5 0.3609375 0.18359375 0.00703125 0.01640625
3 0.36171875 0.215625 0.00390625 0.00625
9 0.32890625 0.33828125 0.009375 0.0203125
9 0.33671875 0.36796875 0.009375 0.0265625
10 0.3421875 0.2796875 0.00546875 0.01328125
3 0.35078125 0.2609375 0.00546875 0.00859375
2 0.359375 0.225 0.0078125 0.0203125
3 0.29140625 0.77109375 0.01953125 0.053125
3 0.3078125 0.4703125 0.00859375 0.02421875
5 0.3171875 0.16484375 0.01796875 0.0109375
5 0.34609375 0.10234375 0.01171875 0.00859375
9 0.31328125 0.134375 0.00390625 0.01171875
6 0.15859375 0.89140625 0.00703125 0.021875
6 0.1640625 0.88671875 0.00859375 0.0203125