7 0.47109375 0.98828125 0.0328125 0.0234375
7 0.46640625 0.93671875 0.04375 0.090625
4 0.46484375 0.94375 0.0609375 0.0890625
1 0.4671875 0.99765625 0.04375 0.0046875
6 0.615625 0.9609375 0.046875 0.078125
6 0.39921875 0.89453125 0.0375 0.0859375
6 0.4171875 0.896875 0.034375 0.0890625
6 0.3359375 0.75390625 0.034375 0.0734375
7 0.31796875 0.85234375 0.04375 0.0921875
6 0.39765625 0.8625 0.03125 0.075
6 0.346875 0.80546875 0.034375 0.0859375
6 0.35859375 0.77421875 0.034375 0.0765625
6 0.37421875 0.7890625 0.0328125 0.0796875
7 0.346875 0.78671875 0.015625 0.0296875
4 0.315625 0.8640625 0.0578125 0.0859375
10 0.51328125 0.86171875 0.16875 0.221875
7 0.47265625 0.7046875 0.0203125 0.0359375
7 0.4578125 0.70078125 0.0125 0.0234375
7 0.46328125 0.7078125 0.0140625 0.0265625
7 0.46640625 0.63046875 0.021875 0.0359375
6 0.4625 0.68046875 0.021875 0.059375
6 0.4703125 0.69140625 0.028125 0.0609375
6 0.46953125 0.715625 0.028125 0.0703125
6 0.375 0.6375 0.0265625 0.0640625
6 0.375 0.6265625 0.025 0.065625
6 0.39609375 0.6421875 0.0265625 0.0640625
6 0.4046875 0.6546875 0.0328125 0.0734375
6 0.41640625 0.65234375 0.0265625 0.0640625
6 0.4265625 0.64765625 0.0234375 0.065625
6 0.45390625 0.63359375 0.025 0.0609375
6 0.40703125 0.609375 0.025 0.0578125
6 0.41640625 0.61640625 0.025 0.0578125
6 0.41640625 0.6296875 0.025 0.0703125
7 0.4359375 0.6125 0.025 0.04375
6 0.4703125 0.59765625 0.0234375 0.0484375
6 0.48125 0.625 0.01875 0.059375
6 0.49375 0.61875 0.021875 0.059375
6 0.5109375 0.64453125 0.021875 0.059375
6 0.53125 0.6515625 0.0265625 0.0671875
6 0.490625 0.58671875 0.0234375 0.0546875
6 0.48828125 0.60390625 0.028125 0.0609375
6 0.49453125 0.5953125 0.021875 0.0609375
6 0.51484375 0.62578125 0.0203125 0.053125
6 0.5140625 0.584375 0.025 0.05
6 0.52890625 0.60078125 0.025 0.0578125
6 0.5359375 0.5953125 0.021875 0.05625
6 0.534375 0.5734375 0.021875 0.05
7 0.52265625 0.58671875 0.0203125 0.0390625
10 0.3421875 0.603125 0.0828125 0.121875
4 0.275 0.65078125 0.0515625 0.0578125
6 0.203125 0.58125 0.028125 0.0703125
7 0.2234375 0.56015625 0.0234375 0.0484375
6 0.25859375 0.55390625 0.03125 0.059375
7 0.275 0.546875 0.021875 0.0421875
7 0.2578125 0.5265625 0.0203125 0.0359375
7 0.27421875 0.5359375 0.021875 0.0453125
7 0.27109375 0.521875 0.0203125 0.0390625
4 0.35546875 0.44453125 0.0234375 0.0453125
6 0.4203125 0.4375 0.0171875 0.0375
9 0.4015625 0.478125 0.0796875 0.0703125
10 0.45234375 0.503125 0.071875 0.0828125
10 0.49140625 0.5625 0.0953125 0.1
4 0.4140625 0.40390625 0.015625 0.03125
4 0.4359375 0.4203125 0.021875 0.03125
8 0.43671875 0.40546875 0.0265625 0.0375
7 0.4515625 0.40390625 0.015625 0.0296875
7 0.46484375 0.4015625 0.0125 0.0265625
6 0.4828125 0.4046875 0.0109375 0.025
8 0.46171875 0.41953125 0.0234375 0.034375
8 0.49453125 0.496875 0.034375 0.0359375
4 0.49921875 0.42578125 0.021875 0.03125
4 0.4921875 0.4453125 0.025 0.0328125
4 0.496875 0.4484375 0.0265625 0.0296875
4 0.5015625 0.4546875 0.0234375 0.0234375
4 0.5046875 0.45859375 0.0265625 0.0234375
4 0.50546875 0.46484375 0.025 0.025
7 0.60859375 0.56796875 0.0234375 0.0484375
6 0.61640625 0.59609375 0.0203125 0.053125
6 0.65 0.596875 0.025 0.0578125
6 0.6203125 0.5265625 0.0203125 0.0515625
7 0.6671875 0.53671875 0.0140625 0.0265625
7 0.68125 0.534375 0.015625 0.0328125
7 0.715625 0.5609375 0.025 0.046875
8 0.71640625 0.57421875 0.028125 0.0359375
7 0.74375 0.5140625 0.015625 0.03125
6 0.7546875 0.48359375 0.01875 0.0453125
6 0.771875 0.51875 0.01875 0.0421875
6 0.8109375 0.51171875 0.0171875 0.0359375
6 0.78984375 0.5015625 0.01875 0.0421875
6 0.790625 0.5015625 0.0140625 0.034375
6 0.7953125 0.484375 0.015625 0.0390625
6 0.80390625 0.484375 0.0171875 0.040625
6 0.84140625 0.5015625 0.0171875 0.0390625
10 0.80703125 0.69609375 0.1125 0.121875
7 0.85546875 0.6609375 0.0203125 0.0390625
4 0.86328125 0.67734375 0.0421875 0.05625
4 0.91484375 0.8359375 0.0328125 0.0640625
10 0.9359375 0.7890625 0.0390625 0.0859375
8 0.94765625 0.6890625 0.05 0.0546875
7 0.94765625 0.659375 0.0265625 0.0546875
4 0.94375 0.66171875 0.0484375 0.053125
6 0.97265625 0.62421875 0.028125 0.05
7 0.9859375 0.58515625 0.0203125 0.028125
7 0.95546875 0.578125 0.0203125 0.028125
6 0.9375 0.54921875 0.0234375 0.05
10 0.878125 0.6203125 0.0890625 0.0953125
10 0.871875 0.5859375 0.0859375 0.084375
10 0.821875 0.54765625 0.0640625 0.065625
7 0.8703125 0.503125 0.009375 0.0171875
6 0.87734375 0.49453125 0.0171875 0.0359375
6 0.88515625 0.5 0.015625 0.0328125
6 0.8875 0.50625 0.0203125 0.0375
10 0.89609375 0.521875 0.0546875 0.0640625
3 0.94453125 0.51640625 0.040625 0.053125
10 0.97734375 0.49375 0.0453125 0.0625
3 0.9921875 0.4828125 0.015625 0.046875
6 0.9703125 0.43671875 0.015625 0.0328125
6 0.98046875 0.44453125 0.0171875 0.0359375
3 0.98515625 0.4171875 0.0296875 0.0375
3 0.98359375 0.3828125 0.0328125 0.03125
3 0.83515625 0.45234375 0.0578125 0.0484375
10 0.846875 0.4421875 0.05 0.0484375
10 0.86953125 0.44375 0.0515625 0.05
3 0.8875 0.44375 0.053125 0.0453125
10 0.89921875 0.4296875 0.0703125 0.065625
10 0.91171875 0.42890625 0.05 0.0515625
10 0.928125 0.42421875 0.0625 0.0578125
10 0.940625 0.4234375 0.046875 0.0421875
10 0.9453125 0.4203125 0.0453125 0.0328125
10 0.95 0.4109375 0.053125 0.040625
10 0.90625 0.3921875 0.046875 0.0421875
3 0.959375 0.3796875 0.0453125 0.0328125
3 0.93515625 0.3609375 0.040625 0.0296875
6 0.84375 0.37109375 0.0109375 0.025
1 0.840625 0.37421875 0.021875 0.01875
3 0.85859375 0.3703125 0.04375 0.0359375
3 0.84765625 0.32265625 0.03125 0.0265625
10 0.96796875 0.31328125 0.028125 0.0234375
3 0.81953125 0.25703125 0.021875 0.0171875
3 0.79921875 0.25 0.0203125 0.015625
6 0.03359375 0.7078125 0.0484375 0.084375
6 0.10625 0.68203125 0.0453125 0.084375
10 0.065625 0.6390625 0.13125 0.128125
10 0.034375 0.54765625 0.06875 0.1265625
3 0.046875 0.50234375 0.09375 0.1109375
3 0.04140625 0.478125 0.0828125 0.09375
3 0.03828125 0.44140625 0.0765625 0.0734375
3 0.0984375 0.41953125 0.0984375 0.075
3 0.34765625 0.24140625 0.034375 0.0265625
3 0.33828125 0.23046875 0.0328125 0.03125
3 0.33515625 0.1765625 0.025 0.0203125
3 0.321875 0.16875 0.025 0.01875
3 0.28046875 0.184375 0.03125 0.025
3 0.27734375 0.18046875 0.0265625 0.0203125
10 0.38046875 0.1984375 0.0203125 0.0265625
2 0.35703125 0.1828125 0.034375 0.0390625
9 0.28515625 0.20234375 0.0625 0.04375
3 0.2421875 0.178125 0.0328125 0.021875
9 0.26484375 0.1703125 0.0359375 0.0328125
9 0.31484375 0.159375 0.0296875 0.025
3 0.30625 0.15703125 0.0203125 0.015625
3 0.30390625 0.1546875 0.01875 0.015625
3 0.2984375 0.153125 0.01875 0.015625
3 0.29453125 0.15234375 0.015625 0.015625
9 0.2890625 0.14375 0.0296875 0.025
9 0.28359375 0.1375 0.0265625 0.0265625
9 0.278125 0.134375 0.0296875 0.0296875
3 0.25703125 0.13515625 0.0109375 0.0109375
3 0.259375 0.12578125 0.0296875 0.0265625
3 0.25234375 0.12109375 0.0359375 0.03125
3 0.25390625 0.15546875 0.040625 0.0375
10 0.23046875 0.17265625 0.034375 0.0359375