3 0.709375 0.26328125 0.03046875 0.0796875
3 0.79453125 0.89140625 0.03515625 0.11796875
3 0.7453125 0.859375 0.03515625 0.1046875
3 0.596875 0.74375 0.03984375 0.109375
3 0.4015625 0.5765625 0.0421875 0.09375
3 0.35859375 0.54609375 0.04375 0.09453125
0 0.359375 0.396875 0.03671875 0.05
3 0.29765625 0.50390625 0.04296875 0.08984375
4 0.3171875 0.52578125 0.01640625 0.028125
4 0.3078125 0.55546875 0.01640625 0.0296875
6 0.31875 0.5734375 0.0046875 0.01171875
4 0.31328125 0.6 0.0125 0.03359375
7 0.3046875 0.61875 0.0109375 0.01796875
7 0.3046875 0.64453125 0.00859375 0.015625
3 0.2640625 0.47578125 0.04609375 0.08828125
3 0.2390625 0.45625 0.04296875 0.0859375
3 0.17890625 0.4140625 0.04375 0.08359375
6 0.1578125 0.375 0.0125 0.02421875