6 0.1078125 0.88359375 0.028125 0.021875
7 0.1046875 0.890625 0.01875 0.0171875
6 0.09296875 0.86796875 0.0109375 0.0171875
4 0.0734375 0.7453125 0.046875 0.0375
7 0.07890625 0.74453125 0.053125 0.0328125
10 0.04765625 0.6890625 0.05625 0.1140625
3 0.1265625 0.94609375 0.05625 0.1078125
3 0.1671875 0.9390625 0.1046875 0.1171875
1 0.01875 0.596875 0.0328125 0.0421875
6 0.01953125 0.57734375 0.0375 0.025
3 0.06328125 0.59375 0.11875 0.134375
3 0.0984375 0.553125 0.1078125 0.1140625
3 0.1390625 0.509375 0.1125 0.1
6 0.1953125 0.5296875 0.053125 0.025
6 0.18359375 0.52734375 0.03125 0.015625
10 0.35390625 0.9671875 0.0953125 0.065625
3 0.296875 0.96015625 0.0859375 0.075
3 0.28984375 0.9140625 0.1078125 0.0875
10 0.259375 0.84453125 0.096875 0.103125
8 0.36171875 0.86796875 0.0453125 0.0515625
3 0.27421875 0.75859375 0.0796875 0.05625
9 0.26875 0.70546875 0.0953125 0.0578125
7 0.34765625 0.69375 0.0296875 0.0203125
3 0.25859375 0.65546875 0.0734375 0.05625
10 0.3484375 0.6484375 0.0609375 0.0421875
3 0.26484375 0.60859375 0.0765625 0.053125
3 0.26171875 0.540625 0.0703125 0.0703125
3 0.3734375 0.60546875 0.053125 0.0515625
3 0.36328125 0.5796875 0.0515625 0.04375
3 0.31796875 0.56484375 0.0609375 0.059375
3 0.35234375 0.55234375 0.053125 0.0515625
10 0.34296875 0.51953125 0.0640625 0.0515625
6 0.309375 0.54375 0.04375 0.0203125
6 0.309375 0.53515625 0.0328125 0.01875
10 0.2875 0.4859375 0.071875 0.065625
6 0.39140625 0.525 0.028125 0.0140625
6 0.40546875 0.52578125 0.0328125 0.0171875
6 0.42734375 0.55078125 0.0234375 0.0125
6 0.41953125 0.55390625 0.0234375 0.0109375
6 0.3890625 0.5015625 0.0265625 0.0140625
6 0.41953125 0.5 0.0203125 0.0109375
7 0.42890625 0.4765625 0.0296875 0.0171875
6 0.440625 0.5015625 0.025 0.0140625
7 0.446875 0.49921875 0.009375 0.00625
7 0.4328125 0.440625 0.0171875 0.0109375
6 0.4546875 0.38125 0.025 0.0140625
3 0.42109375 0.40234375 0.0359375 0.046875
3 0.31484375 0.42109375 0.053125 0.0515625
3 0.3453125 0.36796875 0.0625 0.0515625
3 0.3578125 0.334375 0.0515625 0.0375
10 0.20390625 0.45859375 0.0875 0.0734375
8 0.24453125 0.44453125 0.0453125 0.0390625
7 0.25234375 0.43828125 0.025 0.0140625
7 0.24609375 0.434375 0.0265625 0.0171875
10 0.240625 0.40078125 0.071875 0.0515625
10 0.259375 0.35546875 0.0640625 0.0515625
10 0.4578125 0.321875 0.03125 0.0203125
3 0.36953125 0.3078125 0.0359375 0.0296875
3 0.4109375 0.2109375 0.03125 0.028125
3 0.4171875 0.190625 0.025 0.021875
3 0.425 0.17890625 0.0265625 0.025
3 0.428125 0.165625 0.021875 0.0203125
3 0.440625 0.153125 0.025 0.0296875
10 0.44296875 0.1375 0.021875 0.0171875
3 0.44609375 0.13046875 0.01875 0.0171875
3 0.4484375 0.12265625 0.01875 0.015625
10 0.4546875 0.1140625 0.021875 0.0171875
3 0.31328125 0.04296875 0.034375 0.025
3 0.32890625 0.03515625 0.0265625 0.015625
3 0.34921875 0.02734375 0.0296875 0.015625
3 0.378125 0.015625 0.025 0.009375
10 0.54296875 0.29375 0.0171875 0.0109375
10 0.546875 0.3015625 0.0140625 0.009375
10 0.57109375 0.5046875 0.0234375 0.0234375