3 0.55234375 0.02890625 0.0171875 0.0578125
3 0.57578125 0.03046875 0.01953125 0.0609375
3 0.6 0.02734375 0.02109375 0.0546875
10 0.103125 0.73828125 0.0421875 0.1
3 0.25625 0.54609375 0.02890625 0.09921875
10 0.340625 0.54453125 0.02578125 0.09140625
10 0.4109375 0.5265625 0.02109375 0.08515625
10 0.48359375 0.52109375 0.01953125 0.090625
10 0.5171875 0.5140625 0.0328125 0.08515625
3 0.54921875 0.51171875 0.03046875 0.09453125
3 0.58359375 0.509375 0.02890625 0.0953125
3 0.61796875 0.515625 0.02734375 0.10078125
3 0.6796875 0.5140625 0.02734375 0.0953125
6 0.765625 0.56875 0.01171875 0.028125
6 0.7765625 0.584375 0.01171875 0.025
3 0.78125 0.5140625 0.03515625 0.0953125
8 0.81875 0.503125 0.02578125 0.0734375
3 0.86875 0.50546875 0.0390625 0.09921875