7 0.521875 0.8546875 0.02578125 0.071875
4 0.51640625 0.87421875 0.05703125 0.0703125
1 0.2609375 0.79765625 0.05234375 0.0546875
6 0.26015625 0.790625 0.0234375 0.09453125
6 0.12421875 0.58359375 0.01875 0.06484375
6 0.32265625 0.6640625 0.01953125 0.078125
3 0.0765625 0.5609375 0.08984375 0.09375
3 0.1171875 0.48359375 0.05859375 0.06015625
3 0.196875 0.428125 0.0484375 0.04609375
3 0.1 0.44375 0.0625 0.0546875
3 0.05625 0.40625 0.07109375 0.0515625
3 0.10703125 0.40625 0.05078125 0.04296875
6 0.05390625 0.39609375 0.01328125 0.0453125
3 0.28125 0.36640625 0.03046875 0.034375
3 0.67734375 0.496875 0.08046875 0.0515625
3 0.70703125 0.4296875 0.04296875 0.04453125
3 0.67890625 0.415625 0.04765625 0.05
3 0.57734375 0.3671875 0.034375 0.03984375
3 0.5546875 0.359375 0.02890625 0.03984375
3 0.52890625 0.3546875 0.034375 0.0296875
3 0.515625 0.35234375 0.05078125 0.0359375
3 0.5140625 0.3390625 0.04296875 0.03359375
3 0.509375 0.33125 0.0453125 0.028125
3 0.50625 0.328125 0.040625 0.03125
3 0.49375 0.3 0.03203125 0.021875
3 0.49375 0.28828125 0.0234375 0.01640625
3 0.49609375 0.28359375 0.02265625 0.02109375
6 0.47890625 0.34140625 0.0046875 0.01875
6 0.47578125 0.3375 0.00546875 0.025
6 0.46484375 0.2921875 0.00546875 0.01953125
6 0.45546875 0.2953125 0.00390625 0.0203125
6 0.45078125 0.3 0.00390625 0.0203125
6 0.4484375 0.3 0.00390625 0.0203125
6 0.4703125 0.26875 0.0046875 0.01953125
6 0.4546875 0.27890625 0.00390625 0.0140625
6 0.45234375 0.27890625 0.003125 0.01640625
6 0.42734375 0.27421875 0.00546875 0.01796875
6 0.38046875 0.4046875 0.00859375 0.03515625
7 0.42421875 0.253125 0.003125 0.00859375
7 0.4328125 0.25 0.00234375 0.009375
7 0.4484375 0.2609375 0.00390625 0.009375
7 0.4421875 0.2390625 0.00234375 0.00859375
4 0.42421875 0.25703125 0.00390625 0.009375
4 0.4328125 0.25390625 0.00234375 0.00703125
1 0.44921875 0.2671875 0.0046875 0.00859375
4 0.4421875 0.2421875 0.00390625 0.00625
6 0.4515625 0.24921875 0.00234375 0.01171875
6 0.45078125 0.24609375 0.00234375 0.01171875
6 0.45546875 0.246875 0.00234375 0.0109375
6 0.4546875 0.246875 0.003125 0.0109375
6 0.4484375 0.23125 0.00234375 0.009375
6 0.43203125 0.23046875 0.003125 0.01015625
6 0.45234375 0.23359375 0.003125 0.0109375
6 0.45234375 0.228125 0.003125 0.01015625
6 0.45625 0.2265625 0.00234375 0.01015625
3 0.440625 0.23203125 0.00703125 0.01171875
3 0.459375 0.240625 0.00859375 0.0140625
3 0.46015625 0.2359375 0.00625 0.01328125
3 0.43203125 0.21484375 0.00546875 0.00703125
3 0.30625 0.29765625 0.0203125 0.02109375
3 0.32421875 0.28203125 0.01640625 0.01640625
3 0.3390625 0.2734375 0.01484375 0.01484375
3 0.34609375 0.26640625 0.0125 0.01640625
3 0.3546875 0.2609375 0.01171875 0.01328125
3 0.3625 0.25546875 0.0109375 0.01328125
3 0.3671875 0.25 0.0109375 0.0109375
3 0.3703125 0.24609375 0.00859375 0.01328125
10 0.375 0.24140625 0.01015625 0.01171875
3 0.3828125 0.2390625 0.00703125 0.009375
3 0.3890625 0.234375 0.0078125 0.009375
3 0.2984375 0.28828125 0.015625 0.01953125
3 0.3140625 0.278125 0.015625 0.01953125
3 0.32421875 0.26640625 0.0140625 0.01875
3 0.3359375 0.2640625 0.01328125 0.01640625
3 0.32734375 0.25703125 0.01015625 0.01328125
3 0.334375 0.253125 0.01015625 0.0109375
3 0.34296875 0.25546875 0.0125 0.01328125
3 0.35 0.2515625 0.01015625 0.01171875
3 0.35546875 0.25 0.009375 0.01328125
3 0.359375 0.24453125 0.01015625 0.01171875
2 0.34375 0.240625 0.02265625 0.02578125
2 0.30625 0.26171875 0.03359375 0.0359375
7 0.3328125 0.23203125 0.00390625 0.00703125
6 0.3546875 0.234375 0.00234375 0.01015625
3 0.2796875 0.28671875 0.0203125 0.021875
3 0.25625 0.296875 0.02265625 0.0234375
3 0.28359375 0.31171875 0.02265625 0.02578125
3 0.25703125 0.33359375 0.02890625 0.028125
3 0.25546875 0.31484375 0.02421875 0.02421875
3 0.2125 0.32578125 0.02578125 0.02421875
3 0.2234375 0.3359375 0.02890625 0.03125
3 0.19921875 0.3765625 0.04140625 0.0390625
3 0.15234375 0.35703125 0.0328125 0.03515625
3 0.17109375 0.36796875 0.04453125 0.04375
6 0.12734375 0.353125 0.0078125 0.025
6 0.140625 0.35078125 0.00859375 0.02578125
6 0.14921875 0.34140625 0.00625 0.02109375
1 0.128125 0.359375 0.0140625 0.01953125
1 0.140625 0.353125 0.01171875 0.01328125
4 0.1515625 0.34453125 0.0171875 0.0140625
6 0.190625 0.303125 0.0078125 0.0265625
7 0.25078125 0.26796875 0.00703125 0.01328125
9 0.22109375 0.2703125 0.040625 0.03359375
9 0.28515625 0.2453125 0.0234375 0.028125
3 0.3234375 0.3109375 0.0234375 0.021875
6 0.28046875 0.38828125 0.0078125 0.03828125
6 0.321875 0.3609375 0.00546875 0.02578125
6 0.31796875 0.35546875 0.00546875 0.02578125
6 0.32265625 0.35390625 0.00546875 0.0265625
6 0.3484375 0.3453125 0.00546875 0.028125
1 0.34609375 0.35 0.015625 0.01484375
9 0.35703125 0.38046875 0.0296875 0.04921875
10 0.3703125 0.34921875 0.03515625 0.03671875
3 0.3875 0.33359375 0.0328125 0.03359375
9 0.38203125 0.31640625 0.02421875 0.040625
9 0.36484375 0.23515625 0.01328125 0.01875
7 0.3578125 0.23359375 0.00234375 0.00625
4 0.3578125 0.23359375 0.00390625 0.0046875
6 0.35859375 0.23203125 0.0015625 0.00703125
3 0.37265625 0.23828125 0.00625 0.009375
3 0.3765625 0.23515625 0.00625 0.009375
3 0.3796875 0.234375 0.0046875 0.0109375