9 0.81953125 0.59453125 0.0484375 0.10625
9 0.7640625 0.4234375 0.0265625 0.0421875
9 0.6578125 0.32890625 0.03125 0.0265625
9 0.65234375 0.30859375 0.028125 0.0234375
9 0.49375 0.14609375 0.0109375 0.0234375
9 0.49921875 0.13984375 0.009375 0.0203125
9 0.4703125 0.0875 0.0078125 0.0125
7 0.740625 0.625 0.009375 0.015625
7 0.7234375 0.596875 0.009375 0.0140625
4 0.72421875 0.603125 0.0078125 0.0234375
4 0.74140625 0.62890625 0.0078125 0.021875
4 0.446875 0.8484375 0.015625 0.03125
2 0.6625 0.48984375 0.05 0.0984375
3 0.89921875 0.5921875 0.034375 0.0546875
3 0.8015625 0.4734375 0.03125 0.03125
3 0.83203125 0.515625 0.03125 0.034375
3 0.8453125 0.43671875 0.0296875 0.0296875
3 0.85625 0.55 0.0328125 0.0328125
3 0.79765625 0.515625 0.028125 0.034375
5 0.83671875 0.56796875 0.028125 0.046875
9 0.77578125 0.478125 0.0234375 0.028125
9 0.78359375 0.49375 0.025 0.0375
9 0.8109375 0.52734375 0.025 0.0328125
6 0.8515625 0.58515625 0.009375 0.015625
3 0.73125 0.3796875 0.0171875 0.0265625
3 0.74453125 0.40390625 0.01875 0.028125
3 0.77734375 0.4421875 0.0234375 0.034375
3 0.63359375 0.20078125 0.0140625 0.0125
3 0.60859375 0.21484375 0.0109375 0.0109375
3 0.62265625 0.23203125 0.0171875 0.0125
3 0.58046875 0.17265625 0.0125 0.0109375
3 0.575 0.17109375 0.0140625 0.0125
3 0.571875 0.16953125 0.0109375 0.0109375
3 0.59765625 0.15625 0.00625 0.009375
3 0.59609375 0.1828125 0.0140625 0.0125
3 0.59921875 0.1875 0.0109375 0.0078125
3 0.5859375 0.18046875 0.0125 0.0109375
3 0.5890625 0.1578125 0.00625 0.009375
3 0.61640625 0.22265625 0.0140625 0.0125
8 0.6421875 0.26640625 0.0078125 0.0125
5 0.62734375 0.315625 0.0140625 0.0203125
3 0.61015625 0.3828125 0.0140625 0.0265625
10 0.63984375 0.43828125 0.0140625 0.0265625
5 0.55859375 0.4828125 0.034375 0.0859375
6 0.4890625 0.3765625 0.00625 0.0140625
6 0.478125 0.359375 0.00625 0.0125
6 0.515625 0.35625 0.00625 0.0125
6 0.51171875 0.33828125 0.00625 0.0125
6 0.48984375 0.3515625 0.00625 0.0125
6 0.47890625 0.3484375 0.00625 0.0140625
6 0.4625 0.35859375 0.00625 0.015625
6 0.46953125 0.35703125 0.00625 0.0140625
6 0.4671875 0.40625 0.0078125 0.0125
6 0.4671875 0.35703125 0.0046875 0.009375
6 0.5 0.3375 0.0046875 0.0109375
6 0.49453125 0.346875 0.00625 0.0125
3 0.440625 0.3109375 0.0109375 0.0125
3 0.97734375 0.83671875 0.0453125 0.0921875
10 0.96171875 0.840625 0.0484375 0.0796875
3 0.934375 0.759375 0.0453125 0.0765625
6 0.56640625 0.6125 0.0109375 0.0234375
7 0.48203125 0.52734375 0.009375 0.015625
6 0.5046875 0.5 0.0078125 0.0234375
6 0.46328125 0.49921875 0.00625 0.01875
4 0.43125 0.4984375 0.00625 0.015625
3 0.446875 0.5734375 0.025 0.0375
3 0.2984375 0.52265625 0.028125 0.0328125
3 0.3359375 0.54296875 0.025 0.028125
3 0.34140625 0.521875 0.0234375 0.0265625
7 0.43046875 0.4953125 0.00625 0.009375
9 0.44140625 0.70546875 0.04375 0.08125
10 0.95625 0.5453125 0.04375 0.0390625
3 0.996875 0.50859375 0.00625 0.0328125
0 0.8296875 0.453125 0.0171875 0.0265625
3 0.68671875 0.24921875 0.015625 0.015625