3 0.77890625 0.09765625 0.05625 0.0640625
3 0.7625 0.21796875 0.0515625 0.0515625
3 0.6109375 0.3734375 0.025 0.01875
3 0.67734375 0.296875 0.034375 0.025
3 0.66015625 0.2890625 0.034375 0.025
3 0.63515625 0.30703125 0.028125 0.0234375
3 0.64296875 0.321875 0.03125 0.025
3 0.64453125 0.25703125 0.0328125 0.0265625
3 0.625 0.275 0.028125 0.0234375
3 0.6171875 0.32265625 0.028125 0.0234375
10 0.653125 0.27109375 0.034375 0.025
9 0.6234375 0.2953125 0.05 0.034375
3 0.61015625 0.29140625 0.028125 0.0203125
3 0.6 0.33828125 0.025 0.01875
3 0.7 0.30234375 0.0421875 0.0328125
3 0.58046875 0.353125 0.0203125 0.015625
3 0.584375 0.3828125 0.0171875 0.0125
3 0.89296875 0.34140625 0.0578125 0.05625
3 0.9359375 0.4 0.0640625 0.0640625
3 0.93515625 0.34921875 0.0421875 0.0578125
3 0.97421875 0.47265625 0.0515625 0.0703125
6 0.8 0.31328125 0.025 0.0140625
7 0.79765625 0.3796875 0.0234375 0.0125
4 0.7984375 0.37890625 0.01875 0.0171875
3 0.5203125 0.425 0.0109375 0.009375
3 0.49296875 0.453125 0.0171875 0.0109375
3 0.46953125 0.4484375 0.00625 0.0046875
3 0.46640625 0.45390625 0.009375 0.00625
10 0.48125 0.415625 0.01875 0.0171875
7 0.7125 0.17890625 0.0171875 0.0109375
7 0.7125 0.171875 0.0203125 0.0125
7 0.67890625 0.22109375 0.0109375 0.00625
7 0.66640625 0.2296875 0.0125 0.0078125
6 0.65 0.1890625 0.015625 0.0078125
6 0.64765625 0.1921875 0.01875 0.009375
7 0.65 0.2328125 0.0203125 0.0125
4 0.7203125 0.1671875 0.0234375 0.0140625
4 0.7203125 0.17421875 0.0203125 0.0125
4 0.68828125 0.21875 0.0171875 0.0109375
4 0.67265625 0.22734375 0.0140625 0.009375
7 0.653125 0.221875 0.015625 0.0078125
7 0.68984375 0.1703125 0.0171875 0.0125
4 0.69921875 0.165625 0.0203125 0.0203125