3 0.665625 0.915625 0.04765625 0.04140625
3 0.6734375 0.58984375 0.03671875 0.03125
3 0.671875 0.56796875 0.03515625 0.02421875
3 0.67265625 0.51875 0.03359375 0.02890625
3 0.6765625 0.50390625 0.03359375 0.0234375
3 0.69765625 0.43671875 0.0203125 0.0234375
10 0.6359375 0.378125 0.03203125 0.02578125
3 0.575 0.37265625 0.028125 0.01796875
6 0.7046875 0.22578125 0.00390625 0.01171875
3 0.72578125 0.2265625 0.01953125 0.01484375
3 0.7171875 0.20234375 0.01953125 0.015625
3 0.59453125 0.228125 0.01796875 0.01484375
3 0.59375 0.19921875 0.01796875 0.0140625
3 0.5859375 0.14609375 0.015625 0.01484375
6 0.56640625 0.13203125 0.00234375 0.01015625
6 0.56484375 0.13203125 0.00234375 0.0109375
3 0.5484375 0.1953125 0.0078125 0.01328125
3 0.4078125 0.17890625 0.01328125 0.01171875
4 0.36015625 0.33125 0.00859375 0.01015625
10 0.33125 0.35859375 0.02265625 0.0203125
3 0.30859375 0.17421875 0.01484375 0.01171875
3 0.29375 0.17421875 0.01484375 0.01328125
3 0.2890625 0.20625 0.0109375 0.0140625
3 0.271875 0.22890625 0.01328125 0.01875
0 0.2625 0.2359375 0.009375 0.01640625
3 0.28203125 0.1390625 0.01484375 0.01171875
3 0.28984375 0.12578125 0.0140625 0.01171875
3 0.2921875 0.12265625 0.0125 0.01015625
3 0.29609375 0.1171875 0.01484375 0.01015625
3 0.303125 0.10859375 0.01484375 0.0109375
3 0.84765625 0.21328125 0.01875 0.01171875
3 0.84609375 0.20703125 0.01796875 0.01171875
3 0.840625 0.203125 0.0140625 0.01171875
3 0.859375 0.22578125 0.02109375 0.0140625
3 0.86328125 0.23125 0.01953125 0.0109375
3 0.8765625 0.24765625 0.02109375 0.015625
3 0.88125 0.259375 0.02109375 0.01640625
3 0.96484375 0.2875 0.02578125 0.015625
3 0.92421875 0.2 0.01328125 0.02421875
3 0.97109375 0.734375 0.05 0.03515625
3 0.94765625 0.65546875 0.04609375 0.03203125
3 0.9109375 0.546875 0.03984375 0.02890625
3 0.92578125 0.44921875 0.02734375 0.0234375
2 0.9578125 0.38203125 0.0484375 0.04375
7 0.4265625 0.35078125 0.00234375 0.01171875
4 0.42734375 0.3546875 0.009375 0.0109375
4 0.42890625 0.31796875 0.00390625 0.01484375
3 0.31484375 0.9078125 0.04453125 0.04140625