4 0.82578125 0.953125 0.0171875 0.015625
1 0.8296875 0.9515625 0.0140625 0.0125
6 0.76953125 0.9984375 0.0234375 0.003125
3 0.696875 0.990625 0.046875 0.01875
9 0.753125 0.87578125 0.1046875 0.0765625
6 0.81875 0.540625 0.025 0.0109375
6 0.82109375 0.5296875 0.025 0.0109375
6 0.83515625 0.55390625 0.028125 0.015625
3 0.8328125 0.540625 0.040625 0.034375
4 0.85546875 0.51640625 0.021875 0.0109375
7 0.86171875 0.51796875 0.01875 0.009375
0 0.89609375 0.47578125 0.0359375 0.0203125
9 0.9625 0.5078125 0.075 0.0375
3 0.6765625 0.5296875 0.0546875 0.046875
3 0.67109375 0.47265625 0.0578125 0.034375
3 0.525 0.51875 0.06875 0.05625
6 0.153125 0.36328125 0.0421875 0.021875
6 0.11875 0.33515625 0.040625 0.0234375
3 0.1609375 0.49296875 0.128125 0.078125
3 0.04140625 0.4765625 0.0828125 0.071875
7 0.34609375 0.125 0.028125 0.0234375
7 0.4640625 0.25234375 0.0203125 0.0140625
8 0.6609375 0.303125 0.04375 0.0484375
1 0.82265625 0.37890625 0.025 0.0125
7 0.828125 0.38046875 0.025 0.0109375
8 0.97109375 0.4296875 0.0265625 0.0140625
6 0.975 0.3796875 0.0203125 0.0078125