10 0.41015625 0.1625 0.0546875 0.0875
3 0.528125 0.21640625 0.0609375 0.1
3 0.5609375 0.37578125 0.04375 0.0734375
3 0.05859375 0.3671875 0.0578125 0.05625
3 0.11796875 0.04296875 0.0890625 0.0859375
3 0.08203125 0.1390625 0.0546875 0.075
3 0.103125 0.2203125 0.090625 0.0703125
3 0.1296875 0.26328125 0.084375 0.0671875
3 0.1453125 0.29453125 0.0828125 0.065625
10 0.225 0.4390625 0.0671875 0.0546875
3 0.19296875 0.40234375 0.06875 0.0515625
10 0.309375 0.4859375 0.053125 0.0625
9 0.3234375 0.5703125 0.075 0.0640625
9 0.24609375 0.56640625 0.090625 0.0734375
9 0.16484375 0.55 0.084375 0.0671875
9 0.08984375 0.540625 0.078125 0.06875
3 0.09140625 0.5828125 0.0296875 0.0296875
3 0.11640625 0.57734375 0.0328125 0.03125
3 0.16015625 0.57109375 0.0390625 0.034375
6 0.15625 0.58046875 0.009375 0.0171875
3 0.9046875 0.10078125 0.0765625 0.0734375
8 0.8078125 0.290625 0.084375 0.14375
10 0.76640625 0.36875 0.04375 0.0765625
10 0.7421875 0.44375 0.0453125 0.078125
10 0.6625 0.521875 0.0328125 0.0484375
3 0.72734375 0.48203125 0.0359375 0.0515625
3 0.7046875 0.54140625 0.03125 0.046875
6 0.7 0.57109375 0.0109375 0.0265625
6 0.59609375 0.66015625 0.009375 0.025
3 0.66875 0.66953125 0.0203125 0.028125
3 0.6578125 0.70703125 0.0296875 0.0328125
10 0.55390625 0.75234375 0.0140625 0.0203125
3 0.5578125 0.7578125 0.015625 0.0171875
10 0.65546875 0.77265625 0.0125 0.021875
3 0.62109375 0.8125 0.0109375 0.0125
3 0.659375 0.8125 0.0109375 0.0125
9 0.62890625 0.84375 0.0171875 0.0234375
10 0.63984375 0.85078125 0.0140625 0.0109375
3 0.5765625 0.81015625 0.0171875 0.0140625
3 0.57734375 0.8125 0.0203125 0.015625
10 0.56640625 0.8359375 0.0125 0.0109375
10 0.5703125 0.8359375 0.0140625 0.0109375
10 0.57421875 0.8359375 0.0140625 0.0109375
3 0.57734375 0.8359375 0.0140625 0.0109375
10 0.66953125 0.84453125 0.0078125 0.0109375
3 0.68125 0.85859375 0.0140625 0.0109375
10 0.71640625 0.88203125 0.0078125 0.0109375
10 0.72109375 0.8859375 0.0109375 0.0125
10 0.7328125 0.88828125 0.0109375 0.0109375