3 0.3875 0.8953125 0.0125 0.0515625
3 0.38515625 0.83203125 0.0125 0.053125
3 0.440625 0.83671875 0.0265625 0.0234375
3 0.440625 0.81328125 0.025 0.021875
3 0.440625 0.7859375 0.021875 0.021875
3 0.44140625 0.76015625 0.025 0.021875
3 0.43828125 0.68671875 0.025 0.0203125
3 0.43515625 0.66015625 0.025 0.025
3 0.43359375 0.6140625 0.025 0.021875
3 0.43125 0.54375 0.021875 0.01875
3 0.43125 0.46953125 0.025 0.0203125
3 0.465625 0.39375 0.0109375 0.04375
6 0.45546875 0.9078125 0.00625 0.009375
6 0.4515625 0.89609375 0.0046875 0.00625
3 0.3875 0.9515625 0.0125 0.040625
3 0.27421875 0.928125 0.0125 0.0484375
3 0.27421875 0.86640625 0.0125 0.05
3 0.27578125 0.68671875 0.0125 0.046875
3 0.27265625 0.634375 0.0125 0.0359375
3 0.38203125 0.6484375 0.0125 0.046875
3 0.384375 0.77421875 0.0125 0.05
3 0.225 0.8203125 0.015625 0.05
3 0.25859375 0.9515625 0.0125 0.040625
3 0.25625 0.8234375 0.0125 0.0515625
3 0.25390625 0.759375 0.0125 0.05
3 0.278125 0.74609375 0.0125 0.0546875
10 0.259375 0.90703125 0.0125 0.0453125
4 0.43828125 0.70625 0.009375 0.009375
3 0.396875 0.60546875 0.0109375 0.040625
3 0.39375 0.54921875 0.0125 0.04375
3 0.3796875 0.5390625 0.0125 0.0484375
3 0.38046875 0.59296875 0.0125 0.040625
3 0.38359375 0.70859375 0.0125 0.034375
3 0.2625 0.46953125 0.0125 0.046875
3 0.26015625 0.56015625 0.0125 0.0484375
3 0.27421875 0.48359375 0.0125 0.040625
3 0.3046875 0.4359375 0.0125 0.04375
10 0.27265625 0.58203125 0.0125 0.05
10 0.4203125 0.265625 0.021875 0.01875
3 0.4265625 0.378125 0.025 0.021875
3 0.425 0.39921875 0.0234375 0.0203125
3 0.425 0.35390625 0.025 0.0234375
3 0.4609375 0.2890625 0.0125 0.040625
3 0.5109375 0.29296875 0.0125 0.04375
3 0.51875 0.2265625 0.025 0.021875
3 0.425 0.29296875 0.025 0.0234375
3 0.4265625 0.31484375 0.01875 0.0203125
3 0.36953125 0.0890625 0.0125 0.0375
3 0.32890625 0.1109375 0.0125 0.040625
3 0.38515625 0.0984375 0.0125 0.04375
9 0.4203125 0.19140625 0.03125 0.0265625
3 0.0625 0.22109375 0.021875 0.0203125
3 0.115625 0.2640625 0.025 0.0203125
3 0.15390625 0.33515625 0.025 0.0203125
3 0.190625 0.33125 0.025 0.0203125
3 0.12578125 0.39375 0.0234375 0.0390625
6 0.2234375 0.42890625 0.0046875 0.00625
3 0.22421875 0.47578125 0.0265625 0.021875
6 0.2296875 0.43359375 0.00625 0.00625
6 0.40703125 0.43046875 0.003125 0.009375
7 0.30703125 0.30390625 0.003125 0.009375
6 0.39375 0.26640625 0.0046875 0.0125
4 0.30703125 0.30625 0.003125 0.009375
4 0.27890625 0.0453125 0.00625 0.0203125
7 0.278125 0.04296875 0.00625 0.009375
6 0.26796875 0.0859375 0.003125 0.0109375
6 0.25703125 0.04609375 0.003125 0.0125
6 0.2546875 0.06171875 0.003125 0.0125
3 0.24453125 0.103125 0.0125 0.040625
3 0.3671875 0.05 0.009375 0.0390625
3 0.36640625 0.01328125 0.009375 0.025
7 0.26171875 0.35 0.00625 0.00625
3 0.2625 0.35234375 0.009375 0.009375
6 0.27109375 0.32109375 0.003125 0.009375
4 0.4484375 0.4265625 0.0078125 0.009375
3 0.08359375 0.67421875 0.015625 0.046875
3 0.05703125 0.66171875 0.015625 0.05
3 0.04453125 0.6640625 0.015625 0.0546875
3 0.01484375 0.665625 0.015625 0.05
3 0.18359375 0.21328125 0.025 0.021875
7 0.17109375 0.23046875 0.00625 0.0125
1 0.171875 0.23125 0.009375 0.0125
4 0.0875 0.23125 0.0078125 0.0125
4 0.034375 0.24453125 0.0125 0.009375
7 0.03359375 0.24609375 0.00625 0.0125
6 0.5140625 0.17578125 0.003125 0.015625
7 0.43203125 0.228125 0.003125 0.009375
4 0.43203125 0.23046875 0.009375 0.009375
9 0.19921875 0.2765625 0.03125 0.025