6 0.28359375 0.26796875 0.01171875 0.04921875
6 0.28984375 0.240625 0.01171875 0.0296875
6 0.31015625 0.265625 0.02109375 0.03828125
6 0.309375 0.2515625 0.01171875 0.03359375
6 0.30625 0.23671875 0.01484375 0.03125
8 0.3359375 0.31328125 0.0265625 0.06875
8 0.37109375 0.38125 0.028125 0.103125
8 0.428125 0.32109375 0.02265625 0.078125
8 0.35390625 0.21171875 0.03046875 0.06796875
4 0.340625 0.05 0.02109375 0.02578125
3 0.340625 0.4765625 0.0671875 0.06953125
3 0.51328125 0.43828125 0.04296875 0.16171875
4 0.56484375 0.35 0.0109375 0.059375
4 0.47421875 0.17421875 0.009375 0.05390625
10 0.64296875 0.30859375 0.04140625 0.1296875
4 0.71328125 0.38203125 0.03125 0.0390625
4 0.734375 0.36171875 0.03046875 0.03125
4 0.73828125 0.3359375 0.0265625 0.040625
4 0.7203125 0.33046875 0.02109375 0.04453125
4 0.784375 0.278125 0.01796875 0.05390625
4 0.77421875 0.1015625 0.03125 0.0296875
4 0.7703125 0.08515625 0.03125 0.03515625
8 0.6921875 0.09453125 0.05546875 0.04453125
3 0.7140625 0.15234375 0.0859375 0.0640625
3 0.79375 0.51171875 0.10234375 0.0890625
8 0.6640625 0.646875 0.02890625 0.1203125
7 0.5671875 0.3484375 0.01328125 0.0390625
7 0.5984375 0.35625 0.01328125 0.03828125
1 0.59453125 0.3625 0.01328125 0.05859375
7 0.47421875 0.16640625 0.01328125 0.04609375