9 0.85859375 0.528125 0.2078125 0.0421875
9 0.80390625 0.4796875 0.278125 0.084375
9 0.6546875 0.46171875 0.1890625 0.05625
9 0.55859375 0.59921875 0.1640625 0.04375
9 0.48671875 0.5734375 0.1828125 0.046875
9 0.4875 0.46015625 0.1765625 0.071875
9 0.27421875 0.49609375 0.15625 0.0390625
9 0.03515625 0.55625 0.0703125 0.0375
3 0.0265625 0.13359375 0.0296875 0.0421875
3 0.028125 0.08203125 0.0296875 0.0390625
3 0.21796875 0.32578125 0.08125 0.01875
2 0.03359375 0.353125 0.0578125 0.0125
1 0.3046875 0.3828125 0.025 0.0078125
7 0.30234375 0.3828125 0.01875 0.003125
4 0.5078125 0.234375 0.015625 0.015625
4 0.51875 0.23515625 0.0140625 0.0171875
4 0.53125 0.234375 0.015625 0.015625
4 0.5484375 0.2359375 0.015625 0.015625
4 0.56328125 0.2359375 0.0125 0.015625
4 0.59140625 0.2375 0.015625 0.01875
4 0.57578125 0.23515625 0.0140625 0.015625
4 0.60703125 0.23828125 0.01875 0.015625
4 0.63984375 0.23984375 0.0140625 0.01875
4 0.65390625 0.2390625 0.0140625 0.01875
4 0.5390625 0.21796875 0.0296875 0.0078125
4 0.67109375 0.20625 0.0140625 0.01875
4 0.684375 0.20703125 0.015625 0.01875
4 0.659375 0.22109375 0.015625 0.01875
4 0.6703125 0.2234375 0.009375 0.015625
4 0.68359375 0.22265625 0.0140625 0.015625
4 0.68203125 0.23984375 0.015625 0.015625
4 0.6671875 0.240625 0.0125 0.01875