3 0.3578125 0.72890625 0.0296875 0.1015625
3 0.3484375 0.5984375 0.02265625 0.08046875
5 0.309375 0.6453125 0.03984375 0.221875
3 0.5171875 0.38515625 0.02578125 0.040625
3 0.3765625 0.190625 0.0078125 0.01484375
3 0.32734375 0.15390625 0.00703125 0.01328125
3 0.34609375 0.12890625 0.00625 0.01015625
3 0.37109375 0.17109375 0.00703125 0.01171875
3 0.36953125 0.16328125 0.00625 0.0109375
6 0.30546875 0.1484375 0.003125 0.0109375
3 0.36640625 0.1515625 0.00625 0.009375
3 0.32734375 0.090625 0.00546875 0.009375
3 0.36328125 0.14140625 0.00859375 0.01015625
3 0.3609375 0.13359375 0.0046875 0.00703125
3 0.35859375 0.12890625 0.00546875 0.00859375
3 0.3578125 0.12109375 0.00703125 0.01015625