2 0.3375 0.47421875 0.02421875 0.159375
3 0.20546875 0.615625 0.02265625 0.06796875
3 0.2796875 0.41953125 0.01796875 0.05
3 0.24296875 0.4265625 0.01953125 0.04609375
3 0.36796875 0.20546875 0.01484375 0.04609375
3 0.3015625 0.21796875 0.01328125 0.03515625
3 0.2578125 0.234375 0.01328125 0.0359375
9 0.27421875 0.23828125 0.02265625 0.0765625
3 0.2890625 0.1515625 0.0125 0.02578125
3 0.33828125 0.0984375 0.01171875 0.028125
3 0.2765625 0.1203125 0.01171875 0.028125
3 0.30390625 0.0515625 0.01015625 0.02109375
3 0.2859375 0.04453125 0.01171875 0.0265625
10 0.34609375 0.0140625 0.0109375 0.028125
3 0.31875 0.00859375 0.0125 0.0171875
3 0.02109375 0.496875 0.02265625 0.0453125
3 0.01171875 0.5453125 0.02265625 0.05703125
3 0.07421875 0.35390625 0.01640625 0.03046875
3 0.0609375 0.35859375 0.01796875 0.03046875
3 0.06875 0.32734375 0.01953125 0.02890625
3 0.08828125 0.26640625 0.01484375 0.02890625
3 0.14140625 0.2609375 0.01484375 0.03046875
3 0.09609375 0.2421875 0.015625 0.025
2 0.1671875 0.17890625 0.02109375 0.05078125
10 0.18671875 0.0890625 0.01171875 0.025
3 0.15625 0.0796875 0.01953125 0.0203125
3 0.13046875 0.09140625 0.021875 0.01640625
3 0.096875 0.09296875 0.01875 0.01796875
6 0.47265625 0.046875 0.00546875 0.01484375
6 0.475 0.0125 0.00390625 0.01015625
6 0.4859375 0.06796875 0.0046875 0.01953125
6 0.4921875 0.10703125 0.0046875 0.01484375
6 0.44375 0.03359375 0.00546875 0.01328125
6 0.41796875 0.03125 0.00546875 0.01015625
6 0.43046875 0.03125 0.00390625 0.01171875
6 0.43125 0.04453125 0.00390625 0.01171875
6 0.425 0.06796875 0.00859375 0.01015625
6 0.46015625 0.07578125 0.0046875 0.01171875
7 0.4359375 0.11328125 0.00859375 0.00859375
7 0.4453125 0.18046875 0.00859375 0.01171875
6 0.49296875 0.209375 0.00390625 0.01171875
6 0.50234375 0.2328125 0.00546875 0.01953125
6 0.4984375 0.24140625 0.00546875 0.0109375
6 0.49140625 0.24921875 0.00546875 0.0140625
6 0.496875 0.2625 0.003125 0.0140625
6 0.49296875 0.265625 0.003125 0.0140625
6 0.48125 0.2484375 0.00390625 0.01328125
6 0.453125 0.271875 0.0046875 0.0109375
6 0.4578125 0.30703125 0.00390625 0.01484375
6 0.509375 0.28515625 0.00390625 0.01640625
6 0.51328125 0.31640625 0.00390625 0.01875
6 0.47890625 0.43046875 0.00625 0.01484375
6 0.48203125 0.52890625 0.00546875 0.01640625
6 0.44921875 0.496875 0.00625 0.01328125
6 0.5078125 0.5625 0.00703125 0.01953125
6 0.12265625 0.0765625 0.00390625 0.01015625
6 0.084375 0.246875 0.00546875 0.0140625
6 0.13515625 0.25859375 0.00546875 0.0109375
6 0.1734375 0.17890625 0.00390625 0.01171875
6 0.465625 0.009375 0.0046875 0.0109375
6 0.42421875 0.021875 0.00390625 0.00703125
6 0.4359375 0.04765625 0.00390625 0.01171875
6 0.45546875 0.07421875 0.00390625 0.01171875
6 0.4515625 0.075 0.00390625 0.009375
6 0.4546875 0.28125 0.00390625 0.01171875
6 0.46015625 0.3109375 0.00390625 0.0140625
6 0.3953125 0.284375 0.00546875 0.01875
6 0.48515625 0.43828125 0.00625 0.01171875