3 0.553125 0.2375 0.065625 0.1171875
10 0.42890625 0.0203125 0.0671875 0.040625
10 0.434375 0.05703125 0.0703125 0.0765625
10 0.446875 0.1140625 0.0671875 0.071875
9 0.46328125 0.15859375 0.0859375 0.09375
6 0.40703125 0.18125 0.015625 0.03125
3 0.40703125 0.1265625 0.0609375 0.121875
10 0.4859375 0.24921875 0.071875 0.0734375
10 0.33359375 0.2046875 0.0609375 0.115625
10 0.36953125 0.32421875 0.075 0.115625
3 0.50859375 0.32890625 0.075 0.0765625
3 0.525 0.4078125 0.071875 0.06875
3 0.40234375 0.42421875 0.075 0.1140625
6 0.4515625 0.49375 0.0140625 0.025
6 0.446875 0.496875 0.009375 0.015625
10 0.44453125 0.57265625 0.0578125 0.1078125
10 0.421875 0.58828125 0.0625 0.10625
6 0.5421875 0.63046875 0.009375 0.0140625
10 0.56796875 0.60390625 0.08125 0.06875
6 0.5796875 0.67265625 0.0140625 0.0171875
10 0.65 0.77890625 0.0640625 0.0578125
6 0.690625 0.809375 0.0125 0.015625
6 0.559375 0.7546875 0.009375 0.015625
6 0.4984375 0.65546875 0.0140625 0.0171875
3 0.30390625 0.0671875 0.0453125 0.0625
9 0.275 0.28828125 0.0921875 0.0984375
6 0.315625 0.6484375 0.015625 0.015625
6 0.3203125 0.659375 0.015625 0.0140625
6 0.2921875 0.64140625 0.0109375 0.0203125
6 0.2578125 0.603125 0.0234375 0.0234375
6 0.25 0.6515625 0.0171875 0.01875
1 0.26015625 0.70703125 0.028125 0.034375
6 0.29453125 0.67265625 0.015625 0.0140625
6 0.309375 0.67734375 0.015625 0.0140625
1 0.33671875 0.6796875 0.0203125 0.021875
10 0.44140625 0.76484375 0.0625 0.0546875
10 0.484375 0.8140625 0.06875 0.0640625
6 0.45859375 0.8625 0.015625 0.01875
6 0.42578125 0.865625 0.015625 0.01875
6 0.35 0.89375 0.01875 0.01875
6 0.31328125 0.93515625 0.015625 0.021875
10 0.4078125 0.834375 0.0671875 0.0609375
10 0.3953125 0.9046875 0.0703125 0.0625
10 0.3203125 0.86953125 0.06875 0.059375
10 0.265625 0.8609375 0.0609375 0.1046875
4 0.21484375 0.8609375 0.0203125 0.0359375
6 0.24453125 0.91484375 0.01875 0.021875
6 0.25078125 0.94296875 0.009375 0.0078125
6 0.2375 0.9609375 0.0171875 0.021875
6 0.2640625 0.9703125 0.0171875 0.01875
10 0.3515625 0.97109375 0.06875 0.0578125
10 0.40546875 0.9765625 0.0578125 0.046875
4 0.44609375 0.959375 0.01875 0.01875
8 0.45234375 0.9828125 0.0359375 0.034375
6 0.5859375 0.76875 0.009375 0.0140625
6 0.571875 0.7328125 0.0109375 0.0171875
1 0.603125 0.96640625 0.021875 0.0453125
7 0.60546875 0.97265625 0.0140625 0.0203125