3 0.05546875 0.84609375 0.03671875 0.053125
10 0.09140625 0.85390625 0.03203125 0.0453125
3 0.10703125 0.865625 0.03515625 0.0484375
3 0.021875 0.96953125 0.02734375 0.028125
3 0.03828125 0.98515625 0.0296875 0.0296875
3 0.05234375 0.98828125 0.04140625 0.0234375
3 0.06875 0.9984375 0.034375 0.003125
3 0.37578125 0.68828125 0.021875 0.03984375
3 0.390625 0.65703125 0.0171875 0.0265625
3 0.40859375 0.63125 0.01796875 0.0296875
3 0.459375 0.5578125 0.01484375 0.0265625
3 0.42890625 0.50703125 0.01484375 0.025
3 0.4671875 0.50703125 0.01328125 0.02421875
10 0.48671875 0.51328125 0.015625 0.0265625
3 0.49765625 0.4984375 0.01328125 0.01953125
3 0.50078125 0.42109375 0.0125 0.021875
10 0.5125 0.47265625 0.015625 0.03046875
3 0.5265625 0.4625 0.01171875 0.01953125
3 0.534375 0.42421875 0.0140625 0.0203125
3 0.55 0.425 0.01015625 0.01875
3 0.55859375 0.40859375 0.0125 0.015625
3 0.56640625 0.39921875 0.01171875 0.01875
3 0.5671875 0.384375 0.01015625 0.01484375
3 0.57578125 0.38671875 0.009375 0.01796875
3 0.57109375 0.365625 0.0109375 0.01640625
3 0.58984375 0.36640625 0.01171875 0.015625
3 0.596875 0.35703125 0.01015625 0.01484375
3 0.603125 0.3484375 0.00859375 0.015625
3 0.60859375 0.33828125 0.009375 0.015625
3 0.62578125 0.3109375 0.00859375 0.01484375
3 0.63046875 0.30234375 0.00859375 0.01171875
10 0.64140625 0.296875 0.01015625 0.01875
3 0.64375 0.27109375 0.00625 0.01328125
3 0.6390625 0.265625 0.00625 0.01171875
3 0.64921875 0.25703125 0.00625 0.01484375
3 0.6578125 0.25703125 0.00546875 0.01328125
3 0.66875 0.24453125 0.00546875 0.01171875
3 0.6515625 0.2515625 0.0078125 0.009375
3 0.65390625 0.246875 0.00546875 0.0109375
9 0.65859375 0.23828125 0.009375 0.0203125
3 0.66171875 0.22578125 0.00625 0.01015625
3 0.665625 0.2171875 0.0046875 0.00859375
3 0.66796875 0.21015625 0.00625 0.009375
10 0.671875 0.1984375 0.00625 0.01328125
3 0.67890625 0.18359375 0.00546875 0.01015625
3 0.67265625 0.1765625 0.00625 0.0109375
10 0.67265625 0.16796875 0.00859375 0.01015625
10 0.68359375 0.17421875 0.00859375 0.01328125
3 0.69296875 0.1640625 0.01015625 0.00703125
3 0.67109375 0.15546875 0.00703125 0.00859375
3 0.6796875 0.15078125 0.0046875 0.00703125
3 0.70078125 0.15 0.0046875 0.00703125
3 0.71328125 0.153125 0.00625 0.00625
3 0.70625 0.14375 0.00546875 0.0109375
3 0.70703125 0.13671875 0.00546875 0.00625
3 0.70859375 0.134375 0.00546875 0.00546875
3 0.69609375 0.13046875 0.00546875 0.00859375
3 0.715625 0.12421875 0.00390625 0.00703125
10 0.721875 0.10390625 0.0046875 0.01015625
3 0.6859375 0.965625 0.0453125 0.03828125
3 0.7359375 0.9890625 0.053125 0.021875
3 0.7453125 0.97890625 0.04765625 0.03984375
3 0.74140625 0.9515625 0.0421875 0.040625
3 0.73984375 0.9265625 0.04140625 0.03671875
3 0.74296875 0.90390625 0.04296875 0.03515625
3 0.69453125 0.91796875 0.04140625 0.03359375
3 0.6953125 0.89296875 0.04765625 0.03671875
3 0.62734375 0.95 0.02578125 0.05390625
3 0.82109375 0.86328125 0.046875 0.0359375
3 0.7609375 0.84765625 0.0390625 0.03828125
10 0.709375 0.83359375 0.03203125 0.0359375
10 0.721875 0.7625 0.03984375 0.04375
3 0.71640625 0.728125 0.03125 0.028125
3 0.72109375 0.71328125 0.0328125 0.02890625
10 0.665625 0.70234375 0.01640625 0.03984375
3 0.721875 0.684375 0.0265625 0.02421875
3 0.728125 0.67109375 0.02890625 0.01953125
3 0.728125 0.65703125 0.02890625 0.0203125
3 0.73515625 0.63828125 0.0234375 0.02109375
3 0.73828125 0.59453125 0.0125 0.0296875
3 0.74921875 0.57578125 0.01875 0.01953125
3 0.75078125 0.5640625 0.021875 0.02109375
3 0.75078125 0.55703125 0.01953125 0.01796875
3 0.75 0.54765625 0.0203125 0.015625
3 0.7453125 0.53046875 0.01015625 0.0234375
3 0.69609375 0.60625 0.015625 0.0296875
3 0.7 0.58125 0.02109375 0.021875
3 0.7203125 0.53203125 0.01328125 0.028125
10 0.74140625 0.43671875 0.01171875 0.028125