3 0.365625 0.5453125 0.028125 0.04375
3 0.3921875 0.4765625 0.021875 0.0328125
2 0.2890625 0.51640625 0.0515625 0.0859375
3 0.31796875 0.36796875 0.0171875 0.0265625
3 0.30859375 0.29453125 0.0109375 0.0171875
3 0.32109375 0.24453125 0.009375 0.0109375
3 0.30546875 0.2484375 0.009375 0.0140625
3 0.26796875 0.25625 0.009375 0.0125
3 0.27109375 0.23671875 0.009375 0.0109375
2 0.27890625 0.23203125 0.009375 0.0140625
3 0.26953125 0.19140625 0.00625 0.0078125
3 0.27421875 0.1625 0.0046875 0.00625
3 0.26875 0.1609375 0.0046875 0.00625
3 0.28828125 0.14921875 0.00625 0.009375
3 0.29140625 0.14296875 0.0046875 0.00625
3 0.284375 0.13515625 0.0046875 0.00625
3 0.2875 0.13828125 0.0046875 0.00625