9 0.50390625 0.59921875 0.08828125 0.20859375
3 0.23359375 0.75625 0.0578125 0.1734375
3 0.25234375 0.57890625 0.05078125 0.12109375
3 0.2671875 0.46171875 0.0421875 0.1140625
3 0.4328125 0.31796875 0.03046875 0.05703125
3 0.396875 0.1859375 0.025 0.046875
3 0.37421875 0.125 0.02109375 0.03359375
3 0.3515625 0.07421875 0.0171875 0.0265625
10 0.28515625 0.2609375 0.0265625 0.0640625
3 0.2890625 0.1796875 0.02265625 0.04296875
3 0.28671875 0.153125 0.01328125 0.034375
3 0.278125 0.1390625 0.02109375 0.028125
3 0.23515625 0.09375 0.02890625 0.0234375
3 0.253125 0.04921875 0.01171875 0.02421875
3 0.27421875 0.05390625 0.01328125 0.021875
3 0.271875 0.040625 0.0125 0.0140625
3 0.26875 0.03203125 0.01015625 0.01484375
3 0.26640625 0.02265625 0.01015625 0.015625
10 0.34609375 0.059375 0.01328125 0.02890625
3 0.33671875 0.05078125 0.01328125 0.02421875