10 0.3734375 0.575 0.015625 0.0375
10 0.41953125 0.759375 0.015625 0.0328125
3 0.3171875 0.46875 0.0203125 0.053125
3 0.30546875 0.4078125 0.025 0.053125
3 0.2890625 0.334375 0.0296875 0.0671875
3 0.3671875 0.3140625 0.028125 0.0640625
3 0.4046875 0.64140625 0.0171875 0.0328125
3 0.38203125 0.71015625 0.0140625 0.0296875
3 0.39921875 0.74140625 0.0109375 0.025
3 0.4671875 0.75546875 0.0109375 0.025
3 0.43046875 0.821875 0.0109375 0.021875
3 0.403125 0.83046875 0.0140625 0.0234375
3 0.41953125 0.86015625 0.0109375 0.01875
3 0.4140625 0.89921875 0.0109375 0.01875
3 0.43203125 0.89765625 0.0109375 0.015625
3 0.43125 0.934375 0.009375 0.0140625
3 0.42734375 0.95703125 0.0109375 0.015625
3 0.446875 0.9875 0.009375 0.015625
3 0.4375 0.9875 0.009375 0.0140625
3 0.590625 0.73828125 0.0140625 0.0265625
3 0.6171875 0.73671875 0.0140625 0.0265625
3 0.5703125 0.796875 0.0125 0.0265625
3 0.5828125 0.79296875 0.0109375 0.0265625
3 0.65625 0.740625 0.0140625 0.0296875
3 0.659375 0.77734375 0.0140625 0.028125
3 0.70078125 0.7703125 0.0140625 0.0265625
3 0.50234375 0.821875 0.0203125 0.0234375
3 0.54453125 0.815625 0.0171875 0.0203125
3 0.55546875 0.83125 0.0140625 0.0203125
3 0.5640625 0.846875 0.0140625 0.0171875
3 0.575 0.8625 0.0140625 0.0203125
3 0.61015625 0.87109375 0.0203125 0.0171875
3 0.63671875 0.8640625 0.0234375 0.0203125
3 0.5734375 0.91015625 0.0109375 0.01875
3 0.57265625 0.9265625 0.0109375 0.0203125
3 0.6125 0.9453125 0.0171875 0.015625
3 0.58359375 0.946875 0.0140625 0.0171875
3 0.57578125 0.8953125 0.009375 0.0203125
3 0.6125 0.88828125 0.0203125 0.0171875
3 0.678125 0.8890625 0.01875 0.015625
3 0.64609375 0.9765625 0.0171875 0.0171875
3 0.68046875 0.94921875 0.0203125 0.0171875
3 0.67734375 0.95234375 0.0171875 0.0171875
3 0.67734375 0.9578125 0.0171875 0.0171875
3 0.67265625 0.96328125 0.0171875 0.0171875
3 0.67265625 0.96875 0.0171875 0.0171875
3 0.66640625 0.97421875 0.0171875 0.0171875
3 0.6671875 0.98203125 0.0171875 0.0171875
3 0.66171875 0.99140625 0.0171875 0.0171875
3 0.65859375 0.99453125 0.0171875 0.0109375
3 0.65859375 0.996875 0.0171875 0.00625
3 0.69453125 0.92890625 0.0109375 0.0140625
3 0.69453125 0.9015625 0.0171875 0.015625
3 0.69453125 0.8953125 0.0171875 0.015625
3 0.69921875 0.85859375 0.0140625 0.0140625
3 0.69609375 0.8875 0.0140625 0.015625
9 0.69375 0.871875 0.0203125 0.025
3 0.696875 0.909375 0.0109375 0.0125
3 0.60703125 0.7890625 0.0125 0.028125
6 0.61796875 0.77578125 0.00625 0.015625
6 0.61171875 0.775 0.0046875 0.015625
6 0.609375 0.7796875 0.0046875 0.0140625
6 0.49453125 0.76640625 0.0078125 0.015625
6 0.48046875 0.77421875 0.00625 0.015625
6 0.47578125 0.77890625 0.0046875 0.0125
6 0.475 0.7671875 0.0046875 0.015625
7 0.48828125 0.78671875 0.003125 0.0109375
7 0.49140625 0.78984375 0.003125 0.0109375
4 0.490625 0.7859375 0.009375 0.009375
3 0.465625 0.825 0.0140625 0.0203125
6 0.471875 0.8734375 0.0046875 0.0125
2 0.44765625 0.91328125 0.01875 0.046875
3 0.44453125 0.703125 0.0109375 0.0265625
3 0.4390625 0.6640625 0.0140625 0.028125
6 0.54921875 0.63125 0.0078125 0.015625
1 0.471875 0.61484375 0.0078125 0.015625
7 0.47421875 0.559375 0.0078125 0.0125
7 0.47421875 0.56796875 0.0078125 0.0125
6 0.4640625 0.56875 0.0078125 0.01875
6 0.4546875 0.56640625 0.0078125 0.021875
10 0.4296875 0.51171875 0.01875 0.0421875
3 0.43203125 0.56484375 0.015625 0.0390625
3 0.42265625 0.440625 0.0203125 0.046875
6 0.45078125 0.3734375 0.0046875 0.01875
6 0.45625 0.37265625 0.0078125 0.0203125
7 0.46875 0.303125 0.0078125 0.015625
7 0.23828125 0.46953125 0.0078125 0.01875
7 0.2390625 0.50078125 0.0078125 0.01875
7 0.253125 0.540625 0.0078125 0.01875
7 0.25078125 0.58515625 0.00625 0.009375
1 0.23828125 0.465625 0.0109375 0.021875
1 0.23984375 0.49765625 0.009375 0.021875
1 0.253125 0.53828125 0.0078125 0.0203125
3 0.27734375 0.271875 0.025 0.0359375