3 0.37890625 0.13828125 0.0203125 0.0859375
3 0.50390625 0.178125 0.01875 0.0765625
3 0.50625 0.07109375 0.0203125 0.078125
3 0.5078125 0.28515625 0.01953125 0.0796875
3 0.5015625 0.58515625 0.01875 0.08671875
3 0.5015625 0.6890625 0.021875 0.07890625
3 0.27890625 0.57109375 0.03984375 0.03671875
3 0.28203125 0.6171875 0.046875 0.03984375
3 0.278125 0.6703125 0.04296875 0.03671875
3 0.21171875 0.63359375 0.04453125 0.0390625
3 0.21484375 0.59140625 0.04453125 0.03359375
3 0.21796875 0.4890625 0.04921875 0.03828125
3 0.284375 0.38046875 0.04609375 0.03828125
3 0.2859375 0.45859375 0.04296875 0.05078125
3 0.284375 0.24296875 0.04765625 0.040625
3 0.28046875 0.18828125 0.04296875 0.0359375
3 0.28125 0.13125 0.04296875 0.0359375
3 0.28203125 0.0265625 0.04296875 0.0359375
3 0.21953125 0.03359375 0.05078125 0.03359375
3 0.2140625 0.078125 0.04140625 0.03203125
3 0.215625 0.12890625 0.0453125 0.0359375
3 0.21484375 0.22578125 0.04296875 0.034375
3 0.2125 0.265625 0.0421875 0.03359375
3 0.2171875 0.30703125 0.0421875 0.03359375
3 0.16796875 0.23828125 0.03046875 0.07890625
3 0.1359375 0.22890625 0.02265625 0.078125
3 0.13828125 0.034375 0.0359375 0.06875
3 0.16484375 0.43515625 0.02265625 0.0796875
3 0.2203125 0.534375 0.0453125 0.0359375
10 0.12890625 0.434375 0.01953125 0.0703125
9 0.16015625 0.58515625 0.0203125 0.090625
9 0.21796875 0.38671875 0.06171875 0.04140625
10 0.2125 0.34921875 0.04296875 0.028125
1 0.12109375 0.046875 0.01328125 0.0296875
4 0.12578125 0.60625 0.01484375 0.02890625
6 0.31484375 0.6703125 0.00546875 0.01875
6 0.48046875 0.64609375 0.00703125 0.0140625
3 0.2765625 0.71171875 0.0484375 0.034375
3 0.21640625 0.67890625 0.04765625 0.04140625
3 0.21875 0.715625 0.04609375 0.0265625