9 0.40625 0.65859375 0.03671875 0.11015625
2 0.36953125 0.38203125 0.04140625 0.03828125
3 0.396875 0.37578125 0.01640625 0.01484375
3 0.41796875 0.371875 0.01953125 0.015625
3 0.434375 0.38515625 0.01640625 0.01484375
3 0.47109375 0.37734375 0.01875 0.015625
3 0.46484375 0.3609375 0.01796875 0.015625
3 0.4515625 0.34375 0.01640625 0.015625
3 0.48203125 0.33359375 0.01640625 0.0140625
9 0.4875 0.3171875 0.03359375 0.034375
2 0.4359375 0.33203125 0.02265625 0.02109375
2 0.4078125 0.33828125 0.03671875 0.0359375
2 0.36875 0.3484375 0.03984375 0.0359375
3 0.22734375 0.37890625 0.01640625 0.01328125
4 0.234375 0.38359375 0.00859375 0.01015625
3 0.29453125 0.3265625 0.009375 0.01796875
3 0.3046875 0.32734375 0.00859375 0.015625
3 0.29921875 0.315625 0.00859375 0.01328125
3 0.29453125 0.30546875 0.009375 0.0140625
3 0.2921875 0.29609375 0.0078125 0.01171875
10 0.26796875 0.3 0.00859375 0.0203125
3 0.2703125 0.2765625 0.0078125 0.01171875
3 0.26171875 0.28359375 0.00859375 0.01171875
3 0.26171875 0.228125 0.00703125 0.01171875