3 0.63359375 0.36484375 0.059375 0.04375
3 0.62890625 0.425 0.0484375 0.0296875
3 0.63046875 0.45703125 0.0515625 0.028125
3 0.5921875 0.44375 0.0328125 0.0203125
3 0.59921875 0.5359375 0.0390625 0.021875
3 0.5671875 0.55859375 0.0234375 0.0171875
3 0.5203125 0.553125 0.0125 0.0109375
3 0.49609375 0.56171875 0.0125 0.009375
3 0.47890625 0.5296875 0.0109375 0.00625
2 0.4546875 0.5421875 0.009375 0.0046875
3 0.4578125 0.5484375 0.00625 0.003125
3 0.46015625 0.55859375 0.0046875 0.003125
10 0.46328125 0.58671875 0.00625 0.003125
10 0.45859375 0.58984375 0.00625 0.003125
3 0.453125 0.58515625 0.0046875 0.003125
3 0.44765625 0.584375 0.0046875 0.003125
3 0.4484375 0.5734375 0.003125 0.003125
9 0.4390625 0.5625 0.00625 0.003125
6 0.603125 0.0125 0.04375 0.0125
6 0.6 0.01953125 0.0453125 0.0125