3 0.58046875 0.871875 0.07109375 0.2
3 0.55625 0.64921875 0.05859375 0.18671875
3 0.3625 0.91796875 0.05390625 0.109375
10 0.35703125 0.55859375 0.05 0.1984375
4 0.3078125 0.6109375 0.04140625 0.0390625
6 0.27890625 0.378125 0.0171875 0.03828125
6 0.3328125 0.528125 0.021875 0.046875
5 0.31328125 0.484375 0.01328125 0.03828125
3 0.5421875 0.453125 0.05390625 0.18515625
4 0.3 0.28671875 0.040625 0.03671875
4 0.2984375 0.23828125 0.03359375 0.06171875
3 0.26640625 0.15546875 0.08515625 0.0734375
6 0.2328125 0.11171875 0.01640625 0.04453125
6 0.2203125 0.09453125 0.0140625 0.04375
3 0.23515625 0.03046875 0.08984375 0.06015625
4 0.16171875 0.23671875 0.01796875 0.06796875
4 0.13515625 0.2 0.02734375 0.078125
4 0.1625 0.490625 0.03828125 0.04140625
4 0.1546875 0.4546875 0.04453125 0.03671875
6 0.17109375 0.58359375 0.02890625 0.03125
6 0.14140625 0.54609375 0.025 0.03515625
6 0.10546875 0.58359375 0.02734375 0.03984375
4 0.128125 0.88046875 0.04296875 0.04453125
4 0.125 0.93359375 0.05078125 0.0484375