3 0.96328125 0.72890625 0.0390625 0.0515625
4 0.88671875 0.85546875 0.0140625 0.0171875
4 0.76875 0.821875 0.0171875 0.0140625
4 0.7234375 0.6390625 0.0109375 0.034375
4 0.284375 0.55859375 0.0171875 0.0265625
4 0.56953125 0.815625 0.015625 0.0265625
7 0.88828125 0.86015625 0.009375 0.015625
7 0.76953125 0.82890625 0.0046875 0.0125
7 0.76640625 0.8296875 0.0046875 0.015625
7 0.72421875 0.64453125 0.0078125 0.01875
3 0.7609375 0.67734375 0.0265625 0.0546875
10 0.6421875 0.128125 0.059375 0.16875
10 0.753125 0.1703125 0.05625 0.159375
3 0.92890625 0.2 0.06875 0.0578125
3 0.834375 0.06796875 0.0515625 0.128125
3 0.87734375 0.0625 0.0609375 0.125
3 0.91953125 0.07734375 0.0578125 0.0546875
3 0.915625 0.01796875 0.04375 0.0359375
3 0.9234375 0.14375 0.0703125 0.0640625
10 0.27734375 0.18828125 0.134375 0.2671875
3 0.371875 0.44375 0.0390625 0.0875
3 0.403125 0.60546875 0.025 0.05
3 0.396875 0.671875 0.0296875 0.0625
10 0.43671875 0.6640625 0.028125 0.0609375
10 0.5625 0.61640625 0.06875 0.140625
3 0.74375 0.51484375 0.0296875 0.0703125
10 0.7109375 0.89921875 0.071875 0.1359375
4 0.6421875 0.834375 0.028125 0.028125
10 0.625 0.765625 0.0390625 0.078125
6 0.64140625 0.83984375 0.0078125 0.01875
6 0.640625 0.84453125 0.00625 0.015625
6 0.64921875 0.8671875 0.00625 0.0203125
6 0.64609375 0.875 0.009375 0.0203125
6 0.628125 0.85390625 0.0078125 0.01875
6 0.628125 0.859375 0.00625 0.01875
6 0.56328125 0.82109375 0.00625 0.0203125
10 0.4546875 0.8 0.059375 0.1234375