3 0.375 0.159375 0.1125 0.2234375
10 0.31015625 0.13203125 0.0984375 0.2078125
3 0.24921875 0.10859375 0.109375 0.2140625
10 0.13828125 0.0921875 0.1328125 0.184375
10 0.67265625 0.265625 0.103125 0.18125
3 0.71171875 0.2921875 0.115625 0.2015625
3 0.7546875 0.30859375 0.1109375 0.1953125
6 0.21953125 0.91328125 0.01875 0.04375
6 0.2234375 0.92265625 0.01875 0.040625
6 0.315625 0.87734375 0.0203125 0.0421875
6 0.32578125 0.85859375 0.0171875 0.040625
6 0.32734375 0.33671875 0.0171875 0.021875
6 0.228125 0.325 0.028125 0.034375
6 0.31328125 0.36171875 0.021875 0.028125
4 0.19140625 0.115625 0.04375 0.078125
6 0.55234375 0.30703125 0.0265625 0.0328125
5 0.60625 0.2890625 0.0796875 0.13125
7 0.46953125 0.63828125 0.0140625 0.0265625
6 0.4921875 0.54296875 0.028125 0.0421875
6 0.47109375 0.5390625 0.0234375 0.0375
6 0.4390625 0.590625 0.0171875 0.0359375
6 0.45078125 0.5890625 0.0203125 0.0328125