10 0.50859375 0.73125 0.07421875 0.1765625
3 0.26796875 0.7765625 0.06484375 0.18515625
3 0.25703125 0.63125 0.05703125 0.12421875
3 0.2453125 0.5296875 0.04609375 0.09609375
3 0.23671875 0.378125 0.03984375 0.0734375
3 0.23359375 0.321875 0.03359375 0.05390625
3 0.22421875 0.27578125 0.03046875 0.05703125
3 0.21640625 0.2375 0.02734375 0.046875
3 0.21796875 0.20859375 0.03359375 0.04609375
3 0.2078125 0.1578125 0.021875 0.03828125
3 0.27265625 0.09765625 0.01875 0.03046875
10 0.35703125 0.203125 0.02734375 0.053125
3 0.20625 0.1375 0.02109375 0.03203125
3 0.20625 0.11953125 0.02109375 0.03125
1 0.17109375 0.1421875 0.01796875 0.0234375
1 0.1703125 0.40390625 0.0109375 0.03828125
7 0.1703125 0.384375 0.01328125 0.0453125
1 0.36328125 0.8796875 0.01796875 0.07578125
7 0.3609375 0.8515625 0.02265625 0.071875
10 0.759375 0.27890625 0.02890625 0.059375
4 0.6140625 0.30703125 0.01171875 0.03125
7 0.61484375 0.296875 0.01171875 0.03359375
6 0.63046875 0.24921875 0.00703125 0.0390625
3 0.615625 0.20703125 0.03359375 0.040625
3 0.6 0.24375 0.0359375 0.03984375
10 0.6046875 0.159375 0.03359375 0.0453125
3 0.56015625 0.18671875 0.03359375 0.03828125
3 0.58046875 0.14921875 0.03671875 0.0359375
3 0.56875 0.14140625 0.034375 0.03359375
3 0.5515625 0.12421875 0.0359375 0.03203125
10 0.53671875 0.11171875 0.03828125 0.034375
3 0.5203125 0.109375 0.03984375 0.02578125
6 0.496875 0.10625 0.00390625 0.02578125
3 0.475 0.18984375 0.03203125 0.040625
3 0.46171875 0.11328125 0.02265625 0.028125
3 0.42265625 0.128125 0.025 0.03046875
3 0.44296875 0.078125 0.02109375 0.0265625
4 0.46171875 0.06171875 0.0109375 0.01171875
7 0.4609375 0.0546875 0.00546875 0.0203125
6 0.49296875 0.10625 0.00546875 0.028125
3 0.50859375 0.10078125 0.03125 0.0265625
3 0.5078125 0.08984375 0.03359375 0.021875
10 0.496875 0.078125 0.03046875 0.03046875
3 0.49375 0.075 0.0375 0.02421875
3 0.50390625 0.06484375 0.03359375 0.021875
10 0.50078125 0.05625 0.02734375 0.02421875
10 0.51015625 0.0421875 0.02578125 0.025
10 0.53828125 0.0390625 0.02421875 0.015625
10 0.540625 0.053125 0.02265625 0.0203125
10 0.5484375 0.0359375 0.01640625 0.025
10 0.5671875 0.03984375 0.0203125 0.02578125
10 0.56328125 0.02890625 0.01484375 0.01875
10 0.5828125 0.03828125 0.01640625 0.025
3 0.596875 0.03671875 0.01796875 0.021875
9 0.625 0.046875 0.034375 0.03515625
10 0.61640625 0.03359375 0.02265625 0.01953125
9 0.64609375 0.028125 0.02734375 0.03359375
3 0.6640625 0.03203125 0.0171875 0.02109375
3 0.68671875 0.03359375 0.01640625 0.0140625
6 0.63515625 0.09296875 0.00390625 0.0265625
6 0.48671875 0.04921875 0.0046875 0.02421875
10 0.4765625 0.040625 0.0234375 0.028125
10 0.44921875 0.03828125 0.01796875 0.0296875
6 0.44921875 0.05390625 0.00546875 0.021875
4 0.41640625 0.075 0.0078125 0.01640625
7 0.4171875 0.07109375 0.00703125 0.0234375
6 0.31484375 0.08359375 0.00546875 0.028125
6 0.3609375 0.075 0.0046875 0.02578125
6 0.365625 0.078125 0.0046875 0.02421875
6 0.36796875 0.07734375 0.00390625 0.0265625
10 0.57890625 0.02890625 0.01484375 0.02421875
9 0.4171875 0.04296875 0.03125 0.03125
6 0.40546875 0.0359375 0.00390625 0.01796875
3 0.40625 0.01640625 0.0140625 0.0203125
3 0.39765625 0.0359375 0.0125 0.02109375
3 0.38125 0.01875 0.021875 0.02109375
4 0.39609375 0.01953125 0.00546875 0.015625
3 0.35703125 0.0125 0.0140625 0.01796875
4 0.35546875 0.0234375 0.00390625 0.0140625
7 0.3546875 0.01875 0.00390625 0.01328125
3 0.37578125 0.0125 0.01640625 0.015625
3 0.334375 0.03359375 0.01484375 0.0203125
3 0.29765625 0.0328125 0.03046875 0.02109375
3 0.2984375 0.028125 0.034375 0.01953125
10 0.29296875 0.01640625 0.03125 0.02578125
3 0.32578125 0.009375 0.01328125 0.01875
6 0.23046875 0.06328125 0.00546875 0.02578125
7 0.18359375 0.04296875 0.00625 0.01328125
3 0.1953125 0.0265625 0.01328125 0.02578125
1 0.190625 0.04296875 0.00390625 0.01640625
3 0.1984375 0.0140625 0.0140625 0.01953125