7 0.0109375 0.2265625 0.021875 0.046875
6 0.04609375 0.20546875 0.028125 0.0359375
6 0.07578125 0.1890625 0.0296875 0.04375
6 0.090625 0.203125 0.03125 0.046875
7 0.16953125 0.28203125 0.0359375 0.046875
7 0.1828125 0.334375 0.0203125 0.0328125
7 0.35859375 0.29765625 0.0171875 0.0234375
6 0.37578125 0.2890625 0.0265625 0.0484375
0 0.66171875 0.10703125 0.078125 0.0921875
6 0.41171875 0.38046875 0.01875 0.0359375
10 0.1125 0.725 0.05625 0.0609375
3 0.15 0.7203125 0.046875 0.0515625
3 0.184375 0.71640625 0.0421875 0.0484375
3 0.2203125 0.69921875 0.0453125 0.05
3 0.25234375 0.71015625 0.0390625 0.04375
3 0.29296875 0.7171875 0.0328125 0.0421875
3 0.334375 0.6984375 0.04375 0.0453125
3 0.365625 0.7015625 0.0390625 0.0421875
3 0.45390625 0.71875 0.0515625 0.04375
3 0.51484375 0.7390625 0.04375 0.0390625
3 0.58984375 0.759375 0.040625 0.034375
3 0.55 0.6578125 0.05 0.0453125
6 0.41640625 0.728125 0.0140625 0.0265625
3 0.60078125 0.61875 0.0484375 0.05
3 0.6046875 0.684375 0.0453125 0.040625
3 0.6265625 0.70234375 0.0484375 0.0421875
10 0.59375 0.778125 0.0328125 0.03125
3 0.61171875 0.775 0.034375 0.0328125
3 0.615625 0.7875 0.0296875 0.025
6 0.6234375 0.64921875 0.015625 0.0296875
7 0.59453125 0.5453125 0.0171875 0.0265625
3 0.7125 0.59765625 0.0578125 0.05625
3 0.73359375 0.6140625 0.05 0.0484375
3 0.753125 0.63203125 0.05 0.0453125
7 0.7515625 0.76328125 0.0109375 0.01875
1 0.75 0.7609375 0.009375 0.0140625
3 0.77265625 0.7734375 0.0328125 0.0265625
3 0.71640625 0.815625 0.03125 0.028125
3 0.7734375 0.840625 0.0234375 0.0203125
3 0.87421875 0.76796875 0.0328125 0.0265625
2 0.8015625 0.8578125 0.03125 0.0390625
2 0.846875 0.83203125 0.03125 0.040625
3 0.878125 0.8171875 0.025 0.021875
3 0.884375 0.825 0.0234375 0.01875
3 0.9046875 0.834375 0.021875 0.0171875
3 0.9265625 0.84453125 0.0203125 0.015625
3 0.87578125 0.73203125 0.0203125 0.028125