4 0.03203125 0.15234375 0.01796875 0.03046875
7 0.2515625 0.11875 0.0140625 0.01875
6 0.24921875 0.11953125 0.01484375 0.04375
7 0.2640625 0.11328125 0.01015625 0.021875
6 0.2703125 0.1203125 0.01171875 0.0484375
4 0.32578125 0.01875 0.01640625 0.02421875
7 0.71953125 0.11484375 0.01640625 0.0484375
6 0.7359375 0.17890625 0.01640625 0.05625
4 0.7421875 0.1828125 0.01484375 0.046875
4 0.71796875 0.11953125 0.0140625 0.0390625
6 0.77578125 0.41484375 0.01796875 0.07421875
6 0.6796875 0.6015625 0.0234375 0.09453125
6 0.6484375 0.59609375 0.01484375 0.05703125
6 0.62734375 0.6296875 0.0171875 0.0515625