6 0.01953125 0.13671875 0.00859375 0.03359375
6 0.0375 0.02578125 0.00390625 0.01875
6 0.1015625 0.034375 0.00703125 0.0234375
6 0.01875 0.0234375 0.00625 0.02109375
6 0.0828125 0.21015625 0.01328125 0.03671875
6 0.0765625 0.20859375 0.01328125 0.04375
4 0.22265625 0.87578125 0.02890625 0.08125
6 0.42109375 0.56640625 0.03203125 0.1203125
6 0.53828125 0.5578125 0.01953125 0.125
6 0.53515625 0.525 0.03125 0.1015625
6 0.5078125 0.540625 0.02265625 0.1140625
6 0.67265625 0.55859375 0.02734375 0.1140625
6 0.71796875 0.51953125 0.03203125 0.0890625
6 0.6421875 0.5203125 0.02734375 0.10546875
6 0.66015625 0.490625 0.01953125 0.10625
6 0.80234375 0.809375 0.02890625 0.09140625
6 0.84453125 0.43359375 0.02890625 0.11171875