6 0.53984375 0.70859375 0.046875 0.0140625
6 0.7015625 0.8578125 0.0546875 0.0234375
6 0.72421875 0.86953125 0.0578125 0.0234375
6 0.22890625 0.85625 0.034375 0.0125
6 0.1875 0.81640625 0.0296875 0.009375
6 0.196875 0.86796875 0.025 0.0078125
6 0.1921875 0.859375 0.01875 0.0078125
6 0.19453125 0.8453125 0.03125 0.0125
6 0.07109375 0.728125 0.0234375 0.0046875
6 0.0703125 0.715625 0.021875 0.0109375
6 0.0703125 0.6921875 0.015625 0.00625
6 0.0609375 0.684375 0.015625 0.0046875
6 0.27421875 0.63828125 0.0359375 0.009375
6 0.2453125 0.68046875 0.03125 0.0109375
6 0.2984375 0.5859375 0.040625 0.009375
6 0.28828125 0.50703125 0.034375 0.0125
6 0.259375 0.53359375 0.028125 0.009375
6 0.20546875 0.50859375 0.025 0.0046875
6 0.18359375 0.51328125 0.025 0.0109375
6 0.1796875 0.7171875 0.021875 0.0046875
6 0.18359375 0.71953125 0.025 0.0046875
6 0.1734375 0.72109375 0.01875 0.00625
6 0.17265625 0.70625 0.01875 0.0078125
6 0.15703125 0.70234375 0.025 0.0109375
6 0.1578125 0.68515625 0.01875 0.00625
6 0.153125 0.690625 0.0265625 0.0046875
6 0.128125 0.68203125 0.021875 0.00625
6 0.134375 0.67265625 0.0265625 0.00625
6 0.1296875 0.6484375 0.028125 0.0109375
6 0.13046875 0.6421875 0.025 0.0046875
6 0.09609375 0.66171875 0.0265625 0.0109375
6 0.1078125 0.6359375 0.025 0.009375
6 0.10703125 0.64609375 0.0203125 0.00625
6 0.065625 0.64453125 0.0203125 0.0046875
6 0.065625 0.63671875 0.01875 0.0078125
6 0.10625 0.59765625 0.021875 0.0078125
6 0.0875 0.5859375 0.0203125 0.0109375
6 0.0859375 0.60703125 0.009375 0.00625
6 0.05390625 0.63359375 0.0140625 0.0046875
6 0.0515625 0.63828125 0.0125 0.0046875
6 0.0359375 0.5890625 0.015625 0.0078125
6 0.03515625 0.60234375 0.015625 0.00625
6 0.04375 0.559375 0.01875 0.00625
6 0.04765625 0.53984375 0.021875 0.0078125
6 0.03046875 0.54453125 0.015625 0.0078125
6 0.04296875 0.49765625 0.015625 0.00625
6 0.0703125 0.46875 0.0109375 0.00625
6 0.090625 0.40546875 0.015625 0.00625
6 0.0796875 0.3796875 0.01875 0.0078125
6 0.03125 0.4421875 0.0203125 0.0078125
6 0.25859375 0.44453125 0.0375 0.0125
6 0.328125 0.45078125 0.0421875 0.015625
6 0.2921875 0.3921875 0.0359375 0.0125
6 0.309375 0.36796875 0.040625 0.015625
6 0.2796875 0.30859375 0.040625 0.0125
6 0.38515625 0.43359375 0.01875 0.0078125
6 0.43515625 0.4484375 0.0484375 0.0203125