6 0.103125 0.1484375 0.0015625 0.00625
6 0.10234375 0.146875 0.00234375 0.00703125
6 0.0453125 0.66875 0.00234375 0.0046875
6 0.04453125 0.665625 0.003125 0.00546875
10 0.15625 0.6796875 0.01484375 0.0109375
3 0.25703125 0.56953125 0.009375 0.01640625
3 0.265625 0.56640625 0.01015625 0.0203125
3 0.27421875 0.56640625 0.01015625 0.01953125
3 0.284375 0.56875 0.01015625 0.0203125
3 0.29765625 0.56953125 0.01015625 0.0203125
3 0.3078125 0.571875 0.0109375 0.02109375
3 0.31796875 0.57265625 0.01015625 0.02109375
3 0.3265625 0.56875 0.00859375 0.01875
3 0.36015625 0.47578125 0.0109375 0.02109375
3 0.33984375 0.4734375 0.01171875 0.0203125
10 0.2671875 0.471875 0.0109375 0.021875
10 0.2578125 0.47421875 0.01015625 0.0203125
10 0.23515625 0.46953125 0.01015625 0.021875
10 0.24609375 0.46953125 0.0109375 0.01875
3 0.3484375 0.57109375 0.0125 0.02421875
3 0.390625 0.5765625 0.01171875 0.025
3 0.42421875 0.57890625 0.01328125 0.025
3 0.434375 0.48203125 0.01171875 0.021875
3 0.42265625 0.48125 0.01171875 0.01953125
3 0.4125 0.48046875 0.01015625 0.01953125
3 0.40390625 0.48203125 0.01171875 0.021875
3 0.29765625 0.4734375 0.0125 0.02421875
3 0.2875 0.47109375 0.01015625 0.01875
10 0.27890625 0.4734375 0.01015625 0.01953125
3 0.31875 0.47265625 0.0109375 0.02109375
3 0.32890625 0.471875 0.01171875 0.021875
10 0.609375 0.7171875 0.00703125 0.01953125
10 0.60078125 0.7171875 0.00703125 0.02109375
10 0.5921875 0.7171875 0.00703125 0.02109375
10 0.5671875 0.71640625 0.0078125 0.021875
3 0.58359375 0.7171875 0.00703125 0.0234375
3 0.575 0.71640625 0.00859375 0.021875
3 0.559375 0.71796875 0.00703125 0.02109375
3 0.55078125 0.7171875 0.00703125 0.0234375
3 0.5421875 0.71640625 0.0078125 0.025
3 0.53515625 0.71640625 0.00625 0.02109375
10 0.52734375 0.715625 0.00703125 0.021875
3 0.51875 0.715625 0.00703125 0.025
10 0.5109375 0.715625 0.00703125 0.02421875
10 0.49375 0.7140625 0.00703125 0.025
10 0.45390625 0.71640625 0.00625 0.02421875
3 0.46953125 0.71875 0.00546875 0.0203125
3 0.478125 0.71796875 0.00625 0.021875
3 0.4375 0.715625 0.00859375 0.025
3 0.4203125 0.71640625 0.00546875 0.02421875
3 0.4046875 0.71875 0.00703125 0.01953125