3 0.18125 0.93125 0.06484375 0.08125
3 0.3875 0.9375 0.0421875 0.06953125
6 0.4765625 0.87109375 0.02578125 0.034375
6 0.59765625 0.8984375 0.01796875 0.0296875
6 0.571875 0.65546875 0.01015625 0.03359375
6 0.53671875 0.74375 0.01171875 0.02890625
6 0.61328125 0.67578125 0.01328125 0.025
6 0.6109375 0.665625 0.01328125 0.02578125
6 0.6328125 0.6734375 0.01171875 0.025
6 0.6265625 0.66015625 0.01171875 0.02578125
3 0.66171875 0.5703125 0.06171875 0.05
4 0.621875 0.56953125 0.009375 0.040625
6 0.58515625 0.59609375 0.00703125 0.02890625
6 0.578125 0.57578125 0.00859375 0.0203125
6 0.2984375 0.78828125 0.01015625 0.03046875
6 0.30859375 0.80078125 0.01015625 0.02109375
6 0.29375 0.73359375 0.01640625 0.04296875
3 0.36796875 0.715625 0.08203125 0.10625
10 0.36796875 0.715625 0.08203125 0.10625
3 0.34375 0.5234375 0.059375 0.0734375
6 0.37734375 0.4890625 0.01171875 0.0265625
2 0.5 0.46015625 0.10703125 0.090625
3 0.48125 0.41171875 0.05234375 0.05
3 0.53359375 0.39296875 0.05 0.0453125
3 0.625 0.503125 0.03046875 0.0859375
3 0.65390625 0.49609375 0.02734375 0.0796875
3 0.56796875 0.50078125 0.03359375 0.090625
3 0.36484375 0.35078125 0.0515625 0.05625
3 0.28125 0.25703125 0.04140625 0.05859375
3 0.2375 0.30390625 0.0375 0.05
3 0.2234375 0.1875 0.04140625 0.046875
10 0.21640625 0.14921875 0.03828125 0.03046875
10 0.05234375 0.7984375 0.05390625 0.0984375
10 0.0234375 0.8328125 0.04609375 0.10078125
3 0.190625 0.46953125 0.05390625 0.078125
3 0.146875 0.1578125 0.03828125 0.05859375
3 0.2046875 0.13125 0.0421875 0.03671875
3 0.21171875 0.096875 0.04296875 0.03359375
3 0.1984375 0.0765625 0.04453125 0.03984375
6 0.1703125 0.178125 0.0078125 0.025
6 0.184375 0.178125 0.00859375 0.0265625
6 0.18828125 0.1734375 0.00859375 0.02578125
6 0.153125 0.12890625 0.01015625 0.0296875
6 0.1609375 0.11640625 0.009375 0.0296875
10 0.0390625 0.10859375 0.03046875 0.05
3 0.0515625 0.0671875 0.0328125 0.03984375
3 0.06171875 0.0453125 0.025 0.03671875
3 0.0296875 0.02890625 0.03046875 0.03828125
3 0.03984375 0.0109375 0.02265625 0.021875
4 0.1390625 0.04609375 0.0109375 0.02421875
4 0.1453125 0.04140625 0.01171875 0.02109375
6 0.08671875 0.02890625 0.00859375 0.021875