3 0.2640625 0.078125 0.01953125 0.053125
4 0.37890625 0.0390625 0.01640625 0.02109375
4 0.38515625 0.06328125 0.01484375 0.0234375
3 0.403125 0.1578125 0.02421875 0.053125
3 0.4125 0.22578125 0.0265625 0.05703125
0 0.38203125 0.32578125 0.02421875 0.06484375
9 0.3296875 0.29296875 0.02890625 0.08984375
4 0.440625 0.20859375 0.02109375 0.021875
4 0.44140625 0.22421875 0.02265625 0.0140625
4 0.44296875 0.2328125 0.01953125 0.01953125
4 0.44375 0.23984375 0.01953125 0.01875
4 0.44453125 0.24921875 0.01953125 0.01796875
4 0.446875 0.25625 0.01953125 0.01796875
4 0.4515625 0.26953125 0.02109375 0.01953125
4 0.45234375 0.27890625 0.01953125 0.01953125
4 0.4546875 0.28671875 0.01875 0.028125
4 0.4609375 0.31875 0.0203125 0.025
4 0.4640625 0.328125 0.0171875 0.021875
4 0.46484375 0.33671875 0.02109375 0.021875
4 0.46640625 0.34609375 0.01953125 0.01875
4 0.4671875 0.353125 0.01875 0.01953125
4 0.4421875 0.34921875 0.02109375 0.025
4 0.43671875 0.32109375 0.02265625 0.0265625
4 0.43125 0.30078125 0.0234375 0.02109375
4 0.4296875 0.2890625 0.021875 0.0203125
6 0.4484375 0.38671875 0.00859375 0.02421875
6 0.44921875 0.40390625 0.009375 0.0234375
0 0.48828125 0.4359375 0.04609375 0.04296875
6 0.49296875 0.459375 0.009375 0.028125
4 0.46484375 0.47421875 0.02421875 0.02421875
4 0.50546875 0.49921875 0.02578125 0.028125
4 0.51328125 0.55234375 0.02578125 0.02109375
3 0.47734375 0.54921875 0.0390625 0.1
4 0.5515625 0.73046875 0.03203125 0.02421875
4 0.56484375 0.8140625 0.028125 0.028125
4 0.5734375 0.8359375 0.02734375 0.02421875
4 0.5796875 0.8640625 0.0296875 0.0265625
4 0.5921875 0.9234375 0.0328125 0.021875
4 0.60078125 0.94609375 0.03828125 0.01953125
4 0.60546875 0.965625 0.0375 0.01328125
4 0.57265625 0.95390625 0.02421875 0.03671875
3 0.5078125 0.69140625 0.0390625 0.090625
6 0.0890625 0.828125 0.0109375 0.021875
4 0.05078125 0.82421875 0.028125 0.06015625
4 0.01484375 0.8375 0.0296875 0.025
4 0.01640625 0.81484375 0.0328125 0.01875
4 0.0171875 0.7921875 0.03359375 0.0234375
4 0.01953125 0.73359375 0.03828125 0.021875
4 0.0203125 0.70390625 0.040625 0.02421875
4 0.021875 0.675 0.03984375 0.02421875
4 0.0640625 0.69765625 0.03203125 0.03984375
4 0.06484375 0.66484375 0.034375 0.02421875
4 0.0640625 0.59921875 0.021875 0.05
4 0.02890625 0.63359375 0.03671875 0.02421875
4 0.03046875 0.609375 0.0359375 0.01953125
4 0.03203125 0.584375 0.03671875 0.01953125
4 0.03515625 0.5609375 0.03359375 0.02421875
4 0.0390625 0.51640625 0.03125 0.01875
4 0.0375 0.49453125 0.0359375 0.02890625
4 0.04375 0.48359375 0.0265625 0.01484375
4 0.04453125 0.47109375 0.02734375 0.0203125
4 0.07578125 0.4328125 0.0234375 0.0453125
4 0.009375 0.49375 0.01875 0.015625
4 0.0078125 0.5109375 0.015625 0.02109375
4 0.0125 0.478125 0.02109375 0.025
3 0.05390625 0.3140625 0.05546875 0.053125
3 0.0984375 0.29765625 0.02734375 0.0859375
3 0.09453125 0.2078125 0.02734375 0.06015625
3 0.1 0.15390625 0.0234375 0.06640625
3 0.10703125 0.09140625 0.0203125 0.053125