3 0.43203125 0.4640625 0.0203125 0.05546875
3 0.36484375 0.64765625 0.02109375 0.065625
3 0.3625 0.33125 0.01328125 0.0265625
9 0.34140625 0.3046875 0.01875 0.05703125
3 0.3609375 0.25546875 0.01015625 0.02109375
3 0.34375 0.22265625 0.009375 0.01796875
3 0.359375 0.196875 0.00859375 0.01875
4 0.34609375 0.171875 0.0046875 0.01328125
3 0.37734375 0.13984375 0.00703125 0.01640625
3 0.3578125 0.12734375 0.0078125 0.015625
3 0.2875 0.67890625 0.01796875 0.05
3 0.29609375 0.57109375 0.01640625 0.0484375
2 0.29609375 0.484375 0.02578125 0.0953125
2 0.3078125 0.3734375 0.0203125 0.06796875
2 0.2703125 0.346875 0.02421875 0.0515625
3 0.23046875 0.63359375 0.01875 0.05078125
2 0.2453125 0.5359375 0.02890625 0.07578125
2 0.21328125 0.56875 0.03671875 0.11796875
2 0.209375 0.70703125 0.02890625 0.04375
2 0.18203125 0.675 0.05703125 0.10703125
2 0.23359375 0.46953125 0.03671875 0.0859375
2 0.2140625 0.46484375 0.02890625 0.0890625
2 0.25625 0.39296875 0.0234375 0.06484375
2 0.2359375 0.39140625 0.03046875 0.075
2 0.26171875 0.3265625 0.03203125 0.05390625
3 0.31875 0.228125 0.01171875 0.02109375
3 0.30703125 0.20703125 0.0078125 0.01953125
3 0.31953125 0.15546875 0.00625 0.01328125
2 0.315625 0.128125 0.00859375 0.01953125
2 0.3265625 0.115625 0.00859375 0.02890625
3 0.31953125 0.10859375 0.00546875 0.01171875
3 0.30859375 0.090625 0.009375 0.0140625
10 0.35546875 0.0953125 0.0078125 0.0109375
3 0.3734375 0.07578125 0.00859375 0.01171875
3 0.35078125 0.07890625 0.00703125 0.0109375
3 0.34296875 0.0640625 0.00546875 0.009375
3 0.35390625 0.059375 0.00703125 0.01015625
3 0.3296875 0.0515625 0.00703125 0.01015625
3 0.33203125 0.0390625 0.00703125 0.009375
3 0.3171875 0.0484375 0.00859375 0.0109375
2 0.3484375 0.03671875 0.01484375 0.02578125
3 0.3171875 0.02421875 0.00703125 0.00859375
10 0.30625 0.034375 0.00859375 0.0109375
10 0.284375 0.0234375 0.00703125 0.01171875
3 0.29765625 0.0171875 0.00703125 0.00859375
3 0.27890625 0.01328125 0.00703125 0.00625
10 0.2578125 0.015625 0.0078125 0.01015625
9 0.28359375 0.09296875 0.00703125 0.01640625
9 0.27734375 0.09296875 0.00390625 0.01484375
9 0.27109375 0.090625 0.00546875 0.01015625
9 0.265625 0.0921875 0.00546875 0.015625
9 0.259375 0.09140625 0.00546875 0.01328125
9 0.25234375 0.09140625 0.00546875 0.01640625
9 0.240625 0.09296875 0.00859375 0.015625
9 0.2328125 0.10546875 0.0078125 0.015625
3 0.27265625 0.11484375 0.00703125 0.0109375
9 0.253125 0.1234375 0.01171875 0.0109375
9 0.25859375 0.1046875 0.00859375 0.009375
3 0.25703125 0.11328125 0.0046875 0.00625
10 0.25 0.11171875 0.00546875 0.009375
10 0.23125 0.0046875 0.0078125 0.00703125
4 0.25 0.0109375 0.00390625 0.00859375
3 0.31796875 0.03984375 0.00703125 0.009375
3 0.43046875 0.11796875 0.01328125 0.0140625
3 0.39921875 0.10703125 0.01015625 0.01171875
6 0.271875 0.2390625 0.00234375 0.009375
6 0.26953125 0.2375 0.00234375 0.01015625
6 0.4265625 0.2625 0.00390625 0.01796875
6 0.43203125 0.28828125 0.0046875 0.01484375