3 0.86953125 0.58515625 0.2125 0.15625
9 0.6125 0.68984375 0.2515625 0.1265625
3 0.465625 0.76015625 0.1046875 0.0734375
3 0.36875 0.8 0.08125 0.0546875
3 0.2921875 0.821875 0.0703125 0.0578125
3 0.23359375 0.8484375 0.059375 0.0421875
3 0.1875 0.85390625 0.046875 0.0390625
6 0.44296875 0.8609375 0.059375 0.0171875
6 0.4359375 0.85 0.059375 0.0203125
7 0.4375 0.8328125 0.0625 0.0296875
4 0.44140625 0.825 0.053125 0.0265625
10 0.14609375 0.86875 0.0671875 0.0515625
3 0.1078125 0.8734375 0.0375 0.025
3 0.0859375 0.8796875 0.025 0.021875
3 0.07265625 0.89375 0.0375 0.040625
3 0.06953125 0.8375 0.0328125 0.0515625
3 0.0484375 0.8609375 0.0265625 0.0390625
3 0.03828125 0.8796875 0.025 0.01875
3 0.02421875 0.88125 0.025 0.01875
3 0.0359375 0.92109375 0.034375 0.021875
3 0.06484375 0.9828125 0.0265625 0.034375
3 0.0546875 0.96484375 0.028125 0.034375
3 0.04765625 0.9578125 0.025 0.0328125
3 0.0328125 0.95390625 0.025 0.0234375
3 0.0234375 0.9484375 0.0203125 0.0203125
3 0.10859375 0.9890625 0.0546875 0.021875
3 0.16484375 0.58046875 0.046875 0.0546875