10 0.07734375 0.853125 0.02265625 0.053125
3 0.1765625 0.79921875 0.02890625 0.0390625
3 0.196875 0.8625 0.0359375 0.053125
3 0.2109375 0.76796875 0.03359375 0.04921875
10 0.28046875 0.81640625 0.03359375 0.08359375
3 0.2890625 0.78359375 0.02109375 0.05078125
10 0.25625 0.6734375 0.02421875 0.05859375
3 0.37265625 0.6875 0.03046875 0.04140625
7 0.33515625 0.62421875 0.00703125 0.01328125
7 0.31484375 0.65546875 0.00625 0.01171875
7 0.32109375 0.65078125 0.00625 0.0109375
3 0.43046875 0.60703125 0.00859375 0.01640625
9 0.4796875 0.60390625 0.03203125 0.03984375
4 0.4578125 0.4953125 0.00859375 0.01875
4 0.47265625 0.51484375 0.00546875 0.01640625
4 0.4765625 0.509375 0.0046875 0.0203125
3 0.49921875 0.49375 0.028125 0.046875
3 0.5125 0.50703125 0.02421875 0.040625
3 0.52421875 0.52890625 0.03203125 0.0453125
9 0.5328125 0.55 0.03359375 0.05
4 0.51484375 0.653125 0.02109375 0.0234375
3 0.5578125 0.4984375 0.0265625 0.0390625
1 0.51875 0.46171875 0.01015625 0.01171875
1 0.52421875 0.45390625 0.0125 0.01640625
3 0.55390625 0.4734375 0.02578125 0.0390625
6 0.54609375 0.415625 0.0078125 0.0140625
9 0.5828125 0.428125 0.0296875 0.03359375
3 0.59453125 0.41171875 0.0265625 0.03984375
6 0.628125 0.32578125 0.0078125 0.01640625
6 0.62890625 0.34375 0.00546875 0.015625
3 0.6375 0.28515625 0.01328125 0.040625
6 0.628125 0.2828125 0.00703125 0.015625
6 0.6875 0.45859375 0.00859375 0.015625
6 0.725 0.4640625 0.0078125 0.01796875
3 0.70078125 0.44140625 0.0328125 0.03359375
3 0.60859375 0.9515625 0.02421875 0.040625
3 0.53203125 0.9296875 0.034375 0.05390625
6 0.61328125 0.85703125 0.00625 0.00859375
4 0.63046875 0.80546875 0.00859375 0.01953125
4 0.63828125 0.78828125 0.01328125 0.01796875
4 0.64453125 0.78359375 0.0125 0.015625
1 0.653125 0.85546875 0.00703125 0.02109375
4 0.65703125 0.76640625 0.01796875 0.021875