3 0.675 0.92734375 0.07421875 0.1453125
2 0.53359375 0.4203125 0.10859375 0.23125
0 0.5421875 0.69140625 0.03046875 0.09453125
9 0.9875 0.97421875 0.025 0.0515625
3 0.11328125 0.6921875 0.04453125 0.1265625
3 0.25234375 0.44921875 0.07890625 0.05859375
3 0.2390625 0.3859375 0.03359375 0.06875
3 0.284375 0.3859375 0.03515625 0.0734375
3 0.41171875 0.3015625 0.03046875 0.0640625
3 0.3984375 0.246875 0.0296875 0.059375
3 0.496875 0.27421875 0.03515625 0.0609375
10 0.44375 0.27734375 0.028125 0.0734375
3 0.459375 0.1734375 0.02890625 0.05390625
3 0.409375 0.1421875 0.02734375 0.053125
3 0.62734375 0.1921875 0.0375 0.0453125
3 0.58515625 0.11875 0.02890625 0.0359375
0 0.5890625 0.19453125 0.02265625 0.04609375
7 0.41875 0.10234375 0.00703125 0.0265625
1 0.41796875 0.1109375 0.0078125 0.01796875
3 0.4671875 0.090625 0.04140625 0.03515625
3 0.45546875 0.07578125 0.04140625 0.0359375
3 0.4453125 0.0453125 0.04140625 0.03125
3 0.52890625 0.03046875 0.025 0.034375
3 0.4890625 0.04453125 0.03203125 0.03359375
3 0.3703125 0.0484375 0.0234375 0.03125
3 0.39921875 0.0171875 0.02109375 0.034375
1 0.38984375 0.38671875 0.0234375 0.02578125