4 0.49609375 0.1140625 0.021875 0.0203125
4 0.49453125 0.1078125 0.021875 0.0203125
4 0.475 0.16796875 0.01875 0.0171875
4 0.47578125 0.16015625 0.015625 0.0125
4 0.47421875 0.15390625 0.01875 0.015625
4 0.475 0.18515625 0.0234375 0.0234375
4 0.47109375 0.19296875 0.0265625 0.0265625
4 0.46953125 0.20390625 0.0234375 0.0171875
4 0.43984375 0.18515625 0.0140625 0.028125
4 0.42421875 0.17734375 0.0203125 0.021875
4 0.4234375 0.18515625 0.01875 0.01875
4 0.421875 0.209375 0.025 0.0296875
4 0.41171875 0.30546875 0.0171875 0.0328125
6 0.48671875 0.26484375 0.0140625 0.03125
4 0.43671875 0.2796875 0.028125 0.0296875
4 0.43671875 0.28671875 0.025 0.0203125
4 0.43671875 0.29296875 0.025 0.0234375
4 0.4375 0.30078125 0.0265625 0.0234375
4 0.4375 0.3078125 0.028125 0.0296875
4 0.43671875 0.3171875 0.0265625 0.0265625
4 0.4390625 0.32578125 0.034375 0.0328125
4 0.43515625 0.33671875 0.0265625 0.028125
4 0.43515625 0.3453125 0.028125 0.0296875
4 0.43515625 0.35546875 0.028125 0.0296875
4 0.4765625 0.2734375 0.0171875 0.01875
4 0.47734375 0.28125 0.015625 0.01875
4 0.47578125 0.290625 0.01875 0.01875
4 0.4765625 0.3 0.01875 0.0171875
4 0.47578125 0.30703125 0.01875 0.0171875
4 0.475 0.3140625 0.01875 0.0171875
4 0.47578125 0.32109375 0.021875 0.01875
4 0.47734375 0.33203125 0.01875 0.01875
4 0.478125 0.33984375 0.01875 0.015625
4 0.478125 0.35 0.01875 0.01875
4 0.47890625 0.3578125 0.0203125 0.0203125
4 0.49921875 0.35546875 0.025 0.0234375
4 0.50078125 0.3390625 0.0265625 0.028125
4 0.4953125 0.32890625 0.0234375 0.0234375
4 0.50234375 0.3203125 0.0265625 0.0234375
4 0.49765625 0.309375 0.0234375 0.0234375
4 0.4984375 0.29921875 0.0265625 0.028125
4 0.43125 0.40546875 0.0234375 0.0234375
4 0.43046875 0.4140625 0.0234375 0.0234375
4 0.43046875 0.42421875 0.0234375 0.0265625
4 0.4734375 0.396875 0.0234375 0.0265625
4 0.49765625 0.41171875 0.0265625 0.0265625
4 0.47265625 0.43046875 0.0234375 0.0234375
4 0.47265625 0.44296875 0.025 0.0234375
4 0.471875 0.465625 0.0234375 0.0234375
4 0.4734375 0.478125 0.0234375 0.0234375
6 0.5234375 0.4015625 0.0125 0.025
10 0.50078125 0.47578125 0.053125 0.08125
6 0.38359375 0.640625 0.01875 0.03125
0 0.4328125 0.6203125 0.0734375 0.065625
4 0.4625 0.71484375 0.0359375 0.0328125
4 0.4703125 0.73359375 0.034375 0.03125
4 0.4671875 0.7734375 0.0296875 0.0421875
3 0.50546875 0.728125 0.078125 0.1328125
3 0.4625 0.83671875 0.040625 0.0390625
4 0.46328125 0.8703125 0.0359375 0.0375
4 0.45703125 0.934375 0.046875 0.0375
9 0.503125 0.921875 0.0953125 0.1390625
3 0.46875 0.22734375 0.05625 0.0546875
3 0.4984375 0.18671875 0.0453125 0.065625
6 0.521875 0.16953125 0.0078125 0.015625
3 0.49921875 0.13828125 0.0328125 0.0453125
3 0.66953125 0.43359375 0.071875 0.0671875
3 0.83203125 0.284375 0.0484375 0.0859375
3 0.85546875 0.36171875 0.0515625 0.0890625
3 0.940625 0.63125 0.0703125 0.1484375
9 0.5703125 0.85546875 0.08125 0.1359375