6 0.021875 0.93671875 0.04375 0.06796875
3 0.5765625 0.5625 0.04609375 0.03203125
3 0.425 0.54609375 0.02890625 0.02109375
2 0.0375 0.56640625 0.075 0.084375
3 0.115625 0.56484375 0.03046875 0.03125
3 0.2109375 0.521875 0.01796875 0.01796875
3 0.23828125 0.521875 0.015625 0.015625
3 0.2703125 0.5296875 0.02109375 0.01875
3 0.29921875 0.52109375 0.01875 0.01484375
3 0.2875 0.51640625 0.01796875 0.015625
3 0.3296875 0.534375 0.02421875 0.01875
3 0.44453125 0.521875 0.015625 0.01484375
3 0.4265625 0.52109375 0.01796875 0.015625
3 0.37109375 0.54453125 0.03203125 0.0234375
3 0.13046875 0.5140625 0.01328125 0.01171875
3 0.125 0.50859375 0.01015625 0.01171875
3 0.10625 0.5109375 0.0109375 0.01328125
3 0.075 0.50703125 0.01015625 0.0109375
3 0.05703125 0.50859375 0.009375 0.0109375
3 0.0453125 0.50859375 0.00859375 0.00859375
3 0.02578125 0.50859375 0.009375 0.0109375