3 0.05546875 0.91640625 0.040625 0.1109375
3 0.53984375 0.9359375 0.06953125 0.071875
10 0.5203125 0.88046875 0.06171875 0.07578125
3 0.50546875 0.809375 0.065625 0.08203125
3 0.48828125 0.74921875 0.06484375 0.0796875
3 0.653125 0.78125 0.06953125 0.09375
3 0.45703125 0.61953125 0.06796875 0.07890625
3 0.4453125 0.56015625 0.05703125 0.08125
10 0.42421875 0.50546875 0.05078125 0.06171875
3 0.34765625 0.52578125 0.06875 0.07421875
3 0.40859375 0.44765625 0.06171875 0.06015625
3 0.39375 0.3875 0.05859375 0.05859375
3 0.3875 0.3421875 0.06015625 0.0640625
6 0.4765625 0.43046875 0.01171875 0.01953125
3 0.53515625 0.371875 0.0578125 0.08359375
6 0.4484375 0.28125 0.00859375 0.02890625
6 0.425 0.29765625 0.01015625 0.0234375
6 0.42890625 0.2859375 0.00859375 0.02421875
6 0.4171875 0.26796875 0.01171875 0.0265625
6 0.421875 0.19921875 0.00859375 0.03125
6 0.43125 0.20390625 0.009375 0.03125
6 0.4375 0.19921875 0.0078125 0.03984375
3 0.478125 0.2109375 0.05625 0.06796875
6 0.378125 0.14296875 0.0078125 0.028125
6 0.3875 0.13359375 0.0078125 0.03046875
6 0.42265625 0.109375 0.0078125 0.03125
3 0.3453125 0.14375 0.05390625 0.06875
3 0.33671875 0.0953125 0.05546875 0.06328125
1 0.371875 0.065625 0.01015625 0.0484375
7 0.37109375 0.0546875 0.00859375 0.028125
1 0.4296875 0.04609375 0.01484375 0.03046875
4 0.42265625 0.025 0.01953125 0.0296875
3 0.32734375 0.0515625 0.05234375 0.0515625
3 0.31796875 0.0203125 0.05390625 0.040625
4 0.25 0.41328125 0.01796875 0.0546875