3 0.31875 0.20859375 0.01015625 0.028125
3 0.38359375 0.11328125 0.009375 0.02421875
3 0.37421875 0.0703125 0.00859375 0.0203125
2 0.425 0.5984375 0.02578125 0.10625
10 0.36484375 0.48828125 0.01328125 0.05703125
10 0.46328125 0.346875 0.01484375 0.04609375
10 0.4890625 0.19609375 0.0234375 0.02421875
10 0.53359375 0.1890625 0.02421875 0.02109375
3 0.5640625 0.1859375 0.02265625 0.01796875
3 0.5671875 0.20078125 0.02109375 0.01875
10 0.65625 0.1703125 0.02421875 0.021875
3 0.70546875 0.27109375 0.02890625 0.01875
3 0.69765625 0.1734375 0.01953125 0.015625
3 0.67890625 0.1671875 0.01875 0.015625
3 0.70390625 0.16171875 0.0234375 0.0140625
10 0.31328125 0.03515625 0.00859375 0.01875
6 0.2578125 0.159375 0.00390625 0.0109375
6 0.27421875 0.07265625 0.00234375 0.01171875
6 0.32734375 0.0109375 0.00234375 0.01015625
6 0.3296875 0.01171875 0.00234375 0.009375
3 0.58359375 0.3984375 0.01640625 0.03515625