2 0.25859375 0.3484375 0.14453125 0.090625
2 0.03046875 0.321875 0.06015625 0.08515625
10 0.51875 0.5234375 0.06015625 0.06171875
10 0.6078125 0.61796875 0.05390625 0.1140625
10 0.64921875 0.62109375 0.059375 0.11328125
10 0.715625 0.61796875 0.0265625 0.0953125
10 0.525 0.02109375 0.02734375 0.04140625
10 0.5515625 0.01328125 0.02578125 0.0265625
3 0.384375 0.3125 0.02421875 0.0734375
3 0.28203125 0.17578125 0.04296875 0.0359375
3 0.19921875 0.10546875 0.025 0.05
2 0.39296875 0.06015625 0.02578125 0.1203125
8 0.1953125 0.4609375 0.02109375 0.01640625
1 0.28671875 0.43828125 0.02109375 0.01640625
1 0.35703125 0.4734375 0.01796875 0.02109375
1 0.40703125 0.3734375 0.01171875 0.0265625
1 0.43671875 0.11640625 0.00703125 0.025
1 0.4328125 0.2921875 0.0046875 0.02890625
1 0.4296875 0.2515625 0.0046875 0.02890625
7 0.19453125 0.453125 0.0125 0.02890625
7 0.28515625 0.43046875 0.01015625 0.025
7 0.35703125 0.46640625 0.01015625 0.02578125
7 0.4046875 0.365625 0.01015625 0.02109375
7 0.43046875 0.24296875 0.01015625 0.021875
7 0.434375 0.28515625 0.0078125 0.01875
7 0.43671875 0.11328125 0.00859375 0.01796875
7 0.43828125 0.140625 0.00703125 0.01796875
1 0.43828125 0.1484375 0.00390625 0.02421875
6 0.36171875 0.54453125 0.00859375 0.02109375
6 0.234375 0.57421875 0.0109375 0.02421875
4 0.02265625 0.459375 0.01953125 0.01875
7 0.02109375 0.45078125 0.01171875 0.02421875
6 0.08125 0.2640625 0.01328125 0.028125
6 0.35703125 0.30625 0.00546875 0.02578125
6 0.34921875 0.303125 0.00625 0.02578125