3 0.1828125 0.98984375 0.05078125 0.0203125
3 0.18046875 0.9265625 0.04609375 0.1109375
3 0.234375 0.82421875 0.04765625 0.09140625
3 0.27734375 0.76640625 0.0625 0.06171875
4 0.06640625 0.53203125 0.01953125 0.0234375
3 0.13125 0.5078125 0.04609375 0.04375
3 0.21015625 0.546875 0.03515625 0.05859375
3 0.09609375 0.25859375 0.0203125 0.0265625
3 0.15625 0.253125 0.0125 0.02421875
10 0.140625 0.21796875 0.01640625 0.025
3 0.0421875 0.23828125 0.0265625 0.021875
10 0.2046875 0.44921875 0.046875 0.0546875
10 0.25625 0.42109375 0.04609375 0.0484375
3 0.3234375 0.39765625 0.03828125 0.03203125
3 0.37109375 0.36953125 0.02890625 0.04296875
10 0.36796875 0.3375 0.01953125 0.04140625
10 0.3734375 0.30625 0.01640625 0.04140625
10 0.3765625 0.20625 0.01484375 0.03671875
10 0.37265625 0.18671875 0.01015625 0.02109375
10 0.375 0.24140625 0.015625 0.028125
3 0.27109375 0.2453125 0.01171875 0.02421875
3 0.30546875 0.240625 0.01328125 0.02578125
3 0.2875 0.24453125 0.0125 0.03125
3 0.32109375 0.2421875 0.0125 0.02109375
3 0.92734375 0.4859375 0.05078125 0.03515625
3 0.98125 0.48984375 0.03671875 0.03125
6 0.8640625 0.478125 0.00546875 0.02890625
1 0.84453125 0.5546875 0.01015625 0.0296875
3 0.71484375 0.46484375 0.04296875 0.03671875
3 0.6734375 0.440625 0.0375 0.034375
3 0.63828125 0.4203125 0.0375 0.03125
7 0.63359375 0.4375 0.00703125 0.01953125
4 0.63359375 0.44375 0.01171875 0.02109375
7 0.61328125 0.42109375 0.00546875 0.0203125
1 0.6125 0.42734375 0.01171875 0.01953125
3 0.55390625 0.3875 0.03203125 0.03046875
3 0.521875 0.340625 0.0171875 0.0296875
3 0.49765625 0.25625 0.01484375 0.02109375
6 0.05625 0.2015625 0.00546875 0.01796875
6 0.08125 0.22109375 0.00625 0.01953125
6 0.0890625 0.221875 0.00546875 0.01796875
6 0.09765625 0.21953125 0.0046875 0.0203125
6 0.04453125 0.175 0.00390625 0.01640625
3 0.303125 0.125 0.0140625 0.01328125
3 0.30625 0.134375 0.00859375 0.01328125
3 0.3140625 0.14140625 0.00859375 0.01328125
3 0.31796875 0.15546875 0.00859375 0.01484375
3 0.31015625 0.16171875 0.00859375 0.01484375
3 0.32734375 0.1328125 0.00859375 0.0140625