3 0.31015625 0.865625 0.04296875 0.14453125
3 0.334375 0.70546875 0.03515625 0.103125
3 0.51171875 0.8359375 0.03671875 0.14609375
10 0.50390625 0.696875 0.06171875 0.10546875
3 0.353125 0.59140625 0.03125 0.10078125
3 0.50625 0.603125 0.02578125 0.084375
3 0.50859375 0.51171875 0.028125 0.07109375
3 0.3734375 0.5 0.0265625 0.06875
3 0.3890625 0.42890625 0.02734375 0.06875
3 0.51171875 0.44296875 0.02578125 0.06328125
3 0.378125 0.390625 0.03671875 0.05859375
3 0.45078125 0.40078125 0.02421875 0.06015625
3 0.24453125 0.24765625 0.02578125 0.03046875
3 0.30234375 0.275 0.034375 0.028125
3 0.34296875 0.28984375 0.03828125 0.03359375
3 0.3875 0.3015625 0.04140625 0.03359375
3 0.409375 0.2890625 0.0328125 0.03046875
3 0.4265625 0.2765625 0.03359375 0.03125
3 0.4328125 0.253125 0.0390625 0.03046875
3 0.4375 0.23671875 0.03203125 0.025
3 0.35078125 0.33515625 0.03359375 0.03125
3 0.55703125 0.39296875 0.05390625 0.04140625
3 0.49609375 0.32421875 0.03828125 0.0453125
3 0.53671875 0.31953125 0.04140625 0.04140625
3 0.51953125 0.2765625 0.01796875 0.04375
3 0.5171875 0.24375 0.0234375 0.03359375
3 0.5265625 0.1984375 0.01640625 0.03515625
3 0.52578125 0.17109375 0.02109375 0.02421875
3 0.52890625 0.14765625 0.01953125 0.02890625
3 0.53125 0.12890625 0.01953125 0.02890625
3 0.54140625 0.1140625 0.02265625 0.025
3 0.54375 0.08046875 0.01171875 0.0234375
3 0.525 0.090625 0.0171875 0.0296875
3 0.54609375 0.0640625 0.01171875 0.0203125
3 0.54765625 0.05078125 0.01015625 0.01796875
3 0.55 0.03671875 0.01015625 0.01875
3 0.55078125 0.0234375 0.009375 0.01640625
3 0.53984375 0.0140625 0.01953125 0.01953125
3 0.5328125 0.00859375 0.0125 0.0171875
3 0.56328125 0.015625 0.02109375 0.021875
3 0.49609375 0.009375 0.0203125 0.01484375
3 0.4421875 0.20546875 0.03359375 0.02890625
3 0.44609375 0.18671875 0.03046875 0.0203125
3 0.4484375 0.18046875 0.03046875 0.025
3 0.45234375 0.16875 0.0265625 0.01875
3 0.45703125 0.1609375 0.03359375 0.02421875
3 0.46171875 0.1453125 0.0296875 0.0203125
3 0.4640625 0.13359375 0.02421875 0.01796875
3 0.46796875 0.12109375 0.03046875 0.01953125
10 0.4703125 0.10625 0.02265625 0.01875
3 0.47265625 0.09921875 0.02421875 0.01875
3 0.4765625 0.08828125 0.02734375 0.0203125
3 0.48203125 0.07890625 0.02421875 0.01953125
3 0.4859375 0.0640625 0.02890625 0.028125
3 0.48828125 0.05234375 0.02421875 0.01953125
3 0.49375 0.046875 0.02265625 0.01640625
3 0.49453125 0.03828125 0.021875 0.015625
3 0.4984375 0.03359375 0.01875 0.01484375
3 0.49765625 0.0265625 0.02109375 0.01640625
3 0.50234375 0.021875 0.01953125 0.0140625
3 0.5015625 0.015625 0.02109375 0.01875
3 0.67890625 0.09765625 0.01640625 0.0265625
10 0.684375 0.15078125 0.02578125 0.03359375
4 0.71171875 0.33203125 0.01328125 0.0140625
4 0.71328125 0.34453125 0.01484375 0.015625