3 0.48046875 0.53203125 0.059375 0.053125
3 0.390625 0.56484375 0.059375 0.053125
3 0.30390625 0.7796875 0.0765625 0.0734375
3 0.26015625 0.63828125 0.0625 0.0625
3 0.628125 0.4921875 0.059375 0.0546875
3 0.534375 0.4546875 0.0546875 0.0515625
3 0.34609375 0.42265625 0.0375 0.0390625
3 0.22109375 0.440625 0.025 0.0375
2 0.2234375 0.403125 0.05625 0.0828125
3 0.20625 0.32265625 0.0171875 0.01875
3 0.1765625 0.2875 0.0140625 0.0171875
3 0.16015625 0.26328125 0.0125 0.0140625
3 0.1375 0.25078125 0.0140625 0.0171875
3 0.278125 0.3390625 0.028125 0.021875
3 0.0859375 0.20703125 0.009375 0.0140625
3 0.0859375 0.1953125 0.009375 0.0140625
3 0.0859375 0.17265625 0.009375 0.0125
4 0.178125 0.49140625 0.0109375 0.015625
4 0.18203125 0.47265625 0.0109375 0.0171875
4 0.1875 0.465625 0.0109375 0.0171875
4 0.171875 0.4734375 0.009375 0.0125
7 0.17578125 0.48828125 0.009375 0.015625
7 0.17890625 0.46640625 0.0109375 0.015625
7 0.184375 0.459375 0.0109375 0.0171875
7 0.16953125 0.46796875 0.0109375 0.015625
3 0.15234375 0.978125 0.0515625 0.04375