6 0.81171875 0.24140625 0.0109375 0.0203125
6 0.77265625 0.36796875 0.0125 0.0203125
6 0.76640625 0.55625 0.009375 0.01875
6 0.7828125 0.55390625 0.0109375 0.0171875
6 0.8546875 0.73359375 0.00625 0.0140625
6 0.76875 0.7078125 0.0078125 0.015625
6 0.7765625 0.725 0.0078125 0.015625
6 0.7953125 0.78046875 0.0078125 0.015625
6 0.80078125 0.8 0.0078125 0.015625
6 0.81875 0.79765625 0.00625 0.0140625
10 0.74296875 0.6796875 0.0234375 0.0328125
2 0.75390625 0.74765625 0.0421875 0.0765625
10 0.75859375 0.78828125 0.01875 0.025
10 0.7609375 0.8171875 0.015625 0.0265625
6 0.78359375 0.846875 0.00625 0.0125
6 0.7859375 0.865625 0.00625 0.009375
3 0.7921875 0.915625 0.0140625 0.0171875
3 0.7765625 0.88359375 0.0109375 0.0171875
3 0.76875 0.853125 0.0140625 0.0203125
3 0.4171875 0.4296875 0.03125 0.0578125
3 0.36640625 0.32109375 0.025 0.0375
10 0.39140625 0.4484375 0.0296875 0.053125
3 0.29296875 0.3453125 0.0546875 0.0578125
3 0.309375 0.378125 0.0390625 0.0515625
10 0.31328125 0.4328125 0.0515625 0.05625
3 0.321875 0.45859375 0.046875 0.05
3 0.32734375 0.48125 0.046875 0.046875
4 0.33359375 0.54296875 0.0125 0.0234375
4 0.334375 0.55390625 0.028125 0.0296875
10 0.33046875 0.584375 0.0453125 0.05625
10 0.33515625 0.6359375 0.0375 0.0453125
3 0.334375 0.61171875 0.0375 0.046875
10 0.3390625 0.6625 0.0421875 0.05
10 0.346875 0.6875 0.0375 0.04375
10 0.34609375 0.7078125 0.0375 0.04375
3 0.34765625 0.77578125 0.0203125 0.0328125
5 0.35078125 0.73515625 0.0328125 0.0421875
3 0.37109375 0.86875 0.0125 0.025
5 0.39375 0.878125 0.0234375 0.034375
10 0.44921875 0.53046875 0.028125 0.0484375
2 0.41484375 0.5484375 0.0375 0.0828125
10 0.42578125 0.5984375 0.025 0.0421875
2 0.4375 0.68515625 0.0546875 0.103125
2 0.43046875 0.77578125 0.059375 0.1015625
2 0.43203125 0.89609375 0.05 0.08125
10 0.43359375 0.83359375 0.0203125 0.03125
10 0.434375 0.93359375 0.021875 0.028125
3 0.4328125 0.96796875 0.015625 0.0203125
3 0.4546875 0.90078125 0.01875 0.0265625
10 0.54453125 0.99296875 0.0171875 0.0140625
10 0.534375 0.90390625 0.015625 0.0265625
3 0.534375 0.93515625 0.0140625 0.021875
3 0.4796875 0.66015625 0.021875 0.0390625
10 0.56640625 0.59921875 0.0234375 0.0421875
10 0.5296875 0.74296875 0.0203125 0.0328125
9 0.559375 0.9109375 0.0265625 0.046875
3 0.57265625 0.84765625 0.0171875 0.0234375
2 0.61796875 0.784375 0.0421875 0.0890625
2 0.625 0.87734375 0.0140625 0.0203125
3 0.59921875 0.9453125 0.0140625 0.0171875
3 0.7421875 0.62890625 0.0234375 0.0328125