3 0.0421875 0.46796875 0.0234375 0.04609375
3 0.51484375 0.56640625 0.01640625 0.0640625
3 0.596875 0.64453125 0.03125 0.0609375
3 0.67265625 0.55625 0.025 0.053125
3 0.6921875 0.72265625 0.02421875 0.0734375
3 0.6296875 0.6765625 0.03359375 0.05859375
3 0.46640625 0.52578125 0.01796875 0.04921875
10 0.63515625 0.58125 0.040625 0.04921875
3 0.1765625 0.25546875 0.01640625 0.0296875
3 0.1890625 0.24453125 0.01640625 0.025
10 0.071875 0.128125 0.01875 0.02578125
6 0.34921875 0.13359375 0.0015625 0.01171875