3 0.33359375 0.48203125 0.01328125 0.03828125
3 0.3828125 0.40390625 0.01328125 0.0359375
3 0.40234375 0.37109375 0.0125 0.03359375
3 0.3375 0.32109375 0.01015625 0.02421875
3 0.3640625 0.2640625 0.01015625 0.025
3 0.39453125 0.1859375 0.0078125 0.01953125
3 0.34375 0.1734375 0.00703125 0.015625
3 0.3421875 0.20859375 0.00859375 0.015625
3 0.33125 0.18046875 0.00859375 0.01875
3 0.30390625 0.21484375 0.009375 0.01875
3 0.359375 0.0734375 0.0046875 0.01328125
3 0.3609375 0.0453125 0.00546875 0.009375
3 0.32890625 0.0625 0.00546875 0.01015625
3 0.325 0.0859375 0.00546875 0.0109375
3 0.33046875 0.03359375 0.00390625 0.00859375
3 0.34921875 0.003125 0.0046875 0.00546875
10 0.3453125 0.10546875 0.00546875 0.01171875
10 0.31796875 0.1015625 0.00625 0.01328125
10 0.3484375 0.05 0.0046875 0.009375
3 0.38046875 0.26796875 0.01171875 0.0234375
3 0.340625 0.2515625 0.00859375 0.0234375
10 0.28125 0.53515625 0.01796875 0.05
10 0.26484375 0.66328125 0.02265625 0.0609375
10 0.4203125 0.63359375 0.02265625 0.07421875
10 0.32578125 0.6984375 0.02109375 0.0609375
3 0.29296875 0.696875 0.0203125 0.0640625
2 0.45859375 0.628125 0.03984375 0.17578125
2 0.29609375 0.36796875 0.02421875 0.1
2 0.31640625 0.1421875 0.01171875 0.0453125
2 0.32265625 0.04296875 0.00703125 0.0234375
2 0.33046875 0.0109375 0.00625 0.02109375
6 0.30625 0.09453125 0.00078125 0.00703125
6 0.30546875 0.0890625 0.0015625 0.00703125
6 0.3078125 0.08359375 0.0015625 0.00703125
6 0.3125 0.0609375 0.0015625 0.00859375
6 0.3109375 0.0609375 0.00234375 0.00859375
6 0.30859375 0.06953125 0.00234375 0.00625
7 0.32109375 0.0765625 0.00234375 0.00625
4 0.321875 0.07890625 0.00234375 0.00703125