3 0.50703125 0.97578125 0.0296875 0.04765625
3 0.696875 0.9828125 0.0546875 0.034375
3 0.68203125 0.9265625 0.05546875 0.05078125
3 0.68671875 0.87890625 0.04921875 0.05
3 0.69296875 0.82890625 0.05234375 0.04453125
3 0.67734375 0.78515625 0.05 0.04453125
3 0.68671875 0.72734375 0.04609375 0.04375
4 0.1109375 0.96171875 0.0140625 0.034375
4 0.12109375 0.95234375 0.01640625 0.04375
1 0.16484375 0.89921875 0.01875 0.02109375
4 0.109375 0.76796875 0.0203125 0.021875
4 0.11640625 0.746875 0.02109375 0.02421875
6 0.16875 0.7796875 0.01171875 0.0296875
6 0.225 0.81875 0.01015625 0.0265625
6 0.2234375 0.81015625 0.0078125 0.0296875
6 0.225 0.803125 0.0078125 0.03046875
6 0.2390625 0.80859375 0.01328125 0.03125
6 0.2484375 0.80078125 0.01171875 0.0265625
6 0.24453125 0.79140625 0.009375 0.03359375
6 0.20546875 0.70078125 0.01015625 0.0296875
3 0.12109375 0.6703125 0.05078125 0.03671875
3 0.04375 0.57109375 0.03671875 0.04140625
10 0.0078125 0.49375 0.01484375 0.0484375
10 0.046875 0.42578125 0.03515625 0.0359375
3 0.0234375 0.35234375 0.02890625 0.0359375
3 0.08203125 0.3890625 0.03515625 0.03359375
6 0.071875 0.46796875 0.01015625 0.028125
6 0.140625 0.490625 0.0078125 0.02421875
7 0.13984375 0.48515625 0.003125 0.01328125
4 0.146875 0.47734375 0.015625 0.02109375
10 0.059375 0.31796875 0.0390625 0.03984375
10 0.05859375 0.303125 0.03125 0.02421875
3 0.00546875 0.3796875 0.0109375 0.034375
9 0.68046875 0.6765625 0.0546875 0.05703125
10 0.653125 0.65703125 0.03984375 0.046875
3 0.65703125 0.62578125 0.046875 0.03125
3 0.6546875 0.59296875 0.0390625 0.03828125
3 0.615625 0.6015625 0.0203125 0.05078125
3 0.51640625 0.6328125 0.04140625 0.0453125
3 0.63828125 0.54140625 0.028125 0.03515625
3 0.63046875 0.5109375 0.03203125 0.0359375
3 0.6296875 0.47421875 0.03046875 0.03515625
3 0.6375 0.42109375 0.01484375 0.034375
3 0.63046875 0.38203125 0.01953125 0.02890625
3 0.63125 0.35546875 0.021875 0.0265625
3 0.62890625 0.32109375 0.02109375 0.0265625
3 0.62890625 0.2671875 0.01171875 0.025
3 0.628125 0.24375 0.01796875 0.01953125
3 0.625 0.23046875 0.01796875 0.01953125
3 0.625 0.2140625 0.01796875 0.01875
3 0.62890625 0.17890625 0.01015625 0.02109375
3 0.6296875 0.1234375 0.0078125 0.015625
3 0.58359375 0.09453125 0.009375 0.0140625
3 0.5796875 0.1453125 0.01015625 0.02421875
10 0.62578125 0.159375 0.01484375 0.021875
10 0.5828125 0.12265625 0.01640625 0.02109375
3 0.59609375 0.2609375 0.0125 0.03359375
3 0.5734375 0.240625 0.0203125 0.021875
3 0.5671875 0.2703125 0.0109375 0.028125
3 0.56796875 0.29609375 0.0234375 0.0234375
3 0.5671875 0.31484375 0.02734375 0.021875
3 0.5640625 0.32890625 0.02734375 0.02109375
3 0.56796875 0.3484375 0.028125 0.025
3 0.5609375 0.3625 0.03046875 0.0265625
3 0.5625 0.38046875 0.03203125 0.02890625
3 0.559375 0.39296875 0.02734375 0.02578125
3 0.55859375 0.4109375 0.02890625 0.03203125
3 0.55703125 0.434375 0.03203125 0.03046875
3 0.5546875 0.45703125 0.03359375 0.03125
3 0.553125 0.4796875 0.03359375 0.03125
3 0.54921875 0.4984375 0.034375 0.0359375
10 0.54921875 0.521875 0.03203125 0.03671875
3 0.54765625 0.5546875 0.03671875 0.040625
10 0.5453125 0.58203125 0.0328125 0.04609375
3 0.53046875 0.61015625 0.03671875 0.0390625
4 0.3578125 0.40703125 0.00625 0.01953125