3 0.02578125 0.91640625 0.0515625 0.0234375
3 0.0375 0.8796875 0.075 0.05625
3 0.04453125 0.8234375 0.0890625 0.065625
3 0.05546875 0.7796875 0.103125 0.06875
3 0.07890625 0.684375 0.1015625 0.06875
10 0.11953125 0.02734375 0.0921875 0.0546875
10 0.240625 0.078125 0.103125 0.05625
3 0.328125 0.115625 0.10625 0.0578125
3 0.48046875 0.178125 0.0921875 0.0515625
3 0.55234375 0.209375 0.078125 0.04375
3 0.67109375 0.253125 0.0765625 0.04375
4 0.565625 0.2609375 0.0328125 0.0125
7 0.575 0.259375 0.0265625 0.0125
3 0.7359375 0.28125 0.0515625 0.0328125
3 0.796875 0.30703125 0.05625 0.0359375
7 0.82578125 0.33828125 0.025 0.0109375
1 0.815625 0.3375 0.021875 0.009375
4 0.67109375 0.284375 0.028125 0.0109375
7 0.68125 0.284375 0.025 0.0109375
1 0.6625 0.28828125 0.0296875 0.0109375
7 0.675 0.2890625 0.025 0.0109375
1 0.01953125 0.4359375 0.0328125 0.0125
7 0.02578125 0.4375 0.028125 0.0140625
3 0.05390625 0.36875 0.08125 0.05
3 0.04453125 0.31875 0.04375 0.028125
3 0.08046875 0.1671875 0.0625 0.0546875
3 0.23125 0.40625 0.1078125 0.0546875
3 0.21484375 0.49453125 0.0875 0.0359375
3 0.3171875 0.5125 0.084375 0.0421875
3 0.41015625 0.45234375 0.0828125 0.0390625
3 0.5484375 0.4859375 0.0828125 0.0375
3 0.61640625 0.45546875 0.078125 0.0375
3 0.7015625 0.515625 0.059375 0.028125
3 0.8578125 0.39296875 0.0640625 0.0359375
3 0.8140625 0.5453125 0.05 0.0265625
4 0.81953125 0.59375 0.025 0.0109375
7 0.82890625 0.5953125 0.021875 0.009375
1 0.78984375 0.64921875 0.0203125 0.015625
3 0.93125 0.7484375 0.0375 0.0421875
6 0.6953125 0.58125 0.0234375 0.0109375
10 0.58359375 0.5625 0.059375 0.028125
3 0.50859375 0.54765625 0.071875 0.0328125
1 0.50859375 0.57421875 0.021875 0.021875
6 0.296875 0.61328125 0.0328125 0.0140625
1 0.10703125 0.54609375 0.028125 0.0265625
1 0.08828125 0.54609375 0.021875 0.0265625