6 0.528125 0.92265625 0.04375 0.03125
6 0.53125 0.9125 0.0375 0.025
6 0.4578125 0.8484375 0.0375 0.0234375
6 0.46015625 0.84140625 0.0421875 0.0265625
6 0.42109375 0.79296875 0.0484375 0.0296875
6 0.42265625 0.78359375 0.0453125 0.028125
6 0.38125 0.80390625 0.0421875 0.0265625
6 0.36640625 0.77890625 0.0421875 0.0265625
6 0.34609375 0.73359375 0.0359375 0.021875
6 0.34453125 0.7265625 0.0359375 0.0203125
6 0.31328125 0.7109375 0.0359375 0.021875
6 0.30546875 0.7328125 0.0375 0.021875
6 0.3015625 0.7375 0.0359375 0.021875
6 0.29921875 0.74296875 0.0390625 0.0234375
6 0.290625 0.7328125 0.0375 0.021875
6 0.275 0.72734375 0.0375 0.021875
6 0.2734375 0.7171875 0.0390625 0.021875
6 0.28125 0.7140625 0.0390625 0.0234375
6 0.22890625 0.69453125 0.0359375 0.021875
6 0.2328125 0.6875 0.0359375 0.021875
7 0.25390625 0.62734375 0.025 0.015625
6 0.265625 0.62109375 0.034375 0.01875
6 0.265625 0.615625 0.03125 0.0171875
6 0.27265625 0.609375 0.0296875 0.0171875
6 0.25625 0.5921875 0.028125 0.015625
6 0.25703125 0.5875 0.03125 0.0171875
6 0.259375 0.58125 0.03125 0.0171875
6 0.22734375 0.575 0.025 0.015625
6 0.2203125 0.5734375 0.025 0.015625
6 0.22265625 0.56953125 0.0265625 0.015625
6 0.22109375 0.5390625 0.0234375 0.0140625
6 0.215625 0.51953125 0.0203125 0.0109375
6 0.215625 0.50625 0.025 0.015625
8 0.07578125 0.53828125 0.0203125 0.015625
6 0.05625 0.5515625 0.015625 0.009375
6 0.05859375 0.559375 0.015625 0.009375
6 0.053125 0.55703125 0.0140625 0.0078125
6 0.0578125 0.55546875 0.015625 0.009375
6 0.0375 0.55390625 0.015625 0.009375
3 0.01875 0.575 0.01875 0.0140625
7 0.00625 0.5765625 0.009375 0.00625
4 0.01015625 0.57734375 0.0109375 0.00625
6 0.2234375 0.44609375 0.021875 0.0140625
6 0.2265625 0.38046875 0.021875 0.0140625
6 0.22421875 0.36328125 0.021875 0.0125
6 0.2265625 0.359375 0.025 0.015625
6 0.22578125 0.328125 0.021875 0.0140625
6 0.228125 0.3234375 0.0265625 0.01875
3 0.13828125 0.11796875 0.021875 0.0234375