3 0.0953125 0.71796875 0.04921875 0.1703125
3 0.19609375 0.48359375 0.03984375 0.1515625
6 0.14765625 0.4484375 0.01953125 0.0234375
3 0.1234375 0.5296875 0.06796875 0.140625
3 0.12890625 0.35390625 0.04921875 0.13359375
3 0.1109375 0.16796875 0.04609375 0.146875
3 0.11484375 0.040625 0.04296875 0.08125
1 0.0265625 0.44765625 0.0234375 0.034375
1 0.015625 0.48203125 0.02265625 0.053125
5 0.38125 0.31953125 0.03828125 0.09921875
6 0.52578125 0.60703125 0.01484375 0.02109375
6 0.51015625 0.6359375 0.01484375 0.0234375
6 0.30859375 0.74375 0.01171875 0.021875
6 0.3734375 0.60625 0.009375 0.015625
3 0.34453125 0.909375 0.0390625 0.12578125
3 0.62578125 0.9265625 0.09296875 0.08203125
4 0.715625 0.7328125 0.0265625 0.04140625