3 0.10625 0.1296875 0.028125 0.0359375
6 0.12265625 0.15703125 0.0140625 0.025
6 0.11875 0.16015625 0.0140625 0.025
3 0.16171875 0.17421875 0.0328125 0.0421875
3 0.1953125 0.20390625 0.0328125 0.040625
3 0.21640625 0.22734375 0.03125 0.0390625
3 0.23828125 0.24609375 0.0296875 0.040625
3 0.2625 0.26875 0.0328125 0.04375
3 0.2875 0.28984375 0.0328125 0.0421875
3 0.3203125 0.32109375 0.0390625 0.05
4 0.22734375 0.290625 0.0140625 0.028125
3 0.21484375 0.3171875 0.0359375 0.046875
3 0.30703125 0.37265625 0.0390625 0.053125
3 0.3 0.4 0.0375 0.05
3 0.2765625 0.4125 0.040625 0.053125
3 0.01015625 0.2984375 0.0203125 0.0375
3 0.0375 0.3328125 0.03125 0.0390625
3 0.05859375 0.35859375 0.0296875 0.0390625
3 0.07890625 0.3828125 0.028125 0.0375
3 0.10234375 0.4125 0.0328125 0.0421875
3 0.13359375 0.45234375 0.0359375 0.046875
3 0.16171875 0.48671875 0.034375 0.05
3 0.1859375 0.51953125 0.034375 0.05
3 0.20859375 0.55625 0.03125 0.046875
6 0.18046875 0.4734375 0.015625 0.0265625
6 0.13515625 0.415625 0.0125 0.0203125
6 0.19453125 0.48203125 0.0125 0.0234375
6 0.23046875 0.53046875 0.0140625 0.0234375
6 0.22421875 0.5359375 0.0125 0.0234375
3 0.1828125 0.7203125 0.06875 0.0734375
3 0.14296875 0.6703125 0.0546875 0.059375
3 0.41875 0.59140625 0.05 0.0453125
3 0.52890625 0.72578125 0.0515625 0.0671875
3 0.515625 0.759375 0.0515625 0.0703125
3 0.6125 0.81484375 0.0578125 0.078125
3 0.62265625 0.875 0.059375 0.08125
2 0.51875 0.81015625 0.11875 0.175
7 0.49765625 0.87421875 0.015625 0.025
1 0.50078125 0.88203125 0.0171875 0.0265625
3 0.6359375 0.61484375 0.05625 0.0734375
3 0.684375 0.65703125 0.0453125 0.0578125
3 0.7375 0.7046875 0.0578125 0.078125
3 0.82734375 0.7890625 0.059375 0.0796875
3 0.8859375 0.8390625 0.0625 0.084375