9 0.33515625 0.51484375 0.01875 0.0484375
9 0.35859375 0.296875 0.0140625 0.040625
10 0.37578125 0.3046875 0.0078125 0.015625
3 0.3484375 0.296875 0.0078125 0.01875
3 0.43046875 0.3671875 0.0171875 0.0171875
2 0.34453125 0.46171875 0.021875 0.05
4 0.3859375 0.19609375 0.003125 0.00625
4 0.37734375 0.19140625 0.0046875 0.009375
6 0.3921875 0.18828125 0.0046875 0.009375
3 0.68984375 0.26484375 0.0109375 0.0109375
6 0.52734375 0.2328125 0.003125 0.00625
6 0.5171875 0.2296875 0.0046875 0.009375
6 0.51640625 0.228125 0.0046875 0.009375