4 0.03671875 0.90546875 0.0734375 0.0421875
7 0.1078125 0.8375 0.021875 0.009375
7 0.1046875 0.8390625 0.009375 0.00625
7 0.075 0.85 0.021875 0.0125
7 0.078125 0.86796875 0.015625 0.015625
7 0.10078125 0.8671875 0.0125 0.009375
7 0.121875 0.8625 0.021875 0.0125
7 0.11640625 0.84921875 0.021875 0.009375
3 0.15234375 0.81328125 0.0859375 0.046875
3 0.190625 0.7828125 0.0921875 0.046875
3 0.13828125 0.62578125 0.1078125 0.0546875
3 0.09375 0.59609375 0.1078125 0.053125
3 0.43671875 0.61015625 0.0703125 0.025
3 0.03515625 0.5109375 0.0671875 0.0421875
3 0.0234375 0.46484375 0.0421875 0.03125
3 0.0671875 0.0859375 0.090625 0.053125
3 0.2046875 0.04765625 0.0765625 0.053125
3 0.340625 0.01640625 0.06875 0.0328125
8 0.96953125 0.22109375 0.021875 0.01875
7 0.9765625 0.221875 0.015625 0.00625
3 0.63203125 0.47578125 0.0578125 0.0421875