3 0.35 0.3859375 0.01171875 0.0359375
3 0.32890625 0.37109375 0.0109375 0.03359375
3 0.33203125 0.296875 0.01015625 0.028125
3 0.35078125 0.26875 0.009375 0.0265625
3 0.41875 0.375 0.01328125 0.03515625
3 0.421875 0.415625 0.01328125 0.0390625
3 0.4390625 0.52578125 0.01953125 0.0546875
3 0.3203125 0.653125 0.02109375 0.06328125
10 0.4109375 0.52578125 0.01640625 0.06171875
10 0.4296875 0.4609375 0.0171875 0.05546875
10 0.4046875 0.46640625 0.01640625 0.0515625
3 0.340625 0.07265625 0.00625 0.0140625
10 0.3421875 0.05703125 0.00546875 0.01328125
3 0.3421875 0.0484375 0.00546875 0.00703125
2 0.3515625 0.06015625 0.00703125 0.02578125
3 0.3515625 0.0484375 0.0046875 0.01328125
6 0.47890625 0.5421875 0.0046875 0.01953125
6 0.43203125 0.63125 0.00546875 0.0203125
6 0.27421875 0.69921875 0.00546875 0.0203125
6 0.27578125 0.69296875 0.0046875 0.02109375
6 0.43359375 0.621875 0.0078125 0.02109375
6 0.30078125 0.36171875 0.00546875 0.01640625
6 0.29140625 0.40078125 0.00390625 0.01875
6 0.3015625 0.39765625 0.00390625 0.01796875
6 0.29609375 0.409375 0.00625 0.01875
6 0.26484375 0.72421875 0.00546875 0.009375
6 0.2578125 0.7234375 0.0046875 0.0109375
6 0.25546875 0.72109375 0.00546875 0.0140625