4 0.87734375 0.821875 0.06875 0.034375
4 0.30390625 0.5421875 0.01875 0.0078125
4 0.2421875 0.51484375 0.015625 0.00625
4 0.384375 0.3796875 0.0125 0.00625
4 0.303125 0.375 0.015625 0.0078125
4 0.278125 0.38671875 0.0140625 0.00625
4 0.18046875 0.35703125 0.009375 0.0046875
4 0.109375 0.34296875 0.00625 0.0046875
7 0.23515625 0.51171875 0.015625 0.00625
7 0.29609375 0.53984375 0.0171875 0.009375
7 0.2703125 0.384375 0.0125 0.00625
7 0.29609375 0.37265625 0.0125 0.00625
7 0.37265625 0.37734375 0.015625 0.009375
7 0.4890625 0.4 0.0171875 0.009375
4 0.49609375 0.40234375 0.025 0.0125
3 0.4515625 0.5421875 0.053125 0.0328125
7 0.87265625 0.821875 0.0390625 0.021875
3 0.23046875 0.48046875 0.03125 0.01875
9 0.3234375 0.1640625 0.0484375 0.0578125
3 0.5984375 0.134375 0.0453125 0.0515625
3 0.57734375 0.13125 0.040625 0.05
3 0.6875 0.14609375 0.0515625 0.0578125
7 0.17421875 0.3546875 0.009375 0.0046875
7 0.1046875 0.3421875 0.009375 0.0046875
3 0.0359375 0.346875 0.0140625 0.009375
3 0.0234375 0.37890625 0.0125 0.009375
7 0.01640625 0.4015625 0.0046875 0.0046875
3 0.02109375 0.403125 0.00625 0.0046875
6 0.0390625 0.4234375 0.0125 0.00625