3 0.91328125 0.89609375 0.0171875 0.0265625
3 0.90625 0.86484375 0.015625 0.0265625
3 0.90078125 0.8265625 0.015625 0.0296875
6 0.890625 0.821875 0.0078125 0.01875
3 0.88984375 0.7828125 0.0203125 0.0328125
3 0.92421875 0.8453125 0.03125 0.025
3 0.9203125 0.803125 0.0296875 0.0265625
3 0.9140625 0.7796875 0.0296875 0.025
3 0.909375 0.75390625 0.0328125 0.0359375
3 0.9109375 0.73515625 0.0359375 0.040625
7 0.9515625 0.68671875 0.009375 0.0171875
4 0.95078125 0.68671875 0.015625 0.015625
3 0.96640625 0.6984375 0.0390625 0.034375
3 0.9546875 0.65078125 0.0265625 0.04375
4 0.89453125 0.609375 0.01875 0.01875
9 0.859375 0.58125 0.028125 0.0546875
3 0.8453125 0.52890625 0.0265625 0.0515625
0 0.83125 0.42890625 0.021875 0.0421875
3 0.8859375 0.06796875 0.05 0.075
9 0.53359375 0.13046875 0.1265625 0.253125
7 0.6796875 0.3484375 0.0140625 0.0234375
0 0.68125 0.35234375 0.0296875 0.0625
7 0.7078125 0.43828125 0.0109375 0.021875
4 0.7046875 0.43125 0.0171875 0.0328125
6 0.71875 0.41640625 0.0109375 0.021875
6 0.72578125 0.415625 0.0109375 0.0234375
7 0.53984375 0.503125 0.0109375 0.0203125
4 0.5390625 0.49765625 0.015625 0.0296875
7 0.553125 0.625 0.0109375 0.0203125
7 0.55 0.628125 0.00625 0.015625
4 0.5546875 0.625 0.01875 0.01875
3 0.65078125 0.546875 0.0375 0.06875
3 0.6765625 0.5109375 0.0375 0.071875
7 0.76953125 0.6890625 0.009375 0.0171875
4 0.7671875 0.6828125 0.0125 0.025
7 0.68203125 0.75625 0.00625 0.0140625
4 0.68203125 0.7515625 0.0125 0.025
7 0.6421875 0.75703125 0.00625 0.0140625
7 0.64375 0.759375 0.009375 0.0125
4 0.64296875 0.7578125 0.0125 0.021875
3 0.67890625 0.77578125 0.0234375 0.0328125
7 0.709375 0.86875 0.00625 0.0109375
3 0.70859375 0.865625 0.009375 0.01875
7 0.77109375 0.84375 0.0078125 0.0125
7 0.7890625 0.85859375 0.00625 0.0125
4 0.76875 0.83828125 0.0109375 0.0203125
4 0.7875 0.8515625 0.009375 0.01875
0 0.7984375 0.75703125 0.021875 0.040625
0 0.63203125 0.26015625 0.0296875 0.0640625
9 0.8046875 0.8546875 0.028125 0.05625
0 0.8234375 0.80625 0.0171875 0.0359375
3 0.8265625 0.8921875 0.0171875 0.028125
0 0.846875 0.88046875 0.0140625 0.0296875
4 0.6078125 0.865625 0.0125 0.015625
3 0.61953125 0.8578125 0.021875 0.028125
9 0.59921875 0.83515625 0.0203125 0.0328125
4 0.58515625 0.84140625 0.015625 0.01875
10 0.55234375 0.76953125 0.0265625 0.0375
3 0.52734375 0.7328125 0.0296875 0.040625
9 0.5015625 0.696875 0.0375 0.05
4 0.51796875 0.75859375 0.0140625 0.0203125
4 0.51015625 0.74375 0.015625 0.01875
4 0.50859375 0.74140625 0.015625 0.015625
4 0.5078125 0.7375 0.015625 0.0171875
4 0.50390625 0.73671875 0.0140625 0.0140625
4 0.50234375 0.73359375 0.015625 0.01875
4 0.5015625 0.73125 0.01875 0.01875
4 0.5 0.728125 0.015625 0.015625
4 0.49921875 0.72578125 0.015625 0.015625
4 0.49765625 0.72265625 0.015625 0.01875
4 0.496875 0.7234375 0.015625 0.0171875
4 0.49453125 0.71953125 0.0171875 0.01875
4 0.49140625 0.71796875 0.0171875 0.01875
4 0.4875 0.71171875 0.01875 0.01875
4 0.48515625 0.709375 0.0171875 0.021875
4 0.4828125 0.70546875 0.0171875 0.021875
4 0.48046875 0.70234375 0.0171875 0.021875
4 0.4765625 0.69765625 0.0140625 0.021875
4 0.47109375 0.6953125 0.015625 0.0234375
4 0.46875 0.68828125 0.0171875 0.021875
4 0.4640625 0.68203125 0.01875 0.01875
4 0.49140625 0.73828125 0.0140625 0.0171875
4 0.48046875 0.73671875 0.0171875 0.01875
4 0.48046875 0.728125 0.0140625 0.0125
4 0.47578125 0.72109375 0.015625 0.015625
4 0.4703125 0.71484375 0.01875 0.015625
4 0.46640625 0.7109375 0.0171875 0.015625
4 0.4640625 0.70625 0.01875 0.015625
4 0.4640625 0.74453125 0.0171875 0.0171875
4 0.46171875 0.73984375 0.0171875 0.0171875
4 0.459375 0.73828125 0.0171875 0.0171875
4 0.44140625 0.71640625 0.015625 0.01875
4 0.43046875 0.67265625 0.01875 0.01875
4 0.45546875 0.6640625 0.01875 0.01875
4 0.46796875 0.66015625 0.015625 0.015625
4 0.471875 0.66171875 0.015625 0.01875
4 0.47734375 0.66640625 0.015625 0.01875
4 0.484375 0.671875 0.015625 0.015625
4 0.39296875 0.60234375 0.0203125 0.021875
7 0.51484375 0.5765625 0.009375 0.0171875
4 0.51484375 0.57265625 0.0171875 0.0265625
3 0.4 0.56484375 0.0390625 0.05625
3 0.3609375 0.50703125 0.05 0.0671875
4 0.353125 0.5484375 0.0234375 0.0234375
4 0.34140625 0.5328125 0.025 0.0234375
4 0.325 0.5140625 0.028125 0.025
9 0.30859375 0.43984375 0.0625 0.0875
10 0.2390625 0.32890625 0.053125 0.0859375