6 0.18515625 0.8265625 0.05625 0.0296875
6 0.1671875 0.81015625 0.0625 0.0265625
6 0.21875 0.76015625 0.053125 0.028125
6 0.4421875 0.66328125 0.0484375 0.021875
6 0.4625 0.64140625 0.0390625 0.015625
6 0.45859375 0.63046875 0.0421875 0.0203125
6 0.4890625 0.61875 0.040625 0.0171875
6 0.496875 0.62578125 0.0390625 0.015625
6 0.51015625 0.63125 0.040625 0.0171875
6 0.5078125 0.6390625 0.0453125 0.0171875
6 0.5234375 0.60390625 0.0421875 0.0171875
6 0.534375 0.61484375 0.0359375 0.015625
6 0.53984375 0.61953125 0.0359375 0.0125
6 0.61015625 0.58359375 0.0359375 0.0140625
6 0.60546875 0.57734375 0.034375 0.0125
6 0.6625 0.5359375 0.03125 0.0125
6 0.70390625 0.51953125 0.028125 0.0109375
6 0.7109375 0.525 0.03125 0.0125
6 0.71484375 0.52890625 0.03125 0.0125
6 0.72578125 0.53359375 0.025 0.0109375
6 0.728125 0.53828125 0.028125 0.0109375
6 0.74765625 0.51015625 0.028125 0.0109375
6 0.771875 0.50546875 0.0234375 0.0109375
6 0.7671875 0.4921875 0.025 0.0109375
6 0.8109375 0.49140625 0.0234375 0.0109375
6 0.8234375 0.49140625 0.015625 0.0078125
6 0.8234375 0.4875 0.01875 0.00625
6 0.82734375 0.48046875 0.0203125 0.00625
6 0.8296875 0.4859375 0.01875 0.00625
6 0.8375 0.47109375 0.021875 0.009375
6 0.83984375 0.475 0.015625 0.00625
6 0.84140625 0.478125 0.01875 0.00625
6 0.85390625 0.4703125 0.0203125 0.009375
6 0.85703125 0.47578125 0.015625 0.00625
6 0.86171875 0.478125 0.01875 0.0078125
6 0.86171875 0.47265625 0.015625 0.00625
6 0.8625 0.46953125 0.015625 0.00625
6 0.8671875 0.46875 0.01875 0.00625
6 0.86796875 0.47265625 0.01875 0.00625
6 0.8796875 0.47265625 0.01875 0.0078125
5 0.8921875 0.47109375 0.0125 0.0109375
6 0.91328125 0.55078125 0.015625 0.00625
6 0.91328125 0.5484375 0.015625 0.00625
5 0.91875 0.5453125 0.025 0.025
6 0.9171875 0.5671875 0.015625 0.00625
6 0.78203125 0.44609375 0.0234375 0.0109375
6 0.834375 0.3953125 0.0203125 0.009375
6 0.85 0.41171875 0.0171875 0.009375
3 0.878125 0.43203125 0.021875 0.021875
6 0.86484375 0.39140625 0.015625 0.00625
1 0.8609375 0.39140625 0.0109375 0.0109375
6 0.8671875 0.3875 0.015625 0.00625
4 0.8625 0.37890625 0.0140625 0.0109375