6 0.23359375 0.8046875 0.0078125 0.01875
6 0.246875 0.61484375 0.0125 0.021875
2 0.246875 0.7890625 0.071875 0.1
2 0.20546875 0.7203125 0.078125 0.0703125
2 0.20234375 0.64765625 0.0796875 0.0765625
3 0.35 0.4859375 0.04375 0.0453125
4 0.3578125 0.51796875 0.015625 0.0171875
1 0.353125 0.534375 0.01875 0.015625
3 0.3625 0.4515625 0.0546875 0.0640625
3 0.3890625 0.4375 0.0484375 0.0546875
3 0.41015625 0.3921875 0.0546875 0.0625
9 0.36171875 0.375 0.0515625 0.0859375
4 0.4796875 0.33515625 0.0203125 0.0390625
4 0.48359375 0.34609375 0.0171875 0.0328125
3 0.4859375 0.25703125 0.0609375 0.075
3 0.453125 0.28046875 0.0546875 0.065625
3 0.42421875 0.29453125 0.0578125 0.0671875
6 0.4953125 0.08671875 0.009375 0.015625
3 0.403125 0.12890625 0.0140625 0.0171875
4 0.1796875 0.0078125 0.025 0.015625
2 0.22890625 0.4234375 0.0765625 0.128125
2 0.12578125 0.4 0.1203125 0.1796875
2 0.08125 0.4015625 0.1171875 0.1859375