3 0.4484375 0.3765625 0.0171875 0.0203125
3 0.37890625 0.5015625 0.0171875 0.021875
4 0.36015625 0.321875 0.00625 0.009375
3 0.46953125 0.66484375 0.028125 0.0109375
3 0.38984375 0.62578125 0.0171875 0.021875
3 0.38515625 0.56796875 0.0171875 0.0234375
3 0.3671875 0.6015625 0.0171875 0.0203125
3 0.33984375 0.646875 0.0328125 0.01875
4 0.3703125 0.63984375 0.009375 0.009375
6 0.325 0.52890625 0.00625 0.003125
6 0.32109375 0.53046875 0.00625 0.003125
3 0.00625 0.03828125 0.0125 0.0234375
3 0.0078125 0.07890625 0.015625 0.0203125
3 0.01171875 0.10390625 0.0171875 0.0234375
6 0.0703125 0.40625 0.00625 0.003125