9 0.47109375 0.15859375 0.05625 0.1875
3 0.45546875 0.540625 0.01875 0.0421875
9 0.4296875 0.58125 0.0265625 0.0640625
7 0.421875 0.81953125 0.0015625 0.00625
4 0.42265625 0.81484375 0.003125 0.00625
7 0.521875 0.19375 0.0109375 0.01875
4 0.52109375 0.18984375 0.0109375 0.0359375
6 0.0125 0.38515625 0.0109375 0.0375
7 0.12109375 0.68359375 0.003125 0.0125
1 0.12265625 0.67890625 0.00625 0.0125
3 0.38046875 0.97578125 0.003125 0.00625
10 0.384375 0.97109375 0.003125 0.009375
3 0.38203125 0.965625 0.003125 0.00625
3 0.3984375 0.953125 0.003125 0.00625
9 0.39765625 0.965625 0.003125 0.009375
9 0.39609375 0.97578125 0.003125 0.009375
2 0.40078125 0.9828125 0.003125 0.0125
2 0.3953125 0.98671875 0.003125 0.009375
3 0.50703125 0.91171875 0.0125 0.009375
3 0.50234375 0.91875 0.0109375 0.00625
3 0.5265625 0.890625 0.00625 0.009375
1 0.415625 0.1640625 0.0078125 0.040625
1 0.41328125 0.159375 0.0078125 0.040625