3 0.128125 0.8609375 0.03046875 0.04296875
4 0.08203125 0.80703125 0.009375 0.02421875
7 0.0828125 0.79765625 0.00703125 0.02109375
3 0.02890625 0.66640625 0.03984375 0.02421875
3 0.06484375 0.6296875 0.03515625 0.02578125
9 0.11484375 0.59296875 0.02421875 0.046875
0 0.1015625 0.565625 0.01640625 0.021875
4 0.16328125 0.5578125 0.00625 0.01171875
6 0.16328125 0.55390625 0.00390625 0.0140625
8 0.10390625 0.5546875 0.02578125 0.0203125
4 0.0875 0.5421875 0.0109375 0.01015625
8 0.0953125 0.5234375 0.01640625 0.015625
3 0.11015625 0.50703125 0.028125 0.01875
3 0.1140625 0.50390625 0.02578125 0.0203125
10 0.11875 0.49453125 0.02734375 0.01875
0 0.18203125 0.50078125 0.00703125 0.01796875
9 0.2109375 0.47734375 0.02421875 0.04921875
0 0.13671875 0.46796875 0.01328125 0.01796875
9 0.21953125 0.4421875 0.01171875 0.02109375
7 0.20546875 0.43828125 0.00390625 0.0109375
4 0.20625 0.44140625 0.0046875 0.00859375
4 0.190625 0.44609375 0.00234375 0.01015625
7 0.1921875 0.4421875 0.003125 0.00859375
9 0.17421875 0.40546875 0.0671875 0.02578125
9 0.20703125 0.384375 0.02421875 0.03359375
10 0.19921875 0.37421875 0.01015625 0.01171875
6 0.21953125 0.38203125 0.00390625 0.0109375
6 0.22109375 0.37890625 0.003125 0.01328125
9 0.2359375 0.39296875 0.0203125 0.03515625
9 0.2421875 0.371875 0.01796875 0.0359375
10 0.20625 0.359375 0.015625 0.01328125
10 0.19765625 0.35546875 0.01015625 0.0140625
3 0.19375 0.35546875 0.00859375 0.01171875
10 0.2375 0.31328125 0.01015625 0.0109375
10 0.22890625 0.296875 0.009375 0.00859375
0 0.25 0.28125 0.0046875 0.00703125
9 0.2546875 0.265625 0.01015625 0.01640625
3 0.246875 0.26796875 0.0078125 0.00703125
3 0.2484375 0.2640625 0.00703125 0.00703125
9 0.275 0.24921875 0.00859375 0.01953125
8 0.128125 0.44296875 0.0140625 0.01328125
5 0.1578125 0.4265625 0.0140625 0.0203125
3 0.31953125 0.43046875 0.0140625 0.01796875
3 0.31328125 0.375 0.0078125 0.01484375
3 0.3125 0.35234375 0.00703125 0.01171875
9 0.3140625 0.325 0.01015625 0.0296875
9 0.31484375 0.3 0.01015625 0.0203125
9 0.31796875 0.28359375 0.00625 0.01484375
9 0.31015625 0.2640625 0.00859375 0.01796875
10 0.31328125 0.24609375 0.003125 0.00703125
3 0.31328125 0.23828125 0.00625 0.00625
3 0.3015625 0.284375 0.00390625 0.009375
7 0.296875 0.296875 0.0015625 0.0046875
4 0.296875 0.2984375 0.00234375 0.00390625
9 0.315625 0.2140625 0.003125 0.00703125
9 0.55234375 0.91328125 0.0515625 0.08984375
9 0.64453125 0.91171875 0.10390625 0.17109375
3 0.72734375 0.86875 0.04921875 0.03984375
6 0.77734375 0.88828125 0.00703125 0.02578125
6 0.7921875 0.890625 0.00625 0.0265625
0 0.74921875 0.82578125 0.03984375 0.03828125
5 0.67890625 0.7515625 0.05 0.0609375
10 0.609375 0.7390625 0.03359375 0.040625
10 0.634375 0.71640625 0.03359375 0.0296875
8 0.65546875 0.70234375 0.01328125 0.025
4 0.665625 0.7078125 0.01171875 0.0140625
5 0.5890625 0.7046875 0.06171875 0.0484375
9 0.609375 0.69375 0.04140625 0.03984375
3 0.61015625 0.6640625 0.02890625 0.0265625
7 0.58359375 0.6359375 0.00546875 0.0109375
6 0.5875 0.58984375 0.00546875 0.0203125
4 0.56953125 0.57109375 0.00859375 0.01328125
0 0.5421875 0.61953125 0.02265625 0.0265625
8 0.55390625 0.56953125 0.01875 0.01640625
10 0.540625 0.553125 0.02265625 0.0203125
0 0.56171875 0.53828125 0.015625 0.02109375
5 0.49765625 0.615625 0.021875 0.05859375
5 0.5125 0.80390625 0.04296875 0.0734375
3 0.4984375 0.771875 0.04453125 0.03515625
5 0.4875 0.73203125 0.04765625 0.059375
9 0.48359375 0.7125 0.0375 0.0453125
5 0.47265625 0.684375 0.0203125 0.03359375
7 0.4859375 0.65390625 0.00390625 0.01328125
7 0.48515625 0.65 0.00546875 0.01484375
4 0.48515625 0.65234375 0.00625 0.01953125
5 0.53046875 0.59453125 0.01875 0.02890625
9 0.4484375 0.62421875 0.03359375 0.04375
3 0.428125 0.55625 0.02421875 0.02578125
7 0.43984375 0.53671875 0.0046875 0.01171875
4 0.43984375 0.54296875 0.00390625 0.0140625
8 0.5265625 0.509375 0.01171875 0.01328125
6 0.52265625 0.50546875 0.003125 0.01328125
7 0.51875 0.50390625 0.00390625 0.0109375
4 0.51875 0.50625 0.0078125 0.0109375
10 0.49765625 0.4984375 0.01875 0.01875
3 0.403125 0.4703125 0.01796875 0.01875
6 0.44921875 0.48515625 0.003125 0.01484375
8 0.46953125 0.4859375 0.009375 0.009375
4 0.47578125 0.48203125 0.00390625 0.009375
6 0.4671875 0.48046875 0.00390625 0.0109375
7 0.4890625 0.47578125 0.0046875 0.01171875
3 0.490625 0.47109375 0.01953125 0.015625
0 0.4859375 0.46171875 0.01171875 0.01484375
4 0.49609375 0.46171875 0.00859375 0.01015625
8 0.48671875 0.4515625 0.01484375 0.0109375
8 0.46953125 0.446875 0.01328125 0.01171875
8 0.4546875 0.45 0.01171875 0.01484375
4 0.47578125 0.428125 0.00625 0.0109375
8 0.45546875 0.42890625 0.01484375 0.01171875
3 0.43828125 0.4234375 0.01796875 0.01328125
9 0.4640625 0.41875 0.01875 0.0109375
8 0.41953125 0.44453125 0.00546875 0.01484375
9 0.42578125 0.3375 0.0125 0.01015625
9 0.3640625 0.33203125 0.009375 0.028125
3 0.35859375 0.321875 0.009375 0.01015625
3 0.35703125 0.31640625 0.01015625 0.009375
3 0.35625 0.309375 0.00859375 0.009375
3 0.38515625 0.30625 0.01015625 0.00859375
3 0.38125 0.30390625 0.00859375 0.00546875
3 0.37890625 0.29765625 0.00390625 0.00859375
3 0.39609375 0.3015625 0.009375 0.00625
9 0.36640625 0.28046875 0.00625 0.01015625
3 0.3546875 0.26328125 0.003125 0.00625