7 0.3796875 0.62890625 0.01484375 0.034375
7 0.37890625 0.61796875 0.01171875 0.03671875
4 0.38046875 0.640625 0.0171875 0.06015625
7 0.36875 0.45078125 0.01015625 0.03359375
4 0.36796875 0.459375 0.009375 0.03515625
6 0.42578125 0.46328125 0.00859375 0.03671875
6 0.43125 0.45546875 0.0078125 0.0359375
6 0.4265625 0.43125 0.00859375 0.0359375
6 0.41796875 0.43515625 0.00703125 0.03671875
6 0.4203125 0.43203125 0.00625 0.0359375
7 0.3734375 0.38359375 0.0078125 0.02578125
4 0.37265625 0.3890625 0.009375 0.0296875
6 0.3921875 0.35390625 0.00703125 0.02890625
8 0.44140625 0.36171875 0.02890625 0.04921875
3 0.32734375 0.40390625 0.02890625 0.0609375
10 0.29296875 0.3234375 0.02421875 0.06328125
7 0.2859375 0.28828125 0.0046875 0.01875
7 0.2890625 0.2875 0.00390625 0.0140625
4 0.28828125 0.29296875 0.01015625 0.01171875
4 0.29921875 0.23203125 0.00703125 0.01484375
7 0.2984375 0.22421875 0.003125 0.0140625
7 0.29921875 0.2234375 0.00390625 0.01328125
7 0.2984375 0.22109375 0.0046875 0.01484375
6 0.3296875 0.2171875 0.00546875 0.0234375
6 0.325 0.20859375 0.00390625 0.02421875
6 0.3296875 0.20390625 0.0046875 0.015625
6 0.32890625 0.1984375 0.00390625 0.01640625
6 0.3203125 0.19453125 0.00546875 0.01875
4 0.32109375 0.171875 0.00546875 0.021875
7 0.325 0.17421875 0.00546875 0.01171875
4 0.28984375 0.17109375 0.00546875 0.01640625
7 0.290625 0.16640625 0.00390625 0.0140625
7 0.28984375 0.1640625 0.00390625 0.015625
6 0.3046875 0.1359375 0.00390625 0.015625
6 0.259375 0.14140625 0.00390625 0.01640625
6 0.25703125 0.13828125 0.00390625 0.01796875
4 0.21328125 0.0859375 0.00703125 0.009375
7 0.21328125 0.08359375 0.003125 0.01171875
3 0.203125 0.075 0.01015625 0.01328125
6 0.1828125 0.06953125 0.00390625 0.01328125
6 0.18359375 0.06875 0.003125 0.01171875
6 0.16796875 0.075 0.00390625 0.01484375
6 0.1640625 0.07421875 0.00390625 0.0140625
6 0.16171875 0.07578125 0.003125 0.0140625
6 0.159375 0.07578125 0.00390625 0.01484375
6 0.15703125 0.0765625 0.00390625 0.0140625
6 0.15234375 0.078125 0.00546875 0.01328125
6 0.146875 0.078125 0.00390625 0.0140625
6 0.14453125 0.078125 0.00390625 0.0140625
6 0.11484375 0.084375 0.003125 0.0109375
6 0.11953125 0.08046875 0.003125 0.009375
6 0.12265625 0.08046875 0.0046875 0.01015625
6 0.09453125 0.08671875 0.00390625 0.01328125
6 0.090625 0.08828125 0.00390625 0.01328125
6 0.08203125 0.0890625 0.00546875 0.015625
6 0.078125 0.090625 0.00546875 0.0140625
6 0.075 0.090625 0.0046875 0.015625
6 0.071875 0.09140625 0.00546875 0.01796875
6 0.0671875 0.09609375 0.00703125 0.01640625
6 0.01328125 0.1015625 0.00703125 0.015625
6 0.26328125 0.0453125 0.00234375 0.009375
6 0.26640625 0.0421875 0.003125 0.01015625
6 0.26875 0.0421875 0.00234375 0.01015625
6 0.30625 0.0359375 0.00234375 0.00859375
6 0.309375 0.0359375 0.00234375 0.01015625