3 0.17890625 0.7 0.04375 0.0578125
3 0.2171875 0.6453125 0.04375 0.053125
1 0.259375 0.5734375 0.0140625 0.0171875
9 0.30703125 0.4953125 0.0765625 0.0921875
3 0.3546875 0.4203125 0.03125 0.0328125
10 0.35859375 0.40078125 0.0296875 0.034375
3 0.40390625 0.35078125 0.03125 0.03125
3 0.425 0.334375 0.028125 0.0328125
6 0.4296875 0.32578125 0.0078125 0.015625
3 0.45625 0.3859375 0.0328125 0.040625
3 0.4796875 0.35234375 0.0296875 0.034375
3 0.509375 0.23984375 0.025 0.028125
3 0.596875 0.26640625 0.028125 0.03125
3 0.6203125 0.32578125 0.0296875 0.034375
3 0.60625 0.31953125 0.0296875 0.034375
3 0.59296875 0.3109375 0.028125 0.03125
3 0.6296875 0.23515625 0.025 0.0296875
3 0.54921875 0.0546875 0.01875 0.0203125
3 0.56171875 0.03359375 0.0171875 0.0171875
8 0.5078125 0.07578125 0.0203125 0.0234375
6 0.6171875 0.0078125 0.0046875 0.0109375
3 0.60859375 0.00703125 0.0140625 0.0140625
8 0.6 0.01171875 0.0171875 0.0203125
10 0.59375 0.009375 0.015625 0.01875
3 0.58671875 0.00859375 0.0171875 0.0171875
3 0.5796875 0.00625 0.015625 0.0125
3 0.5203125 0.05390625 0.01875 0.0203125
3 0.528125 0.05859375 0.0140625 0.0171875
3 0.5328125 0.0453125 0.0171875 0.0171875
3 0.4734375 0.0796875 0.0203125 0.0203125
10 0.41484375 0.1234375 0.021875 0.021875
3 0.3140625 0.15546875 0.025 0.025
3 0.28359375 0.1828125 0.025 0.0234375
3 0.3078125 0.15078125 0.0234375 0.021875
3 0.315625 0.134375 0.021875 0.021875
3 0.12578125 0.23515625 0.025 0.025
10 0.090625 0.36953125 0.0359375 0.0359375
3 0.12421875 0.33671875 0.03125 0.028125
3 0.1328125 0.32109375 0.028125 0.03125
3 0.1453125 0.30859375 0.028125 0.028125
6 0.23046875 0.2609375 0.0046875 0.0125