3 0.31171875 0.53125 0.0453125 0.05
3 0.43125 0.48984375 0.04375 0.04609375
3 0.42890625 0.43359375 0.04140625 0.034375
3 0.521875 0.48046875 0.046875 0.0359375
3 0.5953125 0.43828125 0.0453125 0.0296875
3 0.6578125 0.4671875 0.03828125 0.03046875
3 0.0859375 0.5765625 0.05703125 0.06484375
3 0.02421875 0.70546875 0.04765625 0.0765625
3 0.12734375 0.403125 0.02421875 0.04296875
3 0.1953125 0.33828125 0.02109375 0.0359375
3 0.21875 0.30078125 0.03046875 0.01953125
3 0.15390625 0.28125 0.0171875 0.021875
3 0.13125 0.24921875 0.0109375 0.02109375
3 0.09921875 0.2125 0.01328125 0.01796875
3 0.05546875 0.12890625 0.00859375 0.01015625