6 0.11875 0.89921875 0.025 0.08515625
6 0.484375 0.8140625 0.0203125 0.08046875
6 0.509375 0.8015625 0.01796875 0.06484375
6 0.50546875 0.76796875 0.015625 0.071875
3 0.6203125 0.73203125 0.08984375 0.13515625
3 0.68203125 0.63359375 0.06640625 0.1234375
3 0.79609375 0.45859375 0.05078125 0.06796875
6 0.86484375 0.65078125 0.01796875 0.075
3 0.9 0.39375 0.040625 0.059375
3 0.8515625 0.37890625 0.0359375 0.05078125
3 0.88359375 0.32578125 0.03046875 0.040625
3 0.9 0.2984375 0.03203125 0.04453125
3 0.91484375 0.2796875 0.02421875 0.0390625
3 0.9921875 0.24921875 0.015625 0.03515625
3 0.934375 0.24609375 0.02578125 0.034375
3 0.94609375 0.23046875 0.01953125 0.0296875
3 0.95390625 0.21484375 0.01953125 0.02421875
3 0.9625 0.20078125 0.02265625 0.028125
3 0.96875 0.190625 0.01796875 0.02109375
3 0.975 0.1765625 0.0203125 0.0265625
3 0.98359375 0.16640625 0.01484375 0.021875
3 0.9890625 0.15625 0.01796875 0.02578125
3 0.9953125 0.15 0.009375 0.0171875
3 0.7796875 0.16328125 0.025 0.02578125
2 0.82265625 0.090625 0.02421875 0.03515625