9 0.60078125 0.640625 0.08125 0.1328125
3 0.50703125 0.70234375 0.05 0.0671875
3 0.54921875 0.51796875 0.0453125 0.075
3 0.5234375 0.46171875 0.0515625 0.0515625
4 0.453125 0.66796875 0.0265625 0.0515625
9 0.44296875 0.39921875 0.0984375 0.09375
10 0.359375 0.34453125 0.046875 0.05
3 0.32421875 0.321875 0.0484375 0.046875
10 0.7515625 0.6125 0.06875 0.0734375
9 0.8546875 0.68203125 0.1359375 0.11875
9 0.7890625 0.50078125 0.0953125 0.109375
3 0.74765625 0.43671875 0.03125 0.0625
10 0.753125 0.3390625 0.03125 0.065625
10 0.775 0.2203125 0.0203125 0.0359375
3 0.825 0.31328125 0.028125 0.05625
6 0.99765625 0.40703125 0.0046875 0.0296875
10 0.66953125 0.215625 0.04375 0.034375