6 0.41640625 0.0921875 0.021875 0.03125
6 0.4265625 0.00546875 0.025 0.0109375
6 0.42265625 0.01171875 0.021875 0.0203125
6 0.44921875 0.00390625 0.0203125 0.0078125
6 0.35859375 0.13671875 0.0265625 0.0375
6 0.36015625 0.1109375 0.0296875 0.040625
6 0.3546875 0.08125 0.0296875 0.0390625
6 0.3484375 0.0609375 0.028125 0.0375
6 0.34453125 0.078125 0.0265625 0.034375
6 0.27890625 0.21015625 0.021875 0.03125
6 0.2859375 0.22890625 0.021875 0.0328125
6 0.290625 0.25 0.0203125 0.028125
6 0.23984375 0.30390625 0.0234375 0.034375
6 0.22734375 0.32265625 0.021875 0.0328125
6 0.24140625 0.340625 0.021875 0.03125
6 0.23671875 0.3515625 0.021875 0.0328125
6 0.23671875 0.36171875 0.021875 0.03125
6 0.25078125 0.365625 0.0203125 0.0328125
6 0.2515625 0.375 0.021875 0.0328125
6 0.2359375 0.390625 0.021875 0.0328125
6 0.2296875 0.39765625 0.0171875 0.0296875
6 0.203125 0.41171875 0.021875 0.0296875
6 0.19609375 0.41953125 0.01875 0.03125
6 0.23125 0.41796875 0.021875 0.0328125
6 0.2203125 0.4296875 0.01875 0.0296875
6 0.2375 0.43984375 0.01875 0.0296875
6 0.22265625 0.471875 0.021875 0.03125
6 0.21640625 0.48046875 0.01875 0.0296875
6 0.19609375 0.48046875 0.021875 0.03125
6 0.19296875 0.48671875 0.021875 0.0296875
6 0.32265625 0.4703125 0.0171875 0.0296875
6 0.33828125 0.45078125 0.01875 0.0296875
4 0.3515625 0.47734375 0.0296875 0.03125
7 0.35078125 0.48046875 0.015625 0.021875
7 0.346875 0.4796875 0.0171875 0.025
6 0.35234375 0.51796875 0.015625 0.028125
6 0.36875 0.5015625 0.0203125 0.0328125
6 0.36484375 0.51171875 0.015625 0.028125
6 0.36328125 0.5234375 0.0171875 0.0296875
6 0.43125 0.54140625 0.0171875 0.0296875
6 0.4328125 0.5546875 0.0140625 0.025
6 0.3984375 0.5375 0.01875 0.028125
6 0.39140625 0.54375 0.0203125 0.03125
6 0.3875 0.54921875 0.0171875 0.0265625
6 0.40078125 0.56875 0.0171875 0.0265625
6 0.3953125 0.5765625 0.0171875 0.0265625
6 0.41171875 0.60625 0.01875 0.0296875
6 0.52265625 0.58515625 0.0203125 0.028125
6 0.515625 0.5890625 0.01875 0.028125
6 0.521875 0.59765625 0.01875 0.028125
6 0.52421875 0.61875 0.021875 0.03125
6 0.5234375 0.63359375 0.025 0.03125
6 0.20078125 0.06640625 0.0265625 0.03125
6 0.165625 0.1 0.0328125 0.0328125
6 0.11796875 0.12265625 0.0234375 0.0296875
6 0.11015625 0.14296875 0.0265625 0.034375
6 0.09296875 0.20625 0.034375 0.0375
6 0.08515625 0.21640625 0.028125 0.0359375
6 0.0875 0.22734375 0.0296875 0.0359375
6 0.1703125 0.271875 0.028125 0.0328125
6 0.16328125 0.28359375 0.0265625 0.03125
6 0.0484375 0.31484375 0.028125 0.0359375
6 0.08125 0.29296875 0.0296875 0.034375
6 0.07421875 0.30234375 0.0234375 0.028125
6 0.075 0.309375 0.0234375 0.0296875
6 0.1203125 0.64296875 0.0140625 0.0234375
3 0.18203125 0.83359375 0.0296875 0.0328125
9 0.1609375 0.8328125 0.0484375 0.053125