3 0.58125 0.7203125 0.021875 0.065625
3 0.59765625 0.625 0.01875 0.05625
3 0.56328125 0.56953125 0.0203125 0.0453125
3 0.57890625 0.5234375 0.0203125 0.0296875
3 0.48359375 0.49453125 0.0296875 0.03125
3 0.55078125 0.22421875 0.0109375 0.015625
3 0.5390625 0.20390625 0.0140625 0.0125
3 0.525 0.184375 0.015625 0.0125
10 0.49296875 0.18828125 0.009375 0.0125
9 0.50859375 0.19453125 0.0421875 0.0265625
9 0.47890625 0.15390625 0.0140625 0.025
9 0.465625 0.153125 0.0109375 0.021875
9 0.51015625 0.20703125 0.0203125 0.0203125
9 0.384375 0.16953125 0.0234375 0.0203125
9 0.46875 0.1734375 0.0234375 0.0203125
6 0.425 0.17265625 0.003125 0.009375
5 0.43203125 0.178125 0.0171875 0.0234375
9 0.4890625 0.15625 0.0140625 0.0234375
9 0.61484375 0.5203125 0.0203125 0.05625
9 0.50546875 0.9609375 0.0234375 0.0265625
1 0.57109375 0.8359375 0.0078125 0.028125
7 0.57109375 0.83203125 0.0078125 0.015625
6 0.471875 0.50234375 0.0046875 0.01875
6 0.46328125 0.5125 0.0046875 0.01875
6 0.46171875 0.503125 0.0046875 0.01875
9 0.6703125 0.1984375 0.0125 0.0296875
1 0.6328125 0.48125 0.0046875 0.01875
7 0.63359375 0.47734375 0.003125 0.0109375
3 0.6890625 0.109375 0.003125 0.009375