9 0.10859375 0.13984375 0.2171875 0.2703125
9 0.4203125 0.4046875 0.0703125 0.1109375
9 0.56875 0.44609375 0.0671875 0.1359375
9 0.65625 0.5484375 0.0578125 0.08125
9 0.69609375 0.6078125 0.028125 0.04375
9 0.72890625 0.65546875 0.0265625 0.059375
9 0.7796875 0.71484375 0.0140625 0.03125
9 0.75859375 0.684375 0.025 0.034375
9 0.70703125 0.7046875 0.015625 0.03125
9 0.6703125 0.63828125 0.01875 0.028125
9 0.66875 0.64609375 0.021875 0.028125
3 0.7890625 0.72890625 0.00625 0.01875
3 0.77421875 0.75234375 0.00625 0.0125
3 0.76875 0.721875 0.0078125 0.0140625
3 0.71953125 0.6921875 0.00625 0.01875
3 0.746875 0.66953125 0.009375 0.01875
3 0.70625 0.65 0.015625 0.0234375
3 0.6296875 0.61015625 0.01875 0.025
3 0.6234375 0.55078125 0.015625 0.03125
3 0.5109375 0.4140625 0.040625 0.0625
3 0.4953125 0.4890625 0.03125 0.040625
4 0.253125 0.2859375 0.01875 0.040625
7 0.25078125 0.29609375 0.0078125 0.04375
10 0.63359375 0.66953125 0.025 0.01875
10 0.3078125 0.575 0.0203125 0.025
10 0.17734375 0.44921875 0.046875 0.040625
3 0.37109375 0.56328125 0.034375 0.021875
3 0.3453125 0.54375 0.028125 0.021875
3 0.328125 0.53359375 0.03125 0.028125
3 0.23515625 0.55234375 0.0359375 0.0265625
3 0.15 0.43046875 0.046875 0.0484375
6 0.35 0.57421875 0.003125 0.021875
6 0.3625 0.5703125 0.0046875 0.021875
3 0.18515625 0.51875 0.03125 0.0234375