6 0.375 0.78046875 0.00859375 0.0203125
6 0.3875 0.76796875 0.01171875 0.03125
6 0.38828125 0.74375 0.009375 0.02890625
6 0.3984375 0.73125 0.01015625 0.02421875
6 0.409375 0.634375 0.0078125 0.02421875
6 0.4140625 0.62890625 0.01015625 0.0296875
6 0.40234375 0.57109375 0.01015625 0.03125
6 0.32265625 0.58203125 0.0078125 0.02890625
6 0.3328125 0.571875 0.00859375 0.028125
6 0.34375 0.56328125 0.009375 0.0265625
6 0.3671875 0.5140625 0.009375 0.025
6 0.375 0.5078125 0.0078125 0.02890625
6 0.359375 0.39453125 0.01015625 0.03359375
6 0.46953125 0.40859375 0.00859375 0.03203125
6 0.48203125 0.40546875 0.0078125 0.03046875
6 0.18046875 0.73984375 0.01640625 0.01875
6 0.18125 0.728125 0.01484375 0.01953125
6 0.06015625 0.746875 0.01875 0.02421875
6 0.125 0.7109375 0.01953125 0.02890625
6 0.11015625 0.7015625 0.01640625 0.025
6 0.12109375 0.69140625 0.02109375 0.0234375
6 0.12265625 0.6734375 0.01796875 0.0265625
6 0.1734375 0.6546875 0.01328125 0.02421875
6 0.19609375 0.534375 0.01171875 0.03359375
6 0.18515625 0.53125 0.01171875 0.0296875
6 0.20078125 0.4515625 0.009375 0.03125
6 0.21015625 0.44453125 0.00859375 0.03359375
6 0.2203125 0.43828125 0.01015625 0.03203125
6 0.15703125 0.38515625 0.0109375 0.03125
6 0.1515625 0.38359375 0.01328125 0.03203125
6 0.18359375 0.39140625 0.01015625 0.028125
6 0.1984375 0.41640625 0.01171875 0.03359375
6 0.2046875 0.415625 0.01015625 0.03125
6 0.21953125 0.41796875 0.01015625 0.03125
6 0.246875 0.41015625 0.0078125 0.0296875
6 0.2515625 0.40859375 0.00859375 0.03046875
6 0.20859375 0.3640625 0.01015625 0.03046875
6 0.2265625 0.36640625 0.00859375 0.0296875
6 0.23125 0.36640625 0.00703125 0.0296875
6 0.25546875 0.3578125 0.009375 0.03203125
6 0.2953125 0.34140625 0.01015625 0.02578125
6 0.30234375 0.334375 0.01171875 0.02890625
6 0.225 0.3390625 0.0078125 0.0265625
6 0.23203125 0.34140625 0.009375 0.03203125
6 0.2375 0.340625 0.00859375 0.03359375
6 0.24375 0.34609375 0.00703125 0.03359375
6 0.25546875 0.30546875 0.01015625 0.03203125
6 0.2625 0.29609375 0.00859375 0.03359375
6 0.2609375 0.28828125 0.0078125 0.03203125
6 0.2390625 0.22890625 0.00703125 0.0265625
6 0.25078125 0.2375 0.00859375 0.034375
6 0.26328125 0.24296875 0.0078125 0.0296875
6 0.27265625 0.24140625 0.00703125 0.03046875
6 0.25625 0.2328125 0.00859375 0.03046875
6 0.2640625 0.23046875 0.00859375 0.03046875
6 0.25859375 0.22109375 0.00703125 0.03046875
6 0.27734375 0.2265625 0.00703125 0.03046875
6 0.284375 0.215625 0.0078125 0.028125
4 0.32578125 0.2359375 0.01171875 0.028125
7 0.325 0.23046875 0.0078125 0.025
7 0.3234375 0.228125 0.00703125 0.021875
7 0.321875 0.22578125 0.0078125 0.0265625
4 0.00859375 0.2078125 0.0171875 0.02890625
7 0.00703125 0.2078125 0.01328125 0.01953125
3 0.01171875 0.18203125 0.02265625 0.03671875
6 0.0265625 0.159375 0.01484375 0.028125
6 0.0671875 0.06328125 0.0125 0.03125
6 0.07421875 0.0609375 0.01171875 0.03125
6 0.08828125 0.1015625 0.0109375 0.0296875
6 0.096875 0.1 0.00859375 0.03125
6 0.115625 0.09296875 0.01015625 0.02890625
6 0.128125 0.10078125 0.00859375 0.02890625
6 0.13203125 0.121875 0.01171875 0.03046875
6 0.05234375 0.01640625 0.0125 0.03046875
6 0.04296875 0.01796875 0.01015625 0.03046875
6 0.0359375 0.01640625 0.0109375 0.0296875
4 0.175 0.1390625 0.015625 0.01953125
7 0.1734375 0.13359375 0.01015625 0.0234375
7 0.16953125 0.134375 0.009375 0.0234375
6 0.19921875 0.15625 0.009375 0.03359375
6 0.20859375 0.1515625 0.00859375 0.03046875
6 0.19296875 0.1515625 0.01015625 0.03203125
6 0.19140625 0.13359375 0.00703125 0.02578125
6 0.19453125 0.13125 0.009375 0.02890625
6 0.20859375 0.13515625 0.0078125 0.0296875
6 0.21171875 0.134375 0.00859375 0.03046875
6 0.2375 0.1953125 0.00859375 0.03125
6 0.24140625 0.190625 0.009375 0.03046875
6 0.24609375 0.1890625 0.00703125 0.03046875
6 0.22734375 0.18046875 0.00859375 0.03359375
6 0.23125 0.17421875 0.0078125 0.0296875
6 0.2546875 0.18046875 0.00703125 0.025
6 0.259375 0.17890625 0.00703125 0.02890625
6 0.24609375 0.17578125 0.00703125 0.0296875
6 0.2484375 0.17265625 0.0078125 0.03203125
6 0.24609375 0.1546875 0.0078125 0.028125
6 0.25 0.153125 0.0078125 0.028125
6 0.55390625 0.0140625 0.00703125 0.02578125
6 0.55 0.0125 0.00703125 0.025