3 0.36484375 0.3125 0.115625 0.1765625
3 0.08671875 0.27265625 0.1359375 0.2359375
3 0.171875 0.28984375 0.1421875 0.2171875
3 0.2734375 0.3140625 0.1171875 0.1828125
10 0.47109375 0.33125 0.128125 0.1921875
10 0.54453125 0.36328125 0.1234375 0.1671875
10 0.61328125 0.37109375 0.1390625 0.171875
0 0.53828125 0.4546875 0.1328125 0.1578125
0 0.5484375 0.17265625 0.0484375 0.06875
6 0.45546875 0.2046875 0.0359375 0.0859375
6 0.37890625 0.428125 0.05 0.121875
6 0.40859375 0.43984375 0.0484375 0.125
6 0.43515625 0.42265625 0.046875 0.1203125
6 0.4859375 0.4890625 0.05625 0.121875
6 0.05859375 0.74765625 0.1015625 0.19375
6 0.1328125 0.53203125 0.0796875 0.1515625
6 0.24765625 0.4703125 0.0734375 0.14375
6 0.04765625 0.50078125 0.078125 0.128125
6 0.01484375 0.43046875 0.0296875 0.0765625