10 0.865625 0.1515625 0.0515625 0.0546875
3 0.85546875 0.2796875 0.0546875 0.059375
7 0.878125 0.45 0.021875 0.0140625
4 0.878125 0.4484375 0.0203125 0.0125
6 0.21953125 0.38515625 0.0328125 0.028125
8 0.2515625 0.3421875 0.090625 0.05625
8 0.309375 0.40625 0.0734375 0.078125
7 0.30859375 0.4875 0.0359375 0.025
4 0.30546875 0.48515625 0.0546875 0.03125
7 0.446875 0.590625 0.0265625 0.01875
4 0.44140625 0.58828125 0.0296875 0.01875
7 0.5296875 0.584375 0.0296875 0.01875
4 0.5265625 0.5828125 0.0328125 0.0203125
6 0.6015625 0.565625 0.0265625 0.015625
6 0.60390625 0.5703125 0.0265625 0.0171875
7 0.59609375 0.5921875 0.0328125 0.0234375
4 0.59375 0.59296875 0.0359375 0.0203125
7 0.61875 0.60859375 0.0265625 0.01875
1 0.6171875 0.6078125 0.021875 0.015625
3 0.5984375 0.66171875 0.0515625 0.0390625
0 0.50078125 0.6390625 0.05625 0.0390625
7 0.15390625 0.55390625 0.034375 0.0234375
10 0.01328125 0.590625 0.0265625 0.084375
10 0.075 0.62265625 0.128125 0.0875
1 0.13984375 0.671875 0.0359375 0.0359375
6 0.0484375 0.7125 0.0421875 0.0265625
4 0.3609375 0.73203125 0.040625 0.03125
4 0.43984375 0.7390625 0.0359375 0.0296875
3 0.35625 0.68671875 0.0796875 0.0546875
8 0.40703125 0.678125 0.0484375 0.0328125
0 0.3625 0.6546875 0.0890625 0.0546875
0 0.5078125 0.7578125 0.059375 0.0625
3 0.5484375 0.74765625 0.0546875 0.059375
8 0.57109375 0.74375 0.034375 0.0328125
4 0.5359375 0.7203125 0.025 0.025
7 0.5875 0.7265625 0.0140625 0.009375
6 0.5828125 0.725 0.034375 0.01875
6 0.5890625 0.71640625 0.0234375 0.0125
4 0.5859375 0.71640625 0.0203125 0.015625
6 0.58515625 0.7046875 0.01875 0.0109375
0 0.62890625 0.7015625 0.034375 0.0234375
4 0.64921875 0.71171875 0.025 0.01875
4 0.6171875 0.7515625 0.025 0.0140625
6 0.6109375 0.75546875 0.025 0.015625
7 0.6171875 0.74140625 0.0203125 0.0140625
6 0.63125 0.7390625 0.0265625 0.01875
7 0.6234375 0.73359375 0.0203125 0.0125
4 0.6265625 0.74609375 0.025 0.0203125
7 0.6171875 0.7328125 0.0203125 0.0140625
7 0.61328125 0.73359375 0.01875 0.0140625
3 0.6734375 0.71171875 0.0484375 0.0359375
3 0.71015625 0.71796875 0.0484375 0.0359375
8 0.64140625 0.76796875 0.0234375 0.01875
4 0.65078125 0.77578125 0.021875 0.01875
4 0.67265625 0.76640625 0.025 0.021875
6 0.65859375 0.80546875 0.028125 0.015625
4 0.71875 0.80703125 0.0203125 0.0203125
4 0.734375 0.79765625 0.0234375 0.01875
10 0.728125 0.78046875 0.0515625 0.0453125
3 0.746875 0.73125 0.046875 0.04375
3 0.7609375 0.67890625 0.0375 0.028125
8 0.675 0.6359375 0.040625 0.0265625
0 0.66875 0.6171875 0.0453125 0.0296875
4 0.69296875 0.66015625 0.025 0.015625
6 0.6984375 0.66328125 0.025 0.015625
4 0.78671875 0.64921875 0.0265625 0.01875
4 0.81015625 0.64453125 0.01875 0.0171875
0 0.7859375 0.68984375 0.034375 0.0234375
7 0.80703125 0.69140625 0.0203125 0.0125
0 0.82421875 0.70859375 0.0359375 0.025
4 0.76796875 0.7546875 0.021875 0.01875
8 0.8453125 0.72109375 0.0234375 0.0171875
3 0.8578125 0.75390625 0.034375 0.025
0 0.821875 0.7546875 0.03125 0.0203125
0 0.84296875 0.77109375 0.03125 0.021875
0 0.78125 0.76171875 0.034375 0.0328125
4 0.7609375 0.7875 0.0234375 0.01875
6 0.79765625 0.7765625 0.021875 0.0140625
8 0.759375 0.8109375 0.03125 0.03125
6 0.790625 0.7796875 0.021875 0.0140625
6 0.81640625 0.790625 0.021875 0.0125
6 0.81328125 0.7671875 0.021875 0.0140625
0 0.81796875 0.778125 0.03125 0.0296875
4 0.85078125 0.78125 0.01875 0.015625
4 0.84453125 0.79140625 0.015625 0.0140625
7 0.86953125 0.77265625 0.015625 0.0109375
7 0.884375 0.753125 0.0203125 0.0125
8 0.8625 0.7765625 0.01875 0.0140625
4 0.8671875 0.771875 0.0203125 0.0125
4 0.88125 0.753125 0.0140625 0.0078125
8 0.85546875 0.72890625 0.0265625 0.01875
8 0.8734375 0.73984375 0.028125 0.0203125
0 0.88046875 0.73359375 0.0265625 0.01875
8 0.8609375 0.725 0.0203125 0.0203125
0 0.88671875 0.7453125 0.028125 0.01875
0 0.9015625 0.7515625 0.0265625 0.01875
0 0.878125 0.796875 0.0265625 0.01875
7 0.89765625 0.77890625 0.01875 0.0109375
4 0.89375 0.77734375 0.0203125 0.0125
3 0.8890625 0.6984375 0.0421875 0.034375
10 0.91796875 0.71640625 0.0390625 0.034375
10 0.92578125 0.7359375 0.0328125 0.0328125
8 0.8859375 0.715625 0.021875 0.01875
3 0.8765625 0.8703125 0.0296875 0.0296875
0 0.90390625 0.8125 0.01875 0.0140625