7 0.07265625 0.375 0.01015625 0.028125
6 0.1484375 0.3515625 0.01015625 0.02421875
6 0.2546875 0.2796875 0.00546875 0.021875
6 0.2484375 0.28125 0.0046875 0.01953125
6 0.228125 0.28671875 0.00546875 0.025
6 0.30625 0.29296875 0.00390625 0.02109375
6 0.34609375 0.31015625 0.00546875 0.02578125
6 0.40078125 0.48046875 0.01015625 0.05078125
6 0.41484375 0.4984375 0.01015625 0.05703125
7 0.41328125 0.48671875 0.01015625 0.028125
7 0.46015625 0.54609375 0.01328125 0.04609375
1 0.4171875 0.5359375 0.03203125 0.03671875
1 0.50703125 0.6640625 0.01796875 0.06171875
1 0.490625 0.6609375 0.02265625 0.071875
6 0.34296875 0.70078125 0.02109375 0.1
6 0.56875 0.3796875 0.00703125 0.0390625
6 0.575 0.37734375 0.00859375 0.03984375
6 0.646875 0.41953125 0.0109375 0.046875