6 0.365625 0.92890625 0.0484375 0.021875
6 0.8109375 0.8796875 0.01875 0.0078125
6 0.81015625 0.88515625 0.0203125 0.0078125
6 0.36171875 0.94453125 0.0453125 0.0234375
6 0.83671875 0.7640625 0.0234375 0.0109375
6 0.83515625 0.775 0.021875 0.0109375
6 0.83359375 0.78046875 0.021875 0.009375
6 0.87578125 0.61796875 0.01875 0.0078125
6 0.87734375 0.61328125 0.021875 0.0109375
6 0.89140625 0.56171875 0.025 0.0125
6 0.5921875 0.46171875 0.0421875 0.0203125
6 0.4828125 0.334375 0.0390625 0.021875
6 0.41015625 0.253125 0.0578125 0.0296875
6 0.9109375 0.478125 0.0234375 0.0109375
6 0.91328125 0.45625 0.028125 0.015625