3 0.2890625 0.99765625 0.1375 0.0046875
1 0.125 0.9609375 0.0828125 0.078125
10 0.23671875 0.6453125 0.19453125 0.18359375
10 0.2828125 0.55625 0.14609375 0.134375
4 0.1890625 0.565625 0.03671875 0.0640625
8 0.26328125 0.46328125 0.08984375 0.071875
3 0.321875 0.434375 0.13359375 0.10546875
3 0.31640625 0.36484375 0.13046875 0.1
3 0.33671875 0.2890625 0.115625 0.07890625
3 0.375 0.24765625 0.11328125 0.075
3 0.37421875 0.1890625 0.09609375 0.06796875
3 0.3640625 0.1578125 0.08203125 0.05625
10 0.37890625 0.12734375 0.07890625 0.07109375
9 0.421875 0.053125 0.09921875 0.10625
4 0.3015625 0.23046875 0.0328125 0.05625
1 0.315625 0.190625 0.01484375 0.0484375
1 0.321875 0.15390625 0.01328125 0.0390625
3 0.86171875 0.928125 0.2234375 0.14375
3 0.80078125 0.81796875 0.19765625 0.18359375
3 0.77265625 0.70390625 0.17890625 0.153125
3 0.74296875 0.6015625 0.1578125 0.12890625
3 0.72890625 0.525 0.10390625 0.11328125
6 0.63828125 0.5796875 0.02265625 0.09609375
3 0.69296875 0.39296875 0.12734375 0.09453125
3 0.68671875 0.3484375 0.1234375 0.08984375
10 0.67421875 0.2921875 0.096875 0.09140625
6 0.46875 0.2171875 0.01640625 0.06953125
3 0.5765625 0.28671875 0.046875 0.0890625
9 0.66015625 0.2578125 0.10546875 0.08984375
3 0.64765625 0.190625 0.08984375 0.06796875
10 0.56875 0.1625 0.03671875 0.0859375
3 0.51328125 0.10859375 0.0375 0.06640625
10 0.63828125 0.15859375 0.08203125 0.07578125
10 0.62734375 0.13359375 0.07421875 0.0703125
10 0.615625 0.10703125 0.07578125 0.065625
10 0.60546875 0.0921875 0.08359375 0.075
10 0.60703125 0.071875 0.06015625 0.05625
10 0.60859375 0.059375 0.05 0.05546875
10 0.60625 0.04375 0.05390625 0.0515625
10 0.6015625 0.03203125 0.06328125 0.059375