3 0.1515625 0.859375 0.08125 0.10625
3 0.43203125 0.825 0.084375 0.0796875
3 0.50234375 0.8671875 0.078125 0.0765625
3 0.6328125 0.79921875 0.0625 0.0625
3 0.68671875 0.81875 0.075 0.0671875
3 0.29765625 0.75 0.08125 0.0796875
3 0.26953125 0.68515625 0.071875 0.0671875
3 0.15390625 0.67109375 0.0828125 0.075
3 0.0796875 0.81953125 0.09375 0.128125
3 0.028125 0.78203125 0.05625 0.1359375
3 0.55 0.70078125 0.046875 0.0734375
3 0.5171875 0.690625 0.05 0.0828125
3 0.25703125 0.590625 0.0796875 0.078125
3 0.19296875 0.55859375 0.075 0.06875
3 0.1265625 0.52578125 0.0734375 0.0625
3 0.025 0.465625 0.05 0.059375
3 0.0421875 0.3859375 0.04375 0.053125
3 0.50234375 0.96953125 0.0921875 0.0609375
3 0.30234375 0.88125 0.0953125 0.090625
3 0.56796875 0.90546875 0.090625 0.084375
3 0.478125 0.80234375 0.0796875 0.075
3 0.4078125 0.7578125 0.08125 0.075
3 0.0171875 0.69921875 0.034375 0.0859375
3 0.06328125 0.67265625 0.0859375 0.0796875
3 0.04921875 0.6140625 0.075 0.071875
10 0.7828125 0.86640625 0.0796875 0.075
10 0.790625 0.95703125 0.0765625 0.0703125
10 0.51953125 0.20859375 0.0296875 0.0328125
10 0.4671875 0.15703125 0.0265625 0.028125
3 0.071875 0.496875 0.071875 0.0640625
3 0.6015625 0.24765625 0.034375 0.0296875
3 0.60703125 0.23515625 0.03125 0.028125
3 0.55234375 0.19140625 0.028125 0.025
3 0.4625 0.18828125 0.0328125 0.0265625
3 0.43359375 0.1453125 0.0328125 0.0265625
6 0.446875 0.9890625 0.025 0.021875
7 0.78046875 0.91484375 0.0203125 0.03125
7 0.77421875 0.9125 0.01875 0.0328125
4 0.775 0.91953125 0.034375 0.0328125
3 0.8390625 0.8953125 0.06875 0.0640625
4 0.8078125 0.653125 0.0234375 0.0203125
4 0.81328125 0.64609375 0.025 0.028125
1 0.77109375 0.53828125 0.0203125 0.0234375
3 0.2015625 0.64609375 0.08125 0.071875