3 0.31640625 0.55546875 0.02265625 0.07421875
3 0.32265625 0.46796875 0.0203125 0.05546875
3 0.37109375 0.24921875 0.0125 0.03203125
3 0.3703125 0.2125 0.0125 0.025
3 0.3703125 0.1875 0.01171875 0.0265625
3 0.3453125 0.05625 0.00859375 0.01875
3 0.37421875 0.6 0.01875 0.06875
3 0.33671875 0.21328125 0.01171875 0.02890625
3 0.37265625 0.39609375 0.01640625 0.0484375
3 0.371875 0.45546875 0.015625 0.046875
3 0.37421875 0.515625 0.0171875 0.05625
3 0.3328125 0.29453125 0.0140625 0.03515625
3 0.33515625 0.24140625 0.01171875 0.034375
3 0.34375 0.0984375 0.00703125 0.0203125
3 0.35703125 0.103125 0.00859375 0.03125
3 0.3625 0.01640625 0.0078125 0.01796875
10 0.32578125 0.4109375 0.01796875 0.04921875
10 0.31328125 0.66953125 0.02421875 0.08828125
10 0.37265625 0.34140625 0.01328125 0.04453125
10 0.33984375 0.18203125 0.01171875 0.02578125
10 0.34140625 0.14375 0.009375 0.01953125
3 0.3703125 0.165625 0.01015625 0.02578125
3 0.36953125 0.1234375 0.009375 0.02578125
3 0.375 0.6875 0.02265625 0.08203125
10 0.3296875 0.3328125 0.01484375 0.034375
10 0.3703125 0.30390625 0.0140625 0.034375
6 0.6921875 0.43828125 0.00859375 0.028125
6 0.6140625 0.3390625 0.00859375 0.0234375
6 0.68515625 0.3359375 0.00859375 0.025
6 0.5859375 0.31328125 0.0078125 0.01953125
6 0.54921875 0.30625 0.00625 0.02578125
6 0.55859375 0.3 0.00625 0.0203125
6 0.58125 0.25 0.0046875 0.01484375
6 0.6 0.29296875 0.00546875 0.01640625
6 0.59453125 0.28828125 0.00703125 0.01875
6 0.59375 0.26171875 0.0046875 0.01015625
6 0.57265625 0.24765625 0.00546875 0.015625
6 0.65703125 0.25390625 0.00859375 0.0234375
6 0.721875 0.39375 0.0078125 0.028125