3 0.91875 0.0734375 0.078125 0.0375
3 0.79609375 0.06015625 0.0953125 0.0515625
3 0.91171875 0.09375 0.084375 0.0578125
3 0.8875 0.1390625 0.0875 0.05625
3 0.890625 0.190625 0.0828125 0.05
3 0.8953125 0.22890625 0.090625 0.05
3 0.87265625 0.259375 0.090625 0.0453125
3 0.87578125 0.2953125 0.078125 0.0421875
3 0.7765625 0.2171875 0.0921875 0.053125
10 0.78203125 0.1328125 0.1140625 0.071875
10 0.7734375 0.25625 0.1046875 0.05
10 0.76484375 0.29296875 0.128125 0.053125
10 0.96640625 0.4390625 0.0671875 0.06875
9 0.82421875 0.3875 0.109375 0.05625
6 0.95546875 0.465625 0.03125 0.0109375
6 0.90390625 0.440625 0.040625 0.015625
6 0.89765625 0.4546875 0.0375 0.0140625
9 0.61015625 0.38203125 0.171875 0.078125
6 0.57265625 0.45234375 0.0328125 0.0171875
9 0.7125 0.528125 0.175 0.0671875
6 0.534375 0.4765625 0.0296875 0.0171875
6 0.54140625 0.49765625 0.0203125 0.015625
4 0.47890625 0.484375 0.0390625 0.0171875
8 0.5578125 0.52109375 0.109375 0.046875
3 0.36484375 0.49296875 0.1671875 0.06875
3 0.15625 0.6546875 0.1796875 0.071875
3 0.53515625 0.646875 0.1109375 0.06875
9 0.11015625 0.496875 0.184375 0.10625
3 0.6328125 0.63828125 0.1015625 0.0671875
4 0.85625 0.65703125 0.0453125 0.0203125
1 0.9296875 0.65859375 0.0375 0.015625
8 0.946875 0.64453125 0.0453125 0.021875
3 0.5171875 0.1421875 0.125 0.0671875
10 0.54609375 0.040625 0.1328125 0.0796875
9 0.35625 0.08125 0.190625 0.1015625
9 0.3953125 0.03984375 0.259375 0.0796875