9 0.303125 0.99921875 0.209375 0.0015625
3 0.31796875 0.959375 0.134375 0.08125
3 0.34375 0.90078125 0.1234375 0.09296875
10 0.2578125 0.78984375 0.0828125 0.12421875
10 0.30234375 0.67578125 0.0921875 0.0859375
3 0.3 0.63203125 0.07734375 0.05859375
3 0.259375 0.61328125 0.08359375 0.05390625
3 0.22734375 0.56484375 0.06171875 0.0484375
3 0.3171875 0.56328125 0.0390625 0.0546875
6 0.16875 0.54296875 0.01328125 0.0484375
6 0.17265625 0.53203125 0.0140625 0.04375
3 0.25625 0.48203125 0.02578125 0.05390625
3 0.296875 0.475 0.0296875 0.05
1 0.29296875 0.51328125 0.02265625 0.03046875
7 0.2921875 0.503125 0.0125 0.0359375
10 0.3140625 0.4328125 0.02734375 0.06015625
1 0.221875 0.4765625 0.01484375 0.028125
4 0.2203125 0.5015625 0.00625 0.01875
7 0.21875 0.49921875 0.00625 0.02421875
8 0.184375 0.44453125 0.01640625 0.03515625
9 0.253125 0.44140625 0.08515625 0.06171875
10 0.265625 0.41953125 0.04609375 0.03828125
9 0.27109375 0.37421875 0.02890625 0.0453125
3 0.321875 0.39375 0.0296875 0.04140625
3 0.2296875 0.37109375 0.05078125 0.03359375
3 0.2234375 0.390625 0.05546875 0.02890625
3 0.221875 0.40859375 0.05234375 0.028125
3 0.21171875 0.36875 0.0421875 0.03125
3 0.24609375 0.34296875 0.04453125 0.03671875
3 0.20703125 0.33359375 0.04609375 0.03671875
3 0.240625 0.32109375 0.0390625 0.02578125
3 0.2046875 0.3125 0.04296875 0.03046875
9 0.20234375 0.28359375 0.07265625 0.0484375
9 0.22265625 0.3 0.04296875 0.0296875
10 0.24296875 0.271875 0.01328125 0.034375
3 0.240625 0.2140625 0.0140625 0.0234375
10 0.2109375 0.1765625 0.0109375 0.0203125
10 0.21328125 0.16171875 0.009375 0.01796875
3 0.20859375 0.14921875 0.01015625 0.01171875
2 0.19375 0.17109375 0.025 0.03671875
3 0.19375 0.0609375 0.0109375 0.00625
6 0.22265625 0.16875 0.003125 0.01484375
4 0.21953125 0.146875 0.003125 0.01015625
7 0.21875 0.14296875 0.00234375 0.009375
4 0.221875 0.1265625 0.00234375 0.009375
7 0.22109375 0.1234375 0.003125 0.01015625
3 0.24765625 0.15390625 0.01328125 0.0140625
3 0.2609375 0.15234375 0.0171875 0.01171875
3 0.25546875 0.14375 0.01875 0.01171875
3 0.253125 0.1390625 0.01953125 0.0109375
10 0.25 0.13046875 0.0171875 0.0140625
3 0.24609375 0.13125 0.01484375 0.009375
3 0.24453125 0.13046875 0.01328125 0.01015625
10 0.23671875 0.12109375 0.01015625 0.0140625
9 0.23359375 0.10546875 0.01796875 0.01875
3 0.2296875 0.09453125 0.00546875 0.00859375
3 0.2578125 0.17265625 0.01328125 0.01796875
6 0.2578125 0.16328125 0.00234375 0.0109375
7 0.2703125 0.165625 0.00234375 0.0109375
3 0.2625 0.190625 0.01875 0.0140625
3 0.26875 0.19375 0.02109375 0.01796875
3 0.2875 0.1953125 0.02421875 0.01328125
10 0.275 0.19921875 0.02109375 0.0203125
10 0.28046875 0.2015625 0.021875 0.01796875
3 0.28125 0.20703125 0.02890625 0.01875
3 0.28046875 0.21640625 0.03125 0.0203125
10 0.290625 0.22421875 0.028125 0.02421875
3 0.29140625 0.23203125 0.02421875 0.0203125
9 0.296875 0.24375 0.02890625 0.01953125
9 0.31484375 0.24375 0.046875 0.04375
3 0.2734375 0.2609375 0.01796875 0.0234375
7 0.3609375 0.29765625 0.00546875 0.015625
3 0.31015625 0.2765625 0.02578125 0.02109375
10 0.31875 0.28125 0.03046875 0.03125
10 0.75078125 0.98671875 0.1171875 0.0265625
9 0.66875 0.89609375 0.09609375 0.196875
3 0.63203125 0.8546875 0.08671875 0.13671875
8 0.56875 0.784375 0.04453125 0.04296875
3 0.675 0.7703125 0.01953125 0.05546875
4 0.58984375 0.640625 0.01171875 0.04375
3 0.45390625 0.52578125 0.04296875 0.05703125
3 0.39453125 0.45234375 0.03046875 0.05859375
10 0.41796875 0.4453125 0.03046875 0.05
3 0.39140625 0.41953125 0.040625 0.0359375
10 0.37421875 0.3953125 0.0375 0.04609375
3 0.3765625 0.36953125 0.04609375 0.0390625
10 0.3375 0.30390625 0.03203125 0.03203125
10 0.32734375 0.25625 0.03984375 0.03046875
9 0.403125 0.22734375 0.04296875 0.03984375
3 0.42734375 0.2703125 0.01171875 0.02421875
3 0.465625 0.29609375 0.0234375 0.0265625
4 0.490625 0.30546875 0.0046875 0.02109375
10 0.49609375 0.34140625 0.03984375 0.03671875
3 0.5359375 0.31953125 0.0171875 0.028125
10 0.55859375 0.31171875 0.015625 0.0296875
10 0.546875 0.34140625 0.03515625 0.03515625
3 0.54921875 0.36953125 0.03828125 0.02890625
3 0.959375 0.80859375 0.08125 0.09453125
3 0.91015625 0.746875 0.10703125 0.08828125
3 0.8453125 0.66953125 0.06953125 0.06171875
10 0.81640625 0.634375 0.06953125 0.06875