4 0.125 0.76328125 0.04453125 0.03828125
4 0.12265625 0.734375 0.03671875 0.03203125
4 0.1234375 0.70703125 0.03515625 0.03046875
6 0.1671875 0.73828125 0.0203125 0.04296875
6 0.1875 0.76875 0.01875 0.04375
4 0.1328125 0.6515625 0.03828125 0.03515625
4 0.05625 0.76640625 0.03984375 0.03515625
3 0.49921875 0.6921875 0.053125 0.15859375
3 0.3234375 0.51640625 0.03828125 0.12578125
3 0.31875 0.9359375 0.0484375 0.0734375
3 0.19296875 0.634375 0.0796875 0.153125
8 0.078125 0.61640625 0.025 0.06953125
6 0.1296875 0.475 0.01953125 0.04296875
6 0.1328125 0.45078125 0.01796875 0.04296875
5 0.1609375 0.3984375 0.01953125 0.03828125
5 0.15859375 0.4265625 0.02265625 0.034375
5 0.13125 0.421875 0.0265625 0.040625
5 0.13671875 0.39453125 0.028125 0.0359375
3 0.24765625 0.47890625 0.040625 0.13828125
3 0.2171875 0.21796875 0.07265625 0.0546875
3 0.21015625 0.271875 0.078125 0.06171875
6 0.2453125 0.36015625 0.0125 0.04453125
6 0.25 0.33046875 0.0140625 0.03984375
6 0.23828125 0.33046875 0.01015625 0.0453125
6 0.2359375 0.2984375 0.01171875 0.04375
6 0.2609375 0.30078125 0.0109375 0.04140625
6 0.26640625 0.30390625 0.01171875 0.03984375
6 0.25703125 0.24609375 0.01171875 0.04453125
6 0.26484375 0.22578125 0.01171875 0.04140625
6 0.271875 0.23203125 0.00859375 0.04140625
6 0.2796875 0.23828125 0.009375 0.04609375
6 0.278125 0.21640625 0.00859375 0.03671875
3 0.22734375 0.078125 0.0625 0.05078125
3 0.228125 0.05078125 0.0546875 0.0453125
3 0.23203125 0.02734375 0.05546875 0.0453125
3 0.32265625 0.06953125 0.02890625 0.0765625
10 0.33984375 0.02578125 0.028125 0.0515625
3 0.42265625 0.05234375 0.02578125 0.05859375
3 0.42265625 0.1109375 0.02734375 0.06953125
3 0.43828125 0.19375 0.03203125 0.071875
3 0.45 0.28203125 0.03515625 0.10078125
3 0.46171875 0.3875 0.040625 0.11171875
1 0.54296875 0.54765625 0.01875 0.05859375
4 0.2578125 0.83359375 0.0328125 0.078125