6 0.7015625 0.74609375 0.021875 0.0484375
6 0.8359375 0.65 0.0234375 0.0484375
6 0.5 0.64609375 0.025 0.0578125
6 0.54609375 0.58359375 0.0203125 0.046875
6 0.62109375 0.56796875 0.015625 0.040625
6 0.6421875 0.5453125 0.015625 0.04375
6 0.65 0.53359375 0.0125 0.040625
7 0.65390625 0.51484375 0.0109375 0.028125
7 0.65625 0.51171875 0.0109375 0.0265625
4 0.653125 0.51875 0.0234375 0.0296875
1 0.75 0.48984375 0.01875 0.021875
4 0.771875 0.47109375 0.0203125 0.0265625
4 0.8078125 0.478125 0.025 0.0234375
7 0.809375 0.47109375 0.0140625 0.025
7 0.7734375 0.46796875 0.0125 0.0296875
7 0.75390625 0.48125 0.0125 0.028125
6 0.79375 0.465625 0.0140625 0.0296875
6 0.759375 0.47421875 0.009375 0.028125
6 0.75625 0.478125 0.0109375 0.0265625
6 0.75546875 0.47578125 0.009375 0.034375
7 0.7703125 0.38984375 0.009375 0.021875
4 0.76796875 0.39375 0.01875 0.01875
1 0.85078125 0.43828125 0.0140625 0.0125
6 0.88203125 0.5453125 0.0140625 0.0328125
6 0.915625 0.5484375 0.01875 0.0421875
7 0.915625 0.54140625 0.009375 0.0171875
6 0.90625 0.540625 0.015625 0.0359375
6 0.9625 0.52734375 0.0171875 0.0328125
7 0.99375 0.51328125 0.0125 0.0171875
6 0.9359375 0.52890625 0.0140625 0.0390625
6 0.94375 0.528125 0.015625 0.0390625
10 0.803125 0.35078125 0.03125 0.0265625
3 0.96484375 0.3671875 0.0265625 0.028125
3 0.90078125 0.353125 0.021875 0.0234375
3 0.93515625 0.3421875 0.021875 0.0265625
10 0.95234375 0.3359375 0.01875 0.0234375
3 0.98046875 0.3421875 0.01875 0.025
9 0.975 0.32421875 0.0265625 0.034375
3 0.9890625 0.32421875 0.015625 0.0203125
10 0.9984375 0.27578125 0.003125 0.0109375
10 0.99375 0.28046875 0.0109375 0.0109375
10 0.99609375 0.28671875 0.0078125 0.0109375
3 0.9984375 0.2921875 0.003125 0.0125
10 0.9953125 0.29609375 0.009375 0.0140625
3 0.98984375 0.2921875 0.0109375 0.0125
3 0.98125 0.296875 0.0109375 0.0109375
3 0.984375 0.284375 0.0078125 0.0109375
3 0.978125 0.2875 0.0109375 0.0109375
3 0.98125 0.2765625 0.0078125 0.0109375
3 0.984375 0.30703125 0.0109375 0.0125
3 0.96953125 0.30390625 0.0125 0.0140625
3 0.9484375 0.28671875 0.009375 0.0109375
3 0.9328125 0.3171875 0.0140625 0.0140625
3 0.92109375 0.3140625 0.0140625 0.0140625
3 0.90625 0.3234375 0.0140625 0.0140625
3 0.88984375 0.32890625 0.021875 0.01875
3 0.87265625 0.33125 0.01875 0.01875
3 0.884375 0.32109375 0.01875 0.01875
3 0.90859375 0.31484375 0.015625 0.0171875
3 0.94375 0.30625 0.0140625 0.0140625
3 0.95546875 0.3 0.0140625 0.0109375
10 0.925 0.30625 0.0171875 0.0171875
3 0.9421875 0.296875 0.0140625 0.0140625
10 0.96015625 0.29453125 0.0140625 0.015625
3 0.9671875 0.2890625 0.0109375 0.0125
2 0.9015625 0.30546875 0.040625 0.040625
2 0.853125 0.31953125 0.04375 0.04375
3 0.8484375 0.33515625 0.021875 0.021875
3 0.81875 0.334375 0.025 0.021875
9 0.81328125 0.32109375 0.034375 0.0328125
3 0.78125 0.34140625 0.028125 0.0234375
3 0.75625 0.3375 0.0265625 0.0203125
3 0.7671875 0.32734375 0.00625 0.015625
6 0.7484375 0.32265625 0.00625 0.015625
10 0.759375 0.30390625 0.0234375 0.028125
3 0.74921875 0.31015625 0.01875 0.021875
6 0.75078125 0.3125 0.00625 0.0140625
3 0.7390625 0.30703125 0.021875 0.021875
3 0.7140625 0.334375 0.028125 0.0234375
3 0.71640625 0.32109375 0.0203125 0.01875
6 0.70625 0.3203125 0.00625 0.015625
3 0.7046875 0.3171875 0.021875 0.0265625
3 0.73046875 0.30859375 0.01875 0.01875
3 0.71875 0.31171875 0.01875 0.01875
3 0.8515625 0.2984375 0.0203125 0.01875
3 0.8546875 0.29765625 0.025 0.01875
3 0.6953125 0.3125 0.0203125 0.021875
6 0.68984375 0.31484375 0.00625 0.015625
3 0.6859375 0.3078125 0.015625 0.0203125
3 0.67578125 0.30703125 0.015625 0.0203125
3 0.66796875 0.2953125 0.01875 0.0234375
6 0.68125 0.29609375 0.0046875 0.0125
3 0.665625 0.30078125 0.01875 0.0234375
3 0.67578125 0.32734375 0.0265625 0.0203125
3 0.65625 0.2953125 0.015625 0.0203125
6 0.6734375 0.31953125 0.0046875 0.0125
3 0.6484375 0.29140625 0.01875 0.021875
3 0.63984375 0.28828125 0.0140625 0.015625
3 0.63203125 0.28515625 0.0171875 0.0171875
3 0.625 0.2828125 0.01875 0.01875
10 0.61796875 0.2765625 0.015625 0.0171875
3 0.6140625 0.29296875 0.0203125 0.015625
3 0.609375 0.28125 0.0109375 0.0125
3 0.6 0.2875 0.0140625 0.0125
3 0.6125 0.30703125 0.021875 0.015625
7 0.63984375 0.3046875 0.0046875 0.0125
10 0.5890625 0.2796875 0.021875 0.01875
9 0.5765625 0.2796875 0.0296875 0.0328125
9 0.55859375 0.2671875 0.0265625 0.0296875
9 0.54375 0.259375 0.0265625 0.0328125
10 0.53125 0.25859375 0.015625 0.0171875
10 0.5328125 0.27109375 0.015625 0.0203125
3 0.62265625 0.328125 0.028125 0.0265625
3 0.596875 0.30859375 0.0203125 0.0171875
4 0.59609375 0.29765625 0.0078125 0.0078125
7 0.596875 0.29609375 0.0046875 0.009375
3 0.58828125 0.32578125 0.0234375 0.021875
3 0.575 0.296875 0.021875 0.0171875
7 0.5734375 0.2984375 0.0046875 0.0109375
3 0.56484375 0.30390625 0.0234375 0.01875
3 0.546875 0.27421875 0.01875 0.01875
3 0.5484375 0.28515625 0.021875 0.01875
3 0.55078125 0.2890625 0.01875 0.01875
9 0.5484375 0.3171875 0.0390625 0.0390625
10 0.52890625 0.3078125 0.021875 0.0265625
10 0.521875 0.315625 0.0265625 0.028125
10 0.5265625 0.32890625 0.021875 0.025
3 0.540625 0.3421875 0.03125 0.0234375
3 0.53125 0.28359375 0.0171875 0.0171875
3 0.5375 0.29296875 0.021875 0.01875
3 0.51953125 0.29609375 0.021875 0.021875
3 0.51640625 0.278125 0.021875 0.021875
3 0.51171875 0.2703125 0.01875 0.01875
3 0.509375 0.26328125 0.0171875 0.0171875
3 0.49453125 0.26796875 0.01875 0.01875
3 0.49609375 0.25703125 0.0140625 0.0140625
3 0.4859375 0.25234375 0.0140625 0.0140625
10 0.47734375 0.2546875 0.0171875 0.0171875
3 0.44140625 0.35078125 0.025 0.0375
3 0.459375 0.3375 0.0265625 0.034375
3 0.421875 0.35078125 0.03125 0.0375
3 0.396875 0.35078125 0.0265625 0.028125
3 0.375 0.34921875 0.025 0.040625
3 0.34921875 0.34765625 0.028125 0.0375
6 0.34921875 0.35859375 0.0109375 0.028125
6 0.31953125 0.36328125 0.0109375 0.025
3 0.30390625 0.36015625 0.025 0.04375
7 0.375 0.38984375 0.009375 0.0203125
4 0.3734375 0.39453125 0.021875 0.0234375
3 0.33359375 0.40625 0.0515625 0.0421875
10 0.3265625 0.41796875 0.0640625 0.05
3 0.32890625 0.43515625 0.05625 0.0484375
3 0.39296875 0.4125 0.0515625 0.0421875
3 0.403125 0.4234375 0.0546875 0.0390625
3 0.37734375 0.434375 0.065625 0.059375
3 0.36015625 0.46171875 0.0609375 0.0546875
3 0.30234375 0.46015625 0.0625 0.053125
3 0.428125 0.45078125 0.059375 0.05
3 0.35234375 0.53984375 0.06875 0.075
2 0.4484375 0.375 0.115625 0.0984375
9 0.45234375 0.39609375 0.05 0.046875
3 0.46640625 0.40859375 0.046875 0.0359375
3 0.45390625 0.42890625 0.05625 0.0453125
3 0.50703125 0.43125 0.0515625 0.046875
10 0.51015625 0.41171875 0.053125 0.0484375
9 0.52421875 0.384375 0.0609375 0.0578125
3 0.503125 0.390625 0.0390625 0.0375
3 0.55546875 0.38125 0.034375 0.0265625
3 0.5578125 0.4046875 0.0421875 0.034375
3 0.56484375 0.41953125 0.0453125 0.0375
3 0.5984375 0.38515625 0.040625 0.0328125
3 0.5625 0.4953125 0.0546875 0.0578125
2 0.4515625 0.55859375 0.2171875 0.215625
6 0.51484375 0.35390625 0.0109375 0.025
3 0.65234375 0.44375 0.046875 0.0421875
3 0.73046875 0.37109375 0.034375 0.0296875
7 0.5515625 0.3484375 0.0078125 0.015625
7 0.5609375 0.34453125 0.0078125 0.01875
7 0.57734375 0.3625 0.0078125 0.0203125
7 0.6390625 0.35546875 0.00625 0.015625
1 0.55078125 0.353125 0.0109375 0.0140625
1 0.5609375 0.34921875 0.0140625 0.0140625
4 0.57734375 0.365625 0.0125 0.0171875
1 0.58125 0.33984375 0.0109375 0.015625
6 0.584375 0.3375 0.00625 0.0203125
4 0.63828125 0.3609375 0.009375 0.0171875