3 0.69765625 0.52421875 0.134375 0.0734375
3 0.3703125 0.503125 0.0875 0.0578125
3 0.46015625 0.6296875 0.09375 0.046875
3 0.284375 0.5171875 0.078125 0.053125
3 0.13125 0.5265625 0.065625 0.04375
3 0.2 0.73359375 0.08125 0.04375
3 0.59375 0.5265625 0.0875 0.053125
3 0.415625 0.4421875 0.1046875 0.0671875
3 0.2234375 0.5828125 0.0703125 0.0453125
3 0.93671875 0.8328125 0.0875 0.096875
3 0.85078125 0.85234375 0.0875 0.096875
3 0.79140625 0.85859375 0.075 0.0765625
3 0.73203125 0.87265625 0.075 0.084375
3 0.60390625 0.89375 0.06875 0.0796875
3 0.31953125 0.953125 0.0515625 0.0578125
3 0.19921875 0.971875 0.0546875 0.05625
3 0.16171875 0.94375 0.0625 0.0328125
2 0.1890625 0.825 0.1890625 0.084375
2 0.9453125 0.603125 0.109375 0.075
2 0.090625 0.58984375 0.1734375 0.1046875
3 0.06875 0.57265625 0.059375 0.0328125
3 0.046875 0.4640625 0.0296875 0.0421875
3 0.07109375 0.446875 0.0390625 0.04375
3 0.090625 0.42890625 0.040625 0.0515625
3 0.11953125 0.4109375 0.046875 0.0515625
3 0.1390625 0.39609375 0.0484375 0.0484375
3 0.79375 0.76328125 0.1328125 0.0625
3 0.55703125 0.90859375 0.0625 0.075
3 0.51484375 0.91640625 0.0609375 0.0703125
3 0.25 0.96640625 0.0453125 0.053125
3 0.28203125 0.959375 0.0515625 0.0609375
3 0.153125 0.97890625 0.053125 0.0421875
3 0.12265625 0.98125 0.0421875 0.0375
10 0.46171875 0.92265625 0.059375 0.0734375
10 0.4234375 0.93984375 0.05625 0.06875
10 0.2953125 0.8734375 0.0796875 0.0390625
10 0.22109375 0.8828125 0.065625 0.0390625
3 0.16015625 0.890625 0.065625 0.034375
6 0.10234375 0.91796875 0.0265625 0.015625
6 0.10078125 0.9359375 0.0140625 0.00625
6 0.1015625 0.93984375 0.0140625 0.0078125
6 0.09375 0.90859375 0.015625 0.009375
3 0.86796875 0.19296875 0.084375 0.0578125
2 0.70234375 0.23046875 0.15 0.06875
3 0.196875 0.35546875 0.05 0.040625
3 0.22734375 0.34296875 0.0484375 0.03125
4 0.00625 0.446875 0.0125 0.025
4 0.01171875 0.4421875 0.01875 0.0171875
4 0.3546875 0.4078125 0.034375 0.0234375
7 0.353125 0.403125 0.0171875 0.0109375
7 0.346875 0.40859375 0.01875 0.015625
6 0.1953125 0.9203125 0.028125 0.0140625
6 0.19921875 0.909375 0.0296875 0.015625
6 0.35859375 0.8859375 0.01875 0.009375
6 0.1046875 0.89375 0.0328125 0.015625
6 0.10625 0.865625 0.025 0.0125
6 0.09921875 0.8578125 0.021875 0.0109375
6 0.0984375 0.86171875 0.025 0.009375
6 0.234375 0.83828125 0.028125 0.0125
6 0.23515625 0.84375 0.0234375 0.0109375
6 0.2234375 0.8453125 0.0265625 0.0140625
6 0.31953125 0.8328125 0.028125 0.0125
6 0.3984375 0.87265625 0.0265625 0.01875
6 0.35546875 0.89453125 0.0234375 0.0140625
6 0.15859375 0.96328125 0.025 0.0125
6 0.14375 0.9609375 0.0265625 0.0140625
6 0.4109375 0.95625 0.0265625 0.015625
6 0.43046875 0.8953125 0.0234375 0.0125
7 0.45 0.88671875 0.0125 0.0078125
6 0.409375 0.87421875 0.0171875 0.009375
4 0.35546875 0.94453125 0.021875 0.028125
0 0.39375 0.9265625 0.0375 0.046875
1 0.50703125 0.81796875 0.0265625 0.01875
6 0.53515625 0.825 0.025 0.0140625
6 0.55390625 0.7703125 0.025 0.0140625
6 0.55625 0.7546875 0.0296875 0.0140625
6 0.49921875 0.8234375 0.025 0.0171875
6 0.32890625 0.82421875 0.0265625 0.015625
6 0.51953125 0.77734375 0.028125 0.0171875
6 0.89453125 0.66875 0.025 0.015625
6 0.7734375 0.7046875 0.0234375 0.0140625
6 0.86953125 0.778125 0.028125 0.021875
6 0.8390625 0.803125 0.025 0.0203125
6 0.82109375 0.796875 0.0265625 0.01875
6 0.73046875 0.70703125 0.021875 0.0171875
6 0.63359375 0.73203125 0.0265625 0.015625
6 0.6515625 0.7171875 0.028125 0.0171875
6 0.659375 0.734375 0.028125 0.015625
4 0.98671875 0.83203125 0.0265625 0.0421875