10 0.04765625 0.49296875 0.0921875 0.0859375
10 0.1828125 0.5984375 0.1140625 0.10625
0 0.1125 0.49375 0.0296875 0.0328125
0 0.25 0.528125 0.034375 0.03125
0 0.29296875 0.25859375 0.0203125 0.028125
0 0.3078125 0.26640625 0.028125 0.0296875
6 0.275 0.3421875 0.021875 0.0328125
3 0.26953125 0.4015625 0.0859375 0.0765625
0 0.2828125 0.29140625 0.05 0.0609375
6 0.58828125 0.296875 0.01875 0.0328125
6 0.5671875 0.39765625 0.01875 0.034375
3 0.6234375 0.5296875 0.08125 0.0828125
3 0.61484375 0.6515625 0.0921875 0.09375
3 0.6328125 0.4296875 0.0578125 0.0734375
3 0.64375 0.19921875 0.05 0.0546875
6 0.63046875 0.1421875 0.015625 0.028125
3 0.5390625 0.0390625 0.028125 0.040625
3 0.63671875 0.3484375 0.05 0.075
3 0.553125 0.8578125 0.1140625 0.159375
1 0.634375 0.69296875 0.03125 0.03125
1 0.65390625 0.66015625 0.025 0.0390625
1 0.65859375 0.659375 0.025 0.0421875
3 0.51875 0.0203125 0.0265625 0.0375