3 0.27578125 0.10234375 0.05 0.046875
3 0.3015625 0.121875 0.0453125 0.0421875
3 0.65625 0.12734375 0.025 0.0328125
3 0.63515625 0.14765625 0.021875 0.0328125
3 0.66015625 0.18203125 0.0203125 0.028125
10 0.5671875 0.15859375 0.021875 0.034375
6 0.51796875 0.26328125 0.0078125 0.015625
6 0.52265625 0.27734375 0.00625 0.0125
6 0.5390625 0.290625 0.00625 0.0125
3 0.83046875 0.1875 0.025 0.021875
3 0.678125 0.23671875 0.0140625 0.0171875
10 0.67578125 0.275 0.0125 0.0171875
3 0.6640625 0.2859375 0.0125 0.0171875
3 0.6640625 0.31015625 0.009375 0.0125
3 0.675 0.30859375 0.009375 0.0140625
3 0.67421875 0.32265625 0.009375 0.0109375
3 0.66484375 0.33125 0.009375 0.0109375
3 0.66796875 0.3421875 0.009375 0.0109375
3 0.659375 0.35234375 0.009375 0.0109375
3 0.665625 0.35625 0.00625 0.0078125
9 0.63046875 0.3296875 0.0109375 0.0171875
9 0.628125 0.35390625 0.0109375 0.015625
3 0.63359375 0.3828125 0.0046875 0.00625
3 0.6640625 0.3765625 0.0046875 0.00625
3 0.659375 0.375 0.0046875 0.00625
3 0.66328125 0.38203125 0.0046875 0.00625
3 0.65625 0.38359375 0.0046875 0.00625
3 0.6515625 0.40078125 0.0046875 0.00625