4 0.32421875 0.58359375 0.00703125 0.025
3 0.303125 0.5984375 0.0234375 0.06484375
10 0.3234375 0.48828125 0.0171875 0.06484375
3 0.41640625 0.21328125 0.02265625 0.0640625
10 0.515625 0.28125 0.01953125 0.0515625
3 0.58359375 0.25546875 0.03671875 0.03671875
3 0.58046875 0.2234375 0.03515625 0.034375
3 0.5640625 0.15390625 0.03671875 0.04375
3 0.5578125 0.12421875 0.0359375 0.03984375
10 0.54921875 0.0953125 0.03671875 0.04453125
3 0.54140625 0.071875 0.03359375 0.03359375
10 0.60390625 0.74140625 0.02421875 0.053125
10 0.26484375 0.23203125 0.02734375 0.0515625
3 0.37109375 0.12890625 0.021875 0.0703125
3 0.39140625 0.0515625 0.021875 0.05859375