3 0.2421875 0.59140625 0.01484375 0.0453125
3 0.2203125 0.89453125 0.02578125 0.10390625
3 0.44296875 0.4984375 0.02421875 0.02109375
3 0.33984375 0.47109375 0.028125 0.02109375
3 0.221875 0.434375 0.01171875 0.0234375
3 0.25390625 0.42890625 0.01171875 0.01953125
3 0.2515625 0.36796875 0.0078125 0.0140625
3 0.41015625 0.5515625 0.02734375 0.03203125
3 0.2390625 0.34609375 0.009375 0.01796875
3 0.221875 0.3 0.0078125 0.01328125
2 0.24375 0.45546875 0.02578125 0.06328125
2 0.2875 0.43046875 0.04453125 0.05625
3 0.20859375 0.23984375 0.00546875 0.009375
3 0.1921875 0.2265625 0.0046875 0.00625
3 0.18828125 0.21171875 0.00390625 0.00703125
3 0.184375 0.20625 0.00390625 0.00625
2 0.2453125 0.39765625 0.021875 0.04921875
2 0.2328125 0.36171875 0.01640625 0.040625
3 0.159375 0.4453125 0.01953125 0.03125
6 0.14609375 0.528125 0.00546875 0.01796875
6 0.13828125 0.49609375 0.00546875 0.01875
6 0.13359375 0.6109375 0.00625 0.01640625
6 0.11875 0.68203125 0.0078125 0.02109375
6 0.1125 0.6859375 0.0078125 0.02109375
7 0.1015625 0.66171875 0.00546875 0.0203125
1 0.10390625 0.6671875 0.0140625 0.01171875
6 0.13125 0.7984375 0.00859375 0.02421875
6 0.1375 0.7890625 0.00859375 0.02578125
7 0.065625 0.66328125 0.0078125 0.01328125
1 0.0671875 0.665625 0.01328125 0.0109375
6 0.38671875 0.48671875 0.00390625 0.01484375
6 0.38671875 0.471875 0.00390625 0.01484375
6 0.378125 0.4921875 0.00390625 0.0140625
7 0.325 0.5015625 0.00625 0.0109375
7 0.3828125 0.70234375 0.00703125 0.0140625
4 0.38359375 0.7109375 0.00703125 0.01953125
4 0.325 0.50625 0.00546875 0.0140625
6 0.375 0.4421875 0.00390625 0.0140625
6 0.36953125 0.4390625 0.00390625 0.01328125
6 0.340625 0.41796875 0.003125 0.0109375
6 0.33359375 0.4515625 0.00390625 0.01328125
6 0.34453125 0.4515625 0.00390625 0.01484375
10 0.353125 0.4140625 0.0125 0.03046875
3 0.39609375 0.43984375 0.0203125 0.0203125
3 0.4109375 0.4328125 0.01484375 0.025
3 0.4328125 0.428125 0.02109375 0.015625
3 0.428125 0.421875 0.0203125 0.0140625
3 0.42265625 0.4140625 0.01953125 0.01796875
3 0.47421875 0.409375 0.02109375 0.01796875
3 0.47890625 0.41640625 0.021875 0.01875
3 0.4859375 0.428125 0.02265625 0.0203125
3 0.43046875 0.47421875 0.02578125 0.01953125
3 0.43359375 0.48828125 0.025 0.02109375
3 0.4609375 0.45625 0.02578125 0.01796875
3 0.5 0.46015625 0.025 0.0203125
3 0.5671875 0.4734375 0.0265625 0.0203125
3 0.6046875 0.48984375 0.02890625 0.0203125
3 0.4921875 0.4859375 0.02578125 0.01953125
10 0.47734375 0.4703125 0.03125 0.02578125
2 0.5609375 0.4359375 0.05078125 0.040625
6 0.4453125 0.41875 0.00234375 0.01484375
1 0.57109375 0.5515625 0.009375 0.01015625
6 0.5703125 0.54765625 0.00703125 0.01171875
6 0.46875 0.84140625 0.0078125 0.025
7 0.46328125 0.72578125 0.01015625 0.02109375
7 0.4625 0.64921875 0.00703125 0.01171875
7 0.4609375 0.6765625 0.0078125 0.015625
7 0.4640625 0.64375 0.00625 0.01484375