3 0.33359375 0.9140625 0.0203125 0.0421875
3 0.3484375 0.84609375 0.0171875 0.03125
3 0.30390625 0.81171875 0.01875 0.0390625
3 0.3375 0.80390625 0.01875 0.0375
3 0.29375 0.76953125 0.01875 0.0390625
3 0.325 0.76015625 0.01875 0.0390625
3 0.3140625 0.71484375 0.01875 0.0375
3 0.26953125 0.67890625 0.0203125 0.0390625
3 0.3 0.6640625 0.01875 0.0390625
3 0.25625 0.63125 0.021875 0.0375
3 0.234375 0.3953125 0.0203125 0.0421875
3 0.3234375 0.43828125 0.0234375 0.0375
9 0.484375 0.95625 0.0375 0.0875
9 0.55546875 0.9328125 0.03125 0.075
9 0.35390625 0.35390625 0.0359375 0.0375
3 0.3125 0.27109375 0.025 0.040625
10 0.334375 0.26796875 0.0265625 0.0234375
9 0.26484375 0.24140625 0.01875 0.040625
9 0.33671875 0.0890625 0.0296875 0.05625
4 0.42421875 0.06015625 0.0109375 0.0203125
3 0.5203125 0.278125 0.0234375 0.0234375
3 0.534375 0.31484375 0.0265625 0.0234375
3 0.54296875 0.33203125 0.0265625 0.0234375
3 0.55 0.35625 0.0234375 0.0203125
3 0.55703125 0.3875 0.025 0.0265625
3 0.56796875 0.440625 0.0265625 0.0234375
3 0.578125 0.465625 0.0234375 0.0203125
3 0.5828125 0.49375 0.0265625 0.0234375
3 0.5828125 0.63125 0.0171875 0.0359375
3 0.62734375 0.6234375 0.01875 0.0375
3 0.7484375 0.8328125 0.0265625 0.025
9 0.76328125 0.8828125 0.028125 0.0265625
2 0.634375 0.82578125 0.0421875 0.0921875
4 0.55703125 0.36875 0.0109375 0.0109375
4 0.5546875 0.57265625 0.0078125 0.015625
6 0.6015625 0.66953125 0.00625 0.0078125
6 0.59140625 0.62421875 0.0046875 0.00625
6 0.5890625 0.61484375 0.00625 0.0078125
6 0.5859375 0.61015625 0.00625 0.0078125
6 0.6703125 0.640625 0.0078125 0.0078125
4 0.71484375 0.72421875 0.0109375 0.0109375
4 0.72578125 0.7265625 0.0109375 0.0109375
4 0.728125 0.73515625 0.0109375 0.0078125
4 0.71875 0.8828125 0.009375 0.0171875
6 0.68125 0.9265625 0.00625 0.0109375
6 0.68671875 0.921875 0.00625 0.0109375
6 0.6890625 0.93203125 0.0046875 0.009375
4 0.528125 0.93671875 0.0078125 0.015625
4 0.55078125 0.9921875 0.0078125 0.015625
3 0.01796875 0.278125 0.0265625 0.028125
3 0.00546875 0.18125 0.0109375 0.03125