3 0.1359375 0.73515625 0.0515625 0.04609375
2 0.10546875 0.06328125 0.00625 0.01328125
3 0.13046875 0.08828125 0.00625 0.01015625
3 0.12421875 0.0984375 0.00546875 0.01015625
3 0.10078125 0.0953125 0.00859375 0.00703125
3 0.1 0.10546875 0.01015625 0.00625
3 0.10078125 0.11328125 0.00859375 0.00546875
3 0.1015625 0.1234375 0.00703125 0.00703125
3 0.10078125 0.1359375 0.0046875 0.009375
3 0.12578125 0.13203125 0.00625 0.009375
3 0.12578125 0.20390625 0.00703125 0.01328125
3 0.128125 0.16484375 0.00546875 0.01328125
3 0.09765625 0.19375 0.00703125 0.01171875
3 0.03984375 0.2 0.003125 0.00703125
3 0.04921875 0.20078125 0.00390625 0.00703125
3 0.08046875 0.2125 0.01328125 0.00859375
3 0.08125 0.22265625 0.01640625 0.01171875
3 0.0796875 0.22734375 0.01640625 0.01171875
3 0.08046875 0.2390625 0.01640625 0.01171875
3 0.075 0.26171875 0.01875 0.01640625
3 0.07578125 0.271875 0.01796875 0.01484375
3 0.07421875 0.28515625 0.02109375 0.01484375
3 0.0734375 0.29453125 0.02109375 0.01328125
3 0.07421875 0.303125 0.01796875 0.01328125
3 0.090625 0.3171875 0.00859375 0.015625
3 0.08046875 0.2453125 0.01953125 0.01484375
6 0.0421875 0.2625 0.00234375 0.01015625
6 0.03828125 0.2609375 0.003125 0.0109375
6 0.02578125 0.31015625 0.00390625 0.01640625
6 0.02265625 0.309375 0.00390625 0.01328125
6 0.03984375 0.32265625 0.00234375 0.01171875
6 0.03671875 0.32578125 0.003125 0.01328125
6 0.0421875 0.3390625 0.00390625 0.01796875
6 0.03828125 0.3390625 0.00234375 0.01171875
4 0.059375 0.28203125 0.00703125 0.009375
4 0.0578125 0.2921875 0.00703125 0.00859375
10 0.0875 0.33828125 0.01953125 0.0234375
3 0.0453125 0.4078125 0.02734375 0.02109375
3 0.05703125 0.39140625 0.015625 0.0140625
3 0.0546875 0.3765625 0.01484375 0.01484375
3 0.0796875 0.37578125 0.01640625 0.01484375
6 0.03671875 0.440625 0.00390625 0.01328125
6 0.03125 0.4421875 0.0046875 0.01953125
6 0.00859375 0.6421875 0.003125 0.015625
3 0.11171875 0.69296875 0.04921875 0.04296875
6 0.02578125 0.92578125 0.00703125 0.03203125
6 0.053125 0.95625 0.009375 0.028125
10 0.16015625 0.5015625 0.01484375 0.03984375
6 0.20703125 0.53984375 0.003125 0.01875
3 0.1375 0.2234375 0.01015625 0.01953125
3 0.13828125 0.15390625 0.00859375 0.01171875
3 0.13515625 0.13046875 0.00703125 0.01171875
3 0.15390625 0.0484375 0.003125 0.00546875
3 0.15 0.03203125 0.00234375 0.00703125
3 0.14765625 0.0234375 0.00234375 0.00546875
3 0.17578125 0.12890625 0.00546875 0.009375
3 0.18671875 0.11015625 0.00390625 0.00703125
3 0.1859375 0.16484375 0.00703125 0.0109375
3 0.2 0.21875 0.00546875 0.009375
3 0.2046875 0.2296875 0.00703125 0.0109375
3 0.209375 0.25078125 0.00625 0.0140625
3 0.2140625 0.26484375 0.0078125 0.01484375
3 0.21875 0.2828125 0.00859375 0.015625
3 0.2234375 0.3015625 0.01015625 0.01875
3 0.234375 0.3390625 0.01171875 0.01953125
3 0.23984375 0.359375 0.0125 0.0203125
3 0.24609375 0.37890625 0.01171875 0.01953125
6 0.27109375 0.3171875 0.00234375 0.01171875
6 0.27421875 0.321875 0.00234375 0.0109375
6 0.27578125 0.328125 0.0015625 0.01015625
6 0.259375 0.309375 0.0015625 0.01015625
6 0.2796875 0.3390625 0.0015625 0.01015625
6 0.28203125 0.3515625 0.00234375 0.0109375
6 0.2609375 0.31796875 0.00234375 0.00859375
6 0.26328125 0.325 0.00078125 0.009375
6 0.2640625 0.33125 0.0015625 0.0109375
6 0.2671875 0.3359375 0.0015625 0.01015625
6 0.27109375 0.3484375 0.00234375 0.00859375
6 0.2734375 0.3515625 0.0015625 0.00703125
6 0.27578125 0.37734375 0.00234375 0.01171875
6 0.2765625 0.35859375 0.0015625 0.01015625
4 0.2625 0.42578125 0.00546875 0.015625
4 0.253125 0.4515625 0.0046875 0.01640625
4 0.2546875 0.46796875 0.00546875 0.01640625
4 0.2640625 0.496875 0.00546875 0.015625
3 0.271875 0.47109375 0.015625 0.03203125
4 0.2265625 0.55625 0.0109375 0.01484375
4 0.2453125 0.621875 0.01171875 0.01953125
4 0.26328125 0.859375 0.01953125 0.02890625
3 0.26640625 0.94296875 0.03046875 0.05859375
6 0.3328125 0.8109375 0.0046875 0.01953125
3 0.2859375 0.56953125 0.03203125 0.0359375
6 0.34609375 0.52421875 0.00234375 0.01640625
6 0.34140625 0.521875 0.00234375 0.01484375
6 0.31796875 0.5 0.00390625 0.01484375
6 0.31484375 0.5046875 0.003125 0.01484375
6 0.33671875 0.48359375 0.003125 0.0140625
6 0.3078125 0.42421875 0.00390625 0.01640625
3 0.315625 0.44765625 0.01640625 0.03046875
6 0.29140625 0.3984375 0.00234375 0.01796875
6 0.3296875 0.39921875 0.00390625 0.01796875
6 0.3359375 0.41796875 0.00234375 0.01484375
6 0.35 0.42109375 0.00390625 0.015625
6 0.3421875 0.40546875 0.00546875 0.01328125
6 0.340625 0.39140625 0.00390625 0.0140625
6 0.34921875 0.39453125 0.00234375 0.01875
6 0.35390625 0.39609375 0.00234375 0.01171875
6 0.3546875 0.41015625 0.00234375 0.01484375
6 0.284375 0.3140625 0.00234375 0.0140625
6 0.2921875 0.32578125 0.00234375 0.01328125
6 0.3609375 0.40078125 0.00234375 0.0140625
6 0.36484375 0.39375 0.003125 0.01328125
6 0.359375 0.37734375 0.0015625 0.01015625
6 0.36484375 0.37890625 0.00234375 0.01015625
6 0.37421875 0.40546875 0.003125 0.01796875
6 0.36875 0.41640625 0.00234375 0.01328125
6 0.365625 0.42265625 0.00234375 0.0140625
6 0.37890625 0.4203125 0.00234375 0.01875
6 0.38046875 0.38359375 0.00234375 0.0140625
6 0.390625 0.3984375 0.00234375 0.01796875
6 0.3875 0.409375 0.00234375 0.01640625
6 0.40078125 0.41171875 0.00234375 0.01640625
6 0.39375 0.42578125 0.00234375 0.01171875
6 0.375 0.5171875 0.00234375 0.0140625
6 0.3453125 0.46484375 0.00234375 0.01328125
4 0.37734375 0.58046875 0.01171875 0.0140625
3 0.3515625 0.6140625 0.0375 0.040625
4 0.4 0.65625 0.01328125 0.01640625
3 0.44765625 0.71640625 0.02265625 0.065625
3 0.43046875 0.57890625 0.03515625 0.03515625
10 0.45078125 0.54453125 0.028125 0.03125
4 0.4375 0.5265625 0.01171875 0.01171875
4 0.4203125 0.528125 0.00859375 0.02109375
6 0.44375 0.465625 0.003125 0.01484375
6 0.46171875 0.40546875 0.003125 0.0109375
3 0.43984375 0.41328125 0.02109375 0.025
3 0.4578125 0.42734375 0.02578125 0.0234375
3 0.496875 0.67734375 0.0171875 0.053125
6 0.52421875 0.803125 0.00390625 0.02109375
6 0.5171875 0.79609375 0.0046875 0.0203125
3 0.5578125 0.65234375 0.01640625 0.04140625
4 0.53515625 0.625 0.009375 0.02578125
4 0.565625 0.615625 0.01171875 0.025
4 0.571875 0.609375 0.00859375 0.0234375
4 0.57890625 0.60859375 0.00859375 0.0234375
3 0.55 0.53359375 0.0375 0.034375
3 0.58984375 0.5140625 0.03515625 0.03046875
4 0.59453125 0.478125 0.01015625 0.015625
6 0.5484375 0.42578125 0.00234375 0.01171875
6 0.5765625 0.41015625 0.00390625 0.01484375
4 0.54921875 0.47109375 0.00859375 0.015625
4 0.60859375 0.44609375 0.00859375 0.01796875
3 0.65546875 0.4484375 0.03671875 0.02578125
3 0.6375 0.4953125 0.03203125 0.03125
3 0.69296875 0.46796875 0.02890625 0.0265625
3 0.70078125 0.43046875 0.034375 0.0296875
6 0.69140625 0.37578125 0.00234375 0.01328125
3 0.69921875 0.3625 0.009375 0.015625
7 0.59375 0.47578125 0.00703125 0.00625
7 0.2625 0.42265625 0.00390625 0.00859375
7 0.253125 0.44921875 0.00390625 0.0109375
7 0.25546875 0.465625 0.00390625 0.00859375
7 0.26484375 0.4921875 0.00390625 0.00859375
7 0.22734375 0.5515625 0.0046875 0.015625
7 0.26328125 0.85234375 0.01328125 0.01796875
7 0.24765625 0.61640625 0.00546875 0.01328125
7 0.4375 0.51875 0.00390625 0.0140625
7 0.42109375 0.521875 0.00546875 0.0140625
7 0.37890625 0.57578125 0.00546875 0.01796875
7 0.40078125 0.65234375 0.0078125 0.0140625