3 0.009375 0.4015625 0.01875 0.10625
3 0.04609375 0.6375 0.0890625 0.1375
3 0.05546875 0.565625 0.1078125 0.1359375
3 0.0875 0.49453125 0.109375 0.13125
3 0.1171875 0.4421875 0.0984375 0.121875
3 0.29375 0.47890625 0.1203125 0.1421875
3 0.184375 0.4140625 0.1203125 0.1453125
6 0.2890625 0.38359375 0.025 0.0453125
6 0.27109375 0.41171875 0.0296875 0.05
6 0.17421875 0.334375 0.0265625 0.0390625
8 0.22109375 0.3546875 0.0359375 0.046875
7 0.203125 0.334375 0.0234375 0.0390625
6 0.134375 0.340625 0.03125 0.046875
6 0.14375 0.2953125 0.0296875 0.0515625
3 0.06796875 0.24921875 0.0921875 0.096875
3 0.30390625 0.065625 0.071875 0.065625
3 0.34296875 0.0453125 0.0625 0.0515625
10 0.3265625 0.17265625 0.1046875 0.1171875
3 0.37890625 0.14296875 0.09375 0.0984375
3 0.46640625 0.23203125 0.1140625 0.1140625
3 0.59765625 0.2171875 0.11875 0.1296875
3 0.634375 0.3046875 0.1171875 0.1546875
6 0.6125 0.5859375 0.0453125 0.06875
6 0.6421875 0.534375 0.046875 0.0625
6 0.3765625 0.415625 0.0296875 0.053125
6 0.37890625 0.79296875 0.0328125 0.05
3 0.38828125 0.3703125 0.121875 0.153125