3 0.38046875 0.76875 0.059375 0.06640625
3 0.28671875 0.76796875 0.0390625 0.06953125
3 0.30703125 0.69921875 0.03125 0.0609375
3 0.328125 0.615625 0.01953125 0.04296875
3 0.34140625 0.55 0.01484375 0.028125
3 0.14609375 0.65 0.03515625 0.0484375
3 0.04140625 0.78828125 0.06484375 0.09375
3 0.0203125 0.6515625 0.02578125 0.04609375
3 0.35703125 0.4875 0.01328125 0.015625
10 0.38203125 0.71953125 0.05078125 0.046875
3 0.3875 0.68828125 0.04609375 0.034375
3 0.3953125 0.64765625 0.0515625 0.03203125
3 0.40859375 0.61953125 0.04375 0.0265625
3 0.40859375 0.59609375 0.04140625 0.02578125
3 0.41015625 0.58203125 0.03046875 0.02421875
3 0.41328125 0.56953125 0.0328125 0.0296875
3 0.3984375 0.5515625 0.03671875 0.025
10 0.39921875 0.5328125 0.03046875 0.02890625
3 0.3171875 0.659375 0.028125 0.04296875
3 0.0859375 0.584375 0.03359375 0.034375
3 0.12578125 0.5578125 0.01875 0.03984375
3 0.35859375 0.4765625 0.01640625 0.0140625
3 0.3609375 0.46796875 0.01640625 0.0140625
3 0.36328125 0.459375 0.01640625 0.0140625
3 0.36328125 0.453125 0.01640625 0.0140625
3 0.36484375 0.44765625 0.01640625 0.0140625
3 0.3703125 0.44375 0.01328125 0.01328125
3 0.37109375 0.43671875 0.01328125 0.01328125
3 0.37109375 0.43125 0.0125 0.01328125
3 0.3375 0.48203125 0.01328125 0.01953125
3 0.34375 0.47109375 0.009375 0.01484375
3 0.3484375 0.45859375 0.009375 0.01484375
3 0.34765625 0.52890625 0.01640625 0.0296875
3 0.353125 0.5140625 0.0171875 0.0234375
3 0.40625 0.52421875 0.02734375 0.01875
3 0.4109375 0.515625 0.02734375 0.01875
3 0.40078125 0.50703125 0.02734375 0.01875
3 0.4015625 0.49921875 0.02734375 0.01875
3 0.31484375 0.546875 0.01640625 0.02421875
3 0.29375 0.56640625 0.01953125 0.0296875
3 0.2703125 0.5984375 0.01953125 0.03671875
3 0.2921875 0.603125 0.02109375 0.0359375
3 0.32421875 0.528125 0.0140625 0.021875
3 0.33046875 0.51328125 0.01328125 0.0203125
3 0.2921875 0.44140625 0.01171875 0.01875
3 0.34375 0.409375 0.0078125 0.009375
3 0.33828125 0.396875 0.00703125 0.009375
3 0.3296875 0.39453125 0.00703125 0.01015625
3 0.315625 0.39375 0.0078125 0.009375
3 0.29453125 0.41875 0.009375 0.01328125
3 0.284375 0.43046875 0.00859375 0.01171875
3 0.24453125 0.46953125 0.01328125 0.02109375
3 0.2203125 0.4953125 0.01640625 0.02578125
3 0.1359375 0.53671875 0.028125 0.03359375
3 0.15546875 0.51796875 0.028125 0.03359375
3 0.1765625 0.5046875 0.02109375 0.028125
3 0.20546875 0.48125 0.01484375 0.02421875
3 0.21875 0.4734375 0.01484375 0.02421875
3 0.2484375 0.446875 0.0171875 0.01484375
3 0.253125 0.440625 0.0171875 0.01484375
3 0.26015625 0.434375 0.0171875 0.01484375
10 0.29375 0.40546875 0.0140625 0.0140625
6 0.01328125 0.628125 0.009375 0.0296875
3 0.10390625 0.65703125 0.04140625 0.0546875
3 0.1046875 0.69921875 0.04609375 0.06484375
3 0.0265625 0.7453125 0.053125 0.08125
7 0.23671875 0.49453125 0.00390625 0.01015625
5 0.2375 0.5 0.0078125 0.01640625
3 0.33984375 0.38046875 0.00390625 0.00859375
3 0.3453125 0.3765625 0.0046875 0.00703125
3 0.34296875 0.359375 0.00390625 0.00546875
3 0.34609375 0.36875 0.003125 0.00546875
3 0.3390625 0.36875 0.00234375 0.00546875
3 0.340625 0.371875 0.00390625 0.00546875
6 0.42734375 0.484375 0.00390625 0.01640625
6 0.43828125 0.48828125 0.00390625 0.01796875
6 0.428125 0.53828125 0.00390625 0.01953125
6 0.43671875 0.534375 0.00546875 0.02109375
1 0.434375 0.5390625 0.00546875 0.01953125
6 0.4296875 0.453125 0.00390625 0.01484375
6 0.42265625 0.41953125 0.00234375 0.01015625
4 0.42734375 0.44375 0.00390625 0.01015625
6 0.415625 0.415625 0.00234375 0.01015625
6 0.42421875 0.76953125 0.00859375 0.04375
5 0.37109375 0.809375 0.02890625 0.0390625
1 0.45703125 0.68671875 0.0203125 0.0234375
1 0.45 0.72265625 0.0140625 0.03046875
6 0.36875 0.88828125 0.0125 0.053125
6 0.26796875 0.853125 0.01171875 0.0515625
7 0.26953125 0.84296875 0.00703125 0.02109375
6 0.4828125 0.91953125 0.01484375 0.04921875
6 0.503125 0.8796875 0.0125 0.0515625
6 0.5203125 0.84375 0.01171875 0.053125
6 0.5140625 0.94609375 0.0109375 0.0515625
6 0.53984375 0.92890625 0.0125 0.053125
6 0.45625 0.95625 0.01015625 0.0296875
6 0.53671875 0.9515625 0.01171875 0.0390625
1 0.24609375 0.92421875 0.025 0.03046875
6 0.32578125 0.96171875 0.01328125 0.02109375
4 0.37265625 0.90546875 0.03515625 0.04453125