3 0.85 0.00546875 0.025 0.0109375
3 0.74296875 0.01796875 0.040625 0.025
3 0.83671875 0.02109375 0.0296875 0.01875
3 0.76796875 0.06484375 0.0296875 0.01875
3 0.790625 0.0625 0.028125 0.01875
3 0.8078125 0.05859375 0.01875 0.01875
3 0.82109375 0.0578125 0.0296875 0.021875
3 0.8375 0.05703125 0.028125 0.01875
2 0.75 0.1046875 0.1015625 0.0859375
3 0.8609375 0.1 0.021875 0.0171875
3 0.8875 0.08359375 0.015625 0.0125
3 0.81171875 0.09921875 0.028125 0.0234375
6 0.89921875 0.11484375 0.021875 0.0109375
2 0.87109375 0.13828125 0.0484375 0.0296875
3 0.840625 0.1546875 0.025 0.0171875
4 0.771875 0.16875 0.0203125 0.0140625
7 0.78203125 0.16484375 0.0171875 0.009375
7 0.834375 0.2078125 0.0234375 0.0109375
7 0.68515625 0.2453125 0.0359375 0.0171875
7 0.78203125 0.271875 0.025 0.0125
7 0.78828125 0.2453125 0.025 0.0125
7 0.7890625 0.23984375 0.0265625 0.0125
7 0.75546875 0.24609375 0.028125 0.0140625
3 0.8796875 0.23828125 0.03125 0.0390625
3 0.79609375 0.353125 0.040625 0.04375
3 0.775 0.38359375 0.04375 0.0515625
6 0.92421875 0.50234375 0.0203125 0.0109375
9 0.66015625 0.4765625 0.084375 0.0953125
9 0.59921875 0.53984375 0.103125 0.1109375
3 0.65078125 0.6453125 0.0578125 0.0609375
3 0.525 0.4515625 0.065625 0.0796875
9 0.63984375 0.37890625 0.0578125 0.06875
6 0.5375 0.3734375 0.0375 0.0171875
6 0.603125 0.38984375 0.034375 0.0140625
6 0.59453125 0.4078125 0.0328125 0.015625
4 0.596875 0.40234375 0.0265625 0.0234375
6 0.61015625 0.39921875 0.0265625 0.015625
6 0.521875 0.31796875 0.0375 0.015625
2 0.22890625 0.5 0.446875 0.259375