3 0.13671875 0.8328125 0.0671875 0.109375
3 0.3453125 0.94609375 0.10625 0.1078125
7 0.23359375 0.98515625 0.0203125 0.0296875
4 0.23515625 0.98671875 0.0421875 0.0265625
3 0.25078125 0.73359375 0.0875 0.1109375
3 0.37265625 0.73046875 0.0828125 0.096875
3 0.52890625 0.896875 0.109375 0.1203125
1 0.346875 0.89765625 0.0265625 0.0375
10 0.35390625 0.565625 0.0609375 0.0796875
6 0.33203125 0.5328125 0.0140625 0.0359375
3 0.23046875 0.47109375 0.05625 0.05625
3 0.16328125 0.48359375 0.0546875 0.0546875
6 0.15625 0.5109375 0.0171875 0.0359375
3 0.06953125 0.540625 0.053125 0.065625
3 0.8 0.79765625 0.1078125 0.1046875
3 0.815625 0.7046875 0.1046875 0.0921875
3 0.85234375 0.57265625 0.071875 0.0734375
3 0.94609375 0.61328125 0.08125 0.0796875
3 0.93359375 0.70546875 0.1046875 0.1078125
3 0.64296875 0.60078125 0.0859375 0.0859375
3 0.68515625 0.51953125 0.0765625 0.0625
3 0.69296875 0.48359375 0.075 0.0546875
3 0.84375 0.35078125 0.0421875 0.05625
3 0.8765625 0.35625 0.0390625 0.0546875
3 0.95 0.3671875 0.04375 0.0640625
3 0.6390625 0.275 0.034375 0.04375
3 0.66875 0.27265625 0.034375 0.0421875
3 0.70625 0.3328125 0.0546875 0.0421875
3 0.709375 0.309375 0.0515625 0.040625
3 0.4671875 0.721875 0.0734375 0.09375
3 0.54296875 0.6125 0.053125 0.0828125
3 0.57109375 0.565625 0.05 0.065625
3 0.59296875 0.52578125 0.04375 0.0640625
3 0.61953125 0.48046875 0.0484375 0.0734375
10 0.6359375 0.44921875 0.040625 0.0609375
6 0.61640625 0.37109375 0.0125 0.0328125
3 0.525 0.496875 0.0484375 0.0671875
3 0.54921875 0.459375 0.0484375 0.0640625
7 0.56484375 0.47578125 0.0140625 0.0328125
4 0.56484375 0.484375 0.0203125 0.028125
1 0.80390625 0.328125 0.025 0.0265625
4 0.55234375 0.3671875 0.015625 0.0265625
7 0.55078125 0.35859375 0.0109375 0.0296875
3 0.51484375 0.2125 0.0328125 0.0328125
3 0.44765625 0.21796875 0.0359375 0.0390625
10 0.42265625 0.23828125 0.034375 0.0421875
3 0.4640625 0.18515625 0.0359375 0.0328125
3 0.4953125 0.17421875 0.0328125 0.0359375
3 0.52265625 0.14609375 0.028125 0.028125
9 0.340625 0.303125 0.0625 0.0734375
3 0.30859375 0.35078125 0.0453125 0.04375
10 0.353125 0.38046875 0.04375 0.0484375
9 0.1109375 0.46875 0.071875 0.08125
3 0.084375 0.48125 0.05625 0.0578125
9 0.05859375 0.46484375 0.075 0.0875
3 0.0359375 0.465625 0.0421875 0.0609375
4 0.01953125 0.4203125 0.0171875 0.0203125
4 0.0140625 0.41875 0.0203125 0.028125
4 0.00703125 0.415625 0.0140625 0.028125
3 0.2671875 0.3875 0.0140625 0.025
3 0.275 0.38359375 0.0140625 0.0265625
3 0.28125 0.375 0.0125 0.025
1 0.2828125 0.3234375 0.0125 0.0203125
3 0.3921875 0.23359375 0.0125 0.0203125
3 0.71171875 0.2 0.0296875 0.034375
3 0.72734375 0.17578125 0.0296875 0.03125
3 0.73984375 0.15703125 0.028125 0.0328125
3 0.753125 0.13515625 0.025 0.028125
3 0.740625 0.10703125 0.021875 0.03125
3 0.753125 0.04140625 0.01875 0.0265625
3 0.725 0.2859375 0.03125 0.0296875
3 0.7875 0.1390625 0.0234375 0.034375
3 0.67578125 0.121875 0.0265625 0.03125
7 0.59609375 0.2078125 0.00625 0.0203125
1 0.5953125 0.21328125 0.0109375 0.0171875
7 0.70859375 0.13203125 0.00625 0.01875
4 0.7078125 0.13671875 0.0109375 0.015625
3 0.70625 0.078125 0.0265625 0.0375
7 0.75 0.06640625 0.00625 0.0140625
4 0.75078125 0.06953125 0.0078125 0.0140625
3 0.7734375 0.059375 0.0171875 0.0234375
3 0.7640625 0.1171875 0.0203125 0.028125
3 0.7734375 0.09921875 0.021875 0.0296875
3 0.61015625 0.10703125 0.0234375 0.025
3 0.6765625 0.0296875 0.021875 0.028125
6 0.78046875 0.0296875 0.009375 0.01875
3 0.79140625 0.065625 0.015625 0.0234375
3 0.79921875 0.046875 0.015625 0.0234375
3 0.803125 0.03125 0.0171875 0.0234375
3 0.759375 0.0046875 0.015625 0.009375
3 0.60078125 0.06953125 0.021875 0.021875
6 0.57578125 0.1203125 0.0078125 0.015625
4 0.5765625 0.12421875 0.0109375 0.0171875
6 0.58515625 0.08125 0.009375 0.021875
6 0.6140625 0.06015625 0.00625 0.01875
6 0.61875 0.05859375 0.00625 0.01875
6 0.56484375 0.07578125 0.00625 0.01875
6 0.57109375 0.09921875 0.0078125 0.01875
1 0.5734375 0.10234375 0.0109375 0.0140625
9 0.51015625 0.1203125 0.03125 0.0296875
3 0.57578125 0.05390625 0.015625 0.021875
10 0.59375 0.04375 0.025 0.0265625
10 0.65 0.025 0.015625 0.0265625
3 0.6375 0.02890625 0.01875 0.0234375
3 0.65390625 0.02109375 0.021875 0.021875
3 0.6578125 0.0140625 0.0171875 0.015625
6 0.6734375 0.01171875 0.00625 0.015625
6 0.66875 0.01640625 0.0046875 0.0140625
9 0.33359375 0.24375 0.084375 0.075