3 0.3453125 0.634375 0.034375 0.1359375
3 0.41484375 0.4609375 0.03515625 0.11015625
3 0.42734375 0.353125 0.02890625 0.08359375
3 0.42734375 0.26875 0.02578125 0.0734375
3 0.31875 0.14375 0.0265625 0.05859375
3 0.30625 0.2078125 0.03203125 0.06171875
10 0.365625 0.159375 0.03046875 0.07578125
9 0.41171875 0.609375 0.03984375 0.15859375
9 0.2890625 0.28828125 0.05546875 0.11953125
9 0.4359375 0.17421875 0.03515625 0.103125
9 0.44296875 0.06171875 0.03359375 0.1203125
6 0.50859375 0.10546875 0.01015625 0.03125
6 0.5015625 0.57734375 0.01171875 0.04140625
6 0.18515625 0.540625 0.015625 0.03203125
4 0.20390625 0.56328125 0.03203125 0.0484375
4 0.165625 0.61640625 0.03203125 0.0390625
7 0.2078125 0.5578125 0.0171875 0.02890625
6 0.28125 0.21328125 0.00859375 0.03359375
6 0.26953125 0.209375 0.00859375 0.034375
6 0.2234375 0.4015625 0.0078125 0.0234375
6 0.23515625 0.3921875 0.00625 0.0234375
6 0.22734375 0.39375 0.00859375 0.03515625