3 0.09765625 0.41171875 0.01796875 0.034375
3 0.4359375 0.440625 0.0125 0.03125
2 0.4015625 0.27109375 0.0140625 0.06328125
3 0.496875 0.32109375 0.01171875 0.028125
3 0.40625 0.20078125 0.00703125 0.015625
3 0.390625 0.04609375 0.00625 0.01015625
3 0.37578125 0.02265625 0.00546875 0.00859375
9 0.35078125 0.0078125 0.015625 0.015625
3 0.68203125 0.55859375 0.02421875 0.03515625
9 0.5859375 0.57421875 0.03359375 0.0859375
9 0.5671875 0.4984375 0.01796875 0.046875
10 0.2609375 0.18203125 0.01015625 0.015625