3 0.44140625 0.0515625 0.0078125 0.0109375
3 0.44609375 0.0546875 0.0125 0.0125
3 0.4578125 0.05625 0.0140625 0.0125
3 0.459375 0.05234375 0.0109375 0.0109375
3 0.4546875 0.090625 0.0140625 0.0125
4 0.4625 0.06875 0.0078125 0.0078125
6 0.5125 0.13359375 0.0046875 0.00625
6 0.49453125 0.1390625 0.0046875 0.00625
9 0.5234375 0.14140625 0.040625 0.0328125
10 0.5296875 0.1734375 0.021875 0.0203125
3 0.55546875 0.16640625 0.021875 0.0203125
4 0.52109375 0.2640625 0.0078125 0.0140625
4 0.5296875 0.253125 0.009375 0.0140625
4 0.5359375 0.24609375 0.009375 0.0140625
4 0.54453125 0.24375 0.009375 0.015625
4 0.546875 0.240625 0.009375 0.0125
4 0.54765625 0.23515625 0.009375 0.0125
4 0.55078125 0.23125 0.00625 0.0125
4 0.56875 0.21875 0.00625 0.0125
4 0.57265625 0.21640625 0.009375 0.015625
4 0.57890625 0.21640625 0.00625 0.0140625
4 0.5828125 0.21640625 0.00625 0.0125
4 0.5859375 0.21953125 0.0078125 0.015625
4 0.59140625 0.2203125 0.0078125 0.015625
3 0.54375 0.30859375 0.0328125 0.0296875
9 0.55390625 0.33046875 0.0359375 0.03125
9 0.55859375 0.34765625 0.0390625 0.0328125
3 0.56328125 0.3640625 0.034375 0.03125
3 0.6140625 0.334375 0.025 0.0328125
4 0.62109375 0.296875 0.0140625 0.0125
4 0.61328125 0.303125 0.0109375 0.0109375
4 0.6140625 0.309375 0.0109375 0.0109375
4 0.61640625 0.31484375 0.0109375 0.0109375
4 0.625 0.3046875 0.0140625 0.0125
4 0.62890625 0.3109375 0.0140625 0.0125
4 0.63515625 0.31875 0.015625 0.0140625
4 0.63671875 0.3265625 0.0109375 0.0109375
4 0.64140625 0.33125 0.0125 0.0140625
3 0.57265625 0.39140625 0.034375 0.03125
10 0.5828125 0.4046875 0.0421875 0.0421875
3 0.59375 0.42734375 0.040625 0.034375
9 0.60546875 0.44765625 0.04375 0.0375
3 0.60859375 0.471875 0.0453125 0.04375
10 0.62265625 0.49453125 0.0421875 0.0421875
3 0.63515625 0.5140625 0.0375 0.0359375
3 0.64375 0.5359375 0.0390625 0.0390625
3 0.65703125 0.5625 0.0390625 0.0421875
4 0.67734375 0.3859375 0.0171875 0.021875
0 0.6765625 0.428125 0.0171875 0.03125
4 0.6984375 0.4296875 0.015625 0.0171875
4 0.69921875 0.44140625 0.015625 0.015625
3 0.7125 0.45390625 0.0421875 0.0390625
3 0.7234375 0.47578125 0.0328125 0.0375
3 0.73828125 0.49921875 0.0421875 0.0421875
3 0.7515625 0.51953125 0.0421875 0.0421875
3 0.76953125 0.546875 0.040625 0.0453125
3 0.78515625 0.57265625 0.04375 0.0453125
3 0.8 0.603125 0.040625 0.0453125
3 0.6859375 0.63828125 0.05625 0.0546875
3 0.703125 0.6765625 0.0609375 0.0578125
3 0.93203125 0.80625 0.05625 0.0625
4 0.92421875 0.84375 0.0328125 0.03125
4 0.9515625 0.83515625 0.03125 0.0296875
3 0.95390625 0.846875 0.0578125 0.0390625
7 0.45625 0.25078125 0.00625 0.009375
4 0.4578125 0.25546875 0.009375 0.0140625
9 0.4453125 0.4828125 0.04375 0.0828125
9 0.5453125 0.5109375 0.040625 0.0765625
9 0.32734375 0.20078125 0.025 0.0296875
3 0.296875 0.171875 0.01875 0.015625