3 0.2296875 0.7109375 0.0171875 0.01875
3 0.1875 0.69921875 0.0140625 0.0125
3 0.1703125 0.69296875 0.01875 0.0171875
3 0.378125 0.72734375 0.021875 0.0203125
3 0.40234375 0.734375 0.021875 0.01875
3 0.490625 0.75703125 0.0234375 0.0234375
3 0.6453125 0.79921875 0.01875 0.01875
3 0.81875 0.94140625 0.01875 0.0265625
6 0.3671875 0.68046875 0.0078125 0.0140625
6 0.371875 0.68203125 0.00625 0.0125
6 0.3671875 0.68828125 0.00625 0.0125
9 0.040625 0.36953125 0.0375 0.0359375
3 0.0890625 0.37578125 0.025 0.0296875
3 0.1109375 0.38515625 0.03125 0.028125
3 0.14609375 0.38671875 0.021875 0.028125
7 0.0875 0.4859375 0.00625 0.009375
1 0.090625 0.48125 0.0078125 0.0078125
7 0.09375 0.4921875 0.009375 0.0109375
1 0.09765625 0.48671875 0.009375 0.0109375
6 0.1015625 0.49140625 0.0109375 0.0171875
3 0.14140625 0.45234375 0.0265625 0.025
3 0.16171875 0.39296875 0.0265625 0.034375
6 0.165625 0.46953125 0.0109375 0.0171875
6 0.14609375 0.490625 0.0109375 0.0171875
6 0.14921875 0.521875 0.0109375 0.0171875
6 0.17890625 0.496875 0.0109375 0.0171875
6 0.1734375 0.3953125 0.0109375 0.0171875
6 0.18359375 0.37421875 0.0125 0.0171875
3 0.18671875 0.396875 0.025 0.0296875
6 0.2125 0.38671875 0.0109375 0.0171875
6 0.22734375 0.384375 0.0109375 0.0171875
6 0.22578125 0.390625 0.0109375 0.0171875
3 0.22109375 0.40078125 0.0296875 0.028125
3 0.25 0.40859375 0.03125 0.034375
7 0.21640625 0.5203125 0.00625 0.009375
1 0.21953125 0.515625 0.0109375 0.0109375
3 0.27578125 0.4140625 0.0265625 0.0359375
3 0.2984375 0.41796875 0.0234375 0.034375
3 0.315625 0.421875 0.025 0.0375
3 0.30625 0.5078125 0.0265625 0.0265625
3 0.34453125 0.428125 0.0296875 0.028125
3 0.37890625 0.4328125 0.03125 0.028125
6 0.3953125 0.425 0.009375 0.01875
3 0.4203125 0.44140625 0.0328125 0.0296875
3 0.4109375 0.48671875 0.03125 0.0296875
3 0.41484375 0.50859375 0.028125 0.025
2 0.4140625 0.53828125 0.0703125 0.059375
3 0.38359375 0.54765625 0.025 0.021875
3 0.51796875 0.58046875 0.028125 0.025
3 0.55 0.584375 0.0296875 0.025
9 0.69921875 0.6296875 0.0453125 0.0453125
10 0.78125 0.59765625 0.03125 0.0328125
9 0.953125 0.65390625 0.0546875 0.0546875
3 0.96875 0.628125 0.034375 0.0328125
9 0.9453125 0.74765625 0.0203125 0.0578125
3 0.909375 0.7828125 0.0234375 0.03125
3 0.98828125 0.546875 0.0234375 0.040625
3 0.9125 0.53515625 0.0375 0.0359375
10 0.77109375 0.50390625 0.03125 0.03125
3 0.7359375 0.5 0.034375 0.04375
10 0.7046875 0.49609375 0.03125 0.034375
3 0.5984375 0.47265625 0.0328125 0.0359375
3 0.55546875 0.4703125 0.025 0.0265625
4 0.55546875 0.4578125 0.015625 0.015625
4 0.54453125 0.4546875 0.0140625 0.0171875
6 0.5109375 0.4625 0.0078125 0.01875
10 0.51953125 0.45234375 0.0234375 0.034375
3 0.5265625 0.41484375 0.025 0.0421875
10 0.53671875 0.36328125 0.021875 0.0421875
9 0.5734375 0.34921875 0.0484375 0.05
10 0.54140625 0.32265625 0.0296875 0.0484375
3 0.54375 0.284375 0.03125 0.046875
6 0.51953125 0.3484375 0.0078125 0.015625
6 0.528125 0.30703125 0.0078125 0.015625
6 0.525 0.30390625 0.0078125 0.015625
6 0.521875 0.2984375 0.009375 0.01875
6 0.515625 0.31015625 0.0109375 0.0203125
6 0.51640625 0.31796875 0.0109375 0.0171875
3 0.46953125 0.43046875 0.034375 0.03125
10 0.46796875 0.41171875 0.0296875 0.025
10 0.471875 0.396875 0.0296875 0.028125
10 0.47421875 0.38046875 0.0265625 0.025
9 0.4734375 0.3625 0.0375 0.0359375
3 0.49453125 0.37734375 0.0265625 0.0421875
3 0.446875 0.32890625 0.0296875 0.04375
10 0.47734375 0.33203125 0.03125 0.03125
6 0.5265625 0.2609375 0.00625 0.009375
6 0.5234375 0.2625 0.009375 0.015625
3 0.47890625 0.30390625 0.0375 0.0328125
3 0.48359375 0.275 0.034375 0.0328125
10 0.49375 0.19921875 0.0421875 0.0359375
10 0.5484375 0.22578125 0.0328125 0.0484375
10 0.5640625 0.22109375 0.0359375 0.0484375
7 0.5296875 0.20859375 0.0078125 0.0140625
1 0.53203125 0.19921875 0.0078125 0.015625
6 0.4765625 0.15390625 0.0109375 0.0171875
6 0.496875 0.13984375 0.0109375 0.0203125
7 0.5 0.16796875 0.0109375 0.0171875
4 0.5 0.16875 0.0125 0.0171875
6 0.51484375 0.12734375 0.0078125 0.01875
6 0.55625 0.16484375 0.0109375 0.0203125
6 0.546875 0.115625 0.0109375 0.015625
7 0.52890625 0.13828125 0.009375 0.0109375
4 0.53046875 0.13203125 0.0125 0.021875
10 0.578125 0.12109375 0.040625 0.0390625
10 0.5890625 0.14921875 0.0390625 0.0390625
10 0.62265625 0.12265625 0.0390625 0.0390625
10 0.67734375 0.11875 0.0390625 0.0390625
10 0.70546875 0.128125 0.0296875 0.053125
10 0.6453125 0.08984375 0.0421875 0.0421875
10 0.6859375 0.0640625 0.0390625 0.0390625
10 0.69453125 0.04453125 0.0484375 0.028125
9 0.66015625 0.04609375 0.028125 0.040625
8 0.63671875 0.0375 0.021875 0.0375
6 0.63671875 0.21015625 0.0078125 0.0140625
6 0.64140625 0.21328125 0.0078125 0.015625
6 0.64140625 0.22421875 0.009375 0.0125
6 0.64765625 0.21171875 0.0078125 0.015625
6 0.628125 0.215625 0.0078125 0.0140625
7 0.703125 0.2015625 0.009375 0.0109375
4 0.73125 0.1375 0.009375 0.021875
6 0.72890625 0.10390625 0.009375 0.015625
6 0.6015625 0.090625 0.0109375 0.0203125
6 0.61171875 0.09921875 0.0109375 0.0171875
8 0.42890625 0.0171875 0.0203125 0.0328125
8 0.45390625 0.009375 0.0203125 0.01875
8 0.4046875 0.01796875 0.025 0.0359375
4 0.38125 0.01328125 0.0125 0.025
8 0.35390625 0.01484375 0.01875 0.028125