3 0.028125 0.6015625 0.0265625 0.053125
2 0.18125 0.65859375 0.07265625 0.13984375
6 0.2203125 0.65 0.0078125 0.01640625
6 0.2375 0.65625 0.00703125 0.021875
3 0.0203125 0.2234375 0.03203125 0.021875
3 0.0609375 0.278125 0.0171875 0.03671875
2 0.0125 0.33125 0.025 0.065625
10 0.10625 0.34453125 0.02265625 0.04921875
10 0.0859375 0.3765625 0.01640625 0.05
10 0.12109375 0.40546875 0.01953125 0.0453125
10 0.13359375 0.45546875 0.021875 0.046875
5 0.3296875 0.71015625 0.01171875 0.028125
6 0.396875 0.66875 0.00546875 0.0234375
6 0.59453125 0.54375 0.00703125 0.01953125
6 0.60078125 0.5484375 0.00859375 0.021875
2 0.45390625 0.5765625 0.05 0.125
2 0.51953125 0.45546875 0.05703125 0.15390625
2 0.53359375 0.33046875 0.04765625 0.11953125
3 0.55234375 0.26796875 0.01953125 0.028125
10 0.56875 0.23828125 0.01484375 0.0296875
10 0.60234375 0.13203125 0.01875 0.03203125
2 0.5859375 0.17578125 0.03828125 0.0859375
6 0.43828125 0.02421875 0.003125 0.01171875
6 0.578125 0.121875 0.00390625 0.0140625
6 0.5796875 0.128125 0.00390625 0.01796875
6 0.58046875 0.1234375 0.00390625 0.01640625
6 0.58671875 0.11875 0.00390625 0.015625
6 0.5875 0.121875 0.00390625 0.01484375
6 0.59296875 0.09140625 0.003125 0.01640625
6 0.59765625 0.09453125 0.0046875 0.015625
6 0.61015625 0.065625 0.003125 0.01171875
6 0.609375 0.06015625 0.0046875 0.01484375
6 0.66640625 0.0515625 0.00546875 0.01328125
6 0.275 0.046875 0.00390625 0.01484375