3 0.25234375 0.5390625 0.0375 0.0703125
3 0.190625 0.43671875 0.0359375 0.0515625
3 0.2625 0.3484375 0.02890625 0.05078125
3 0.07578125 0.446875 0.03828125 0.05703125
6 0.1890625 0.24140625 0.00390625 0.01796875
3 0.35546875 0.80546875 0.040625 0.1140625
3 0.3359375 0.90703125 0.04921875 0.11484375
3 0.3953125 0.78203125 0.05234375 0.15859375
3 0.38125 0.66796875 0.03359375 0.09296875
3 0.4015625 0.5734375 0.03828125 0.10859375
3 0.378125 0.39453125 0.0359375 0.0296875
3 0.3828125 0.371875 0.03515625 0.03359375
3 0.38671875 0.34765625 0.02890625 0.0265625
3 0.38828125 0.33671875 0.02421875 0.02421875
3 0.39375 0.3296875 0.02890625 0.02421875
3 0.3953125 0.3171875 0.0328125 0.0234375
3 0.39921875 0.30234375 0.034375 0.025
3 0.41640625 0.259375 0.03203125 0.0296875
3 0.409375 0.27265625 0.02890625 0.03046875
3 0.4390625 0.359375 0.01796875 0.03984375
3 0.275 0.28671875 0.02421875 0.0359375
3 0.29296875 0.14921875 0.01484375 0.02421875
3 0.36015625 0.18359375 0.01328125 0.0234375
3 0.3578125 0.15703125 0.0125 0.01875
3 0.36640625 0.11484375 0.01328125 0.01875
3 0.38515625 0.10703125 0.01328125 0.01953125
3 0.39375 0.115625 0.01171875 0.015625
3 0.41015625 0.05859375 0.01015625 0.01171875
3 0.41171875 0.08046875 0.01015625 0.01796875
10 0.35 0.24375 0.01484375 0.03984375
3 0.2703125 0.18125 0.01484375 0.025
4 0.4359375 0.2875 0.0046875 0.0140625
7 0.4359375 0.28125 0.003125 0.01015625
3 0.4015625 0.16796875 0.01015625 0.02578125
6 0.365625 0.06484375 0.00234375 0.01640625
3 0.4390625 0.0265625 0.00859375 0.01171875
2 0.42578125 0.01328125 0.01328125 0.02421875
6 0.4109375 0.03125 0.00234375 0.01015625
6 0.403125 0.0296875 0.0015625 0.01328125
6 0.38671875 0.03828125 0.003125 0.01015625
3 0.45390625 0.2890625 0.0140625 0.0265625
3 0.4609375 0.25390625 0.01640625 0.03046875
3 0.465625 0.221875 0.01328125 0.028125
3 0.47265625 0.18359375 0.0109375 0.0265625
4 0.4484375 0.20703125 0.00390625 0.015625
4 0.4546875 0.20703125 0.003125 0.01875
7 0.44921875 0.2015625 0.003125 0.00703125
7 0.45546875 0.203125 0.003125 0.009375
3 0.45078125 0.03515625 0.00625 0.0109375
2 0.4640625 0.0234375 0.01328125 0.0265625
3 0.4984375 0.01875 0.00859375 0.0140625
3 0.5 0.046875 0.0078125 0.01171875
6 0.48125 0.04296875 0.003125 0.01328125
6 0.48828125 0.0484375 0.003125 0.0140625
6 0.50546875 0.27890625 0.003125 0.01484375
6 0.49453125 0.38125 0.00390625 0.01875
6 0.48828125 0.37734375 0.00390625 0.015625
6 0.66875 0.22265625 0.003125 0.0140625
6 0.6640625 0.19453125 0.00390625 0.01484375
6 0.66171875 0.178125 0.003125 0.01484375
6 0.63515625 0.1703125 0.00390625 0.0203125
6 0.6453125 0.215625 0.00546875 0.02109375
6 0.71015625 0.2453125 0.003125 0.01875
6 0.7203125 0.17890625 0.00390625 0.01796875
6 0.6953125 0.159375 0.00234375 0.0140625
6 0.69765625 0.16875 0.00234375 0.01171875
6 0.7015625 0.1765625 0.00234375 0.01328125
6 0.7046875 0.1859375 0.00234375 0.01484375
6 0.7078125 0.1984375 0.00390625 0.01484375
6 0.7109375 0.2109375 0.00234375 0.01640625
6 0.71484375 0.2203125 0.0015625 0.0109375
6 0.71796875 0.22421875 0.00234375 0.0140625
6 0.721875 0.23203125 0.00234375 0.0109375
6 0.7265625 0.240625 0.00390625 0.01640625
6 0.72734375 0.18671875 0.003125 0.0140625
6 0.67109375 0.153125 0.003125 0.01328125
6 0.67578125 0.16640625 0.00234375 0.01640625
6 0.68046875 0.17578125 0.00234375 0.01328125
6 0.68671875 0.19140625 0.00390625 0.01640625
6 0.69453125 0.209375 0.003125 0.01640625
6 0.70078125 0.2296875 0.003125 0.01640625
6 0.70625 0.23671875 0.00390625 0.015625
6 0.69765625 0.22109375 0.003125 0.0140625
6 0.65859375 0.159375 0.003125 0.015625
6 0.675 0.50546875 0.0046875 0.025