3 0.34296875 0.54375 0.01328125 0.03984375
3 0.30234375 0.59296875 0.015625 0.04375
3 0.3484375 0.41171875 0.01171875 0.02890625
3 0.36171875 0.40703125 0.0109375 0.03046875
3 0.3421875 0.36796875 0.0109375 0.025
3 0.33671875 0.4796875 0.01171875 0.03359375
3 0.32734375 0.44453125 0.0109375 0.03046875
3 0.3203125 0.596875 0.015625 0.04375
3 0.29140625 0.65390625 0.01640625 0.04921875
3 0.365625 0.3703125 0.01015625 0.02421875
3 0.37421875 0.17109375 0.0078125 0.01640625
3 0.37109375 0.19453125 0.00703125 0.01796875
3 0.3859375 0.18125 0.009375 0.01875
3 0.371875 0.32421875 0.00859375 0.021875
3 0.3359375 0.5890625 0.01328125 0.0390625
3 0.33046875 0.634375 0.01484375 0.03984375
3 0.38515625 0.19921875 0.00859375 0.01796875
3 0.35390625 0.2984375 0.009375 0.021875
10 0.34765625 0.3359375 0.009375 0.021875
10 0.32109375 0.47890625 0.01171875 0.0296875
10 0.31015625 0.546875 0.015625 0.03984375
10 0.33671875 0.39375 0.01171875 0.028125
10 0.35703125 0.34765625 0.01015625 0.03046875
10 0.353125 0.4578125 0.01015625 0.03046875
10 0.34921875 0.49375 0.01328125 0.03359375
10 0.32109375 0.69453125 0.01484375 0.046875
3 0.30234375 0.71015625 0.01484375 0.03671875
3 0.28203125 0.715625 0.0171875 0.0265625
10 0.38671875 0.1609375 0.00703125 0.015625
3 0.36875 0.34609375 0.00859375 0.02578125
3 0.3625 0.246875 0.00703125 0.0203125
3 0.021875 0.29140625 0.01484375 0.025
2 0.0671875 0.221875 0.0234375 0.03671875
2 0.11171875 0.159375 0.01953125 0.03125
2 0.00703125 0.31796875 0.0140625 0.04296875
2 0.134375 0.1390625 0.025 0.04921875
2 0.15546875 0.1265625 0.015625 0.03046875
10 0.1734375 0.06015625 0.01484375 0.01328125
3 0.39140625 0.0890625 0.00546875 0.01171875
10 0.3921875 0.06328125 0.0078125 0.01640625
10 0.40703125 0.11953125 0.0078125 0.01953125
3 0.4140625 0.09921875 0.00703125 0.01171875
6 0.41015625 0.0953125 0.00234375 0.009375
6 0.45546875 0.57109375 0.00546875 0.01953125
6 0.48671875 0.50078125 0.00234375 0.00859375
6 0.51484375 0.48671875 0.003125 0.009375
6 0.50625 0.44296875 0.00234375 0.0109375
6 0.47265625 0.5015625 0.00390625 0.00703125
6 0.471875 0.49765625 0.00234375 0.00859375
6 0.478125 0.49921875 0.00234375 0.009375
6 0.48125 0.49609375 0.00234375 0.01015625
6 0.48359375 0.49609375 0.00234375 0.01015625
6 0.47578125 0.490625 0.00234375 0.01015625
6 0.47890625 0.49140625 0.003125 0.0109375
6 0.48203125 0.4890625 0.00234375 0.0109375
6 0.47890625 0.48515625 0.003125 0.0109375
6 0.5765625 0.60234375 0.0046875 0.01171875
6 0.63359375 0.70703125 0.003125 0.015625
6 0.62578125 0.67734375 0.003125 0.015625
6 0.63359375 0.675 0.00390625 0.01640625
6 0.62265625 0.6609375 0.003125 0.015625
6 0.6265625 0.65625 0.003125 0.015625
6 0.62734375 0.6484375 0.00390625 0.01328125
6 0.63125 0.65390625 0.003125 0.01328125
6 0.640625 0.66640625 0.003125 0.01796875
6 0.65 0.7078125 0.00390625 0.01953125
6 0.646875 0.68046875 0.00390625 0.01875
6 0.634375 0.61875 0.00703125 0.01171875
6 0.61640625 0.57109375 0.0046875 0.01875
6 0.6375 0.640625 0.00546875 0.015625
6 0.65234375 0.69453125 0.00546875 0.01640625
6 0.64140625 0.65390625 0.00546875 0.01328125