3 0.36328125 0.7203125 0.0453125 0.09375
3 0.39453125 0.76875 0.040625 0.078125
3 0.24921875 0.77109375 0.0515625 0.0984375
3 0.421875 0.54453125 0.03125 0.0640625
3 0.45078125 0.375 0.0234375 0.0421875
3 0.51484375 0.46328125 0.04375 0.0390625
3 0.6609375 0.43671875 0.0453125 0.04375
3 0.2765625 0.87109375 0.05625 0.115625
4 0.1984375 0.62265625 0.0171875 0.0328125
6 0.19765625 0.6734375 0.0109375 0.021875
6 0.13046875 0.78203125 0.0140625 0.0265625
6 0.1390625 0.79609375 0.0140625 0.0265625
6 0.15234375 0.83984375 0.0140625 0.0234375
4 0.1140625 0.79375 0.015625 0.028125
6 0.18046875 0.87421875 0.0109375 0.0234375
4 0.221875 0.76328125 0.025 0.0296875
3 0.28125 0.6953125 0.0421875 0.0765625
3 0.33203125 0.56640625 0.034375 0.06875
3 0.36640625 0.478125 0.03125 0.05625
3 0.39609375 0.4 0.0265625 0.05
3 0.4203125 0.34296875 0.0265625 0.046875
3 0.434375 0.3046875 0.021875 0.0390625
6 0.3453125 0.4078125 0.009375 0.021875
6 0.340625 0.40390625 0.0109375 0.021875
1 0.3375 0.40703125 0.0109375 0.0203125
6 0.3890625 0.3609375 0.0046875 0.009375
4 0.2921875 0.446875 0.0125 0.0203125
4 0.40234375 0.22734375 0.0078125 0.015625
4 0.4125 0.20546875 0.00625 0.0125
4 0.5078125 0.03203125 0.00625 0.0140625
3 0.43125 0.23671875 0.021875 0.0375
3 0.459375 0.24375 0.021875 0.0375
3 0.46875 0.21640625 0.01875 0.028125
3 0.478125 0.1921875 0.0203125 0.03125
3 0.48828125 0.16640625 0.015625 0.0265625
3 0.4984375 0.14453125 0.015625 0.0265625
3 0.503125 0.12890625 0.0140625 0.0203125
3 0.51015625 0.11640625 0.015625 0.025
3 0.51796875 0.09609375 0.015625 0.025
3 0.534375 0.05625 0.0140625 0.0203125
3 0.52421875 0.02109375 0.0125 0.0203125
3 0.53828125 0.003125 0.0140625 0.00625
3 0.54609375 0.02421875 0.009375 0.0171875
3 0.54140625 0.03671875 0.009375 0.015625
3 0.53671875 0.0453125 0.009375 0.0171875
3 0.528125 0.07265625 0.0140625 0.0203125
3 0.55234375 0.0046875 0.0109375 0.009375
9 0.51796875 0.003125 0.0046875 0.00625
6 0.51484375 0.00234375 0.0046875 0.0046875
6 0.5015625 0.02265625 0.0046875 0.009375
4 0.51328125 0.07578125 0.0078125 0.0109375
4 0.5078125 0.08359375 0.0078125 0.0109375
4 0.4984375 0.10390625 0.0078125 0.0109375
4 0.503125 0.0953125 0.009375 0.0109375
6 0.48203125 0.1203125 0.00625 0.0140625
6 0.47578125 0.11640625 0.00625 0.0140625
6 0.4734375 0.115625 0.00625 0.0125
6 0.465625 0.11875 0.0078125 0.015625
6 0.4609375 0.11953125 0.00625 0.0140625
6 0.42421875 0.2015625 0.00625 0.0109375
4 0.39296875 0.903125 0.0265625 0.0203125
4 0.3859375 0.92421875 0.0265625 0.025
4 0.37734375 0.94921875 0.0203125 0.01875
4 0.3984375 0.87734375 0.021875 0.01875
4 0.403125 0.85859375 0.025 0.0296875
4 0.41796875 0.79296875 0.01875 0.015625
4 0.42265625 0.77421875 0.01875 0.01875
3 0.4203125 0.6734375 0.0328125 0.0625
3 0.43828125 0.6 0.034375 0.0671875
3 0.5078125 0.5375 0.0484375 0.04375
4 0.46640625 0.5796875 0.0171875 0.0125
4 0.46328125 0.59921875 0.01875 0.0171875
4 0.45078125 0.6609375 0.01875 0.0171875
4 0.42890625 0.73984375 0.0171875 0.0140625
3 0.4890625 0.41796875 0.0265625 0.05
3 0.50703125 0.4265625 0.025 0.04375
9 0.5296875 0.42734375 0.03125 0.059375
2 0.54921875 0.434375 0.028125 0.0546875
3 0.51015625 0.2375 0.0203125 0.0328125
3 0.51796875 0.30625 0.0203125 0.0328125
3 0.52578125 0.2796875 0.01875 0.0296875
3 0.54375 0.21015625 0.015625 0.025
3 0.54921875 0.1890625 0.015625 0.025
3 0.5609375 0.14453125 0.0140625 0.0203125
3 0.5671875 0.1234375 0.0140625 0.0203125
3 0.57109375 0.10390625 0.0125 0.0171875
3 0.57578125 0.0875 0.0125 0.0203125
3 0.5796875 0.07421875 0.009375 0.0140625
3 0.58359375 0.0578125 0.0125 0.0171875
3 0.609375 0.0515625 0.009375 0.0171875
3 0.59453125 0.02421875 0.0078125 0.0109375
3 0.596875 0.01328125 0.0078125 0.0109375
3 0.5796875 0.00625 0.0078125 0.00625
4 0.56796875 0.07578125 0.00625 0.0125
3 0.61484375 0.01796875 0.009375 0.0109375
6 0.62578125 0.02578125 0.00625 0.0109375
6 0.634375 0.0734375 0.0046875 0.009375
4 0.63828125 0.0484375 0.00625 0.0125
4 0.63359375 0.06015625 0.009375 0.0109375
4 0.62421875 0.12578125 0.009375 0.0109375
4 0.60859375 0.13828125 0.0046875 0.009375
4 0.615625 0.16171875 0.0046875 0.009375
4 0.61796875 0.14375 0.00625 0.0109375
4 0.603125 0.228125 0.0125 0.0125
4 0.60078125 0.246875 0.015625 0.0140625
4 0.60234375 0.23984375 0.0140625 0.0125
4 0.56015625 0.24609375 0.0140625 0.0125
4 0.55703125 0.25859375 0.0140625 0.0125
4 0.55234375 0.28046875 0.0109375 0.0109375
4 0.55 0.2953125 0.0125 0.0125
4 0.54140625 0.2640625 0.0140625 0.0125
4 0.55546875 0.3375 0.0078125 0.015625
4 0.5421875 0.36328125 0.015625 0.015625
3 0.56875 0.3671875 0.0390625 0.0328125
3 0.5640625 0.44921875 0.0296875 0.05
6 0.46796875 0.7890625 0.0125 0.025
6 0.47265625 0.7890625 0.00625 0.0140625
4 0.6625 0.37265625 0.009375 0.021875
4 0.6578125 0.37109375 0.009375 0.01875
4 0.6734375 0.378125 0.01875 0.0265625
4 0.7015625 0.3875 0.0109375 0.0234375
4 0.70859375 0.390625 0.009375 0.01875
4 0.7140625 0.3921875 0.009375 0.01875
4 0.47265625 0.1703125 0.0109375 0.0109375
4 0.45625 0.20625 0.0109375 0.0109375
4 0.46328125 0.18984375 0.0109375 0.0109375
4 0.4640625 0.18046875 0.0125 0.0125
6 0.56640625 0.2859375 0.0078125 0.01875
6 0.60078125 0.165625 0.00625 0.0140625
6 0.596875 0.16484375 0.0078125 0.015625
6 0.609375 0.15 0.0046875 0.00625
6 0.58046875 0.2828125 0.0109375 0.0203125
6 0.584375 0.31875 0.0078125 0.015625
6 0.59453125 0.34296875 0.0109375 0.0203125
6 0.56015625 0.34140625 0.0078125 0.015625
6 0.62109375 0.30078125 0.00625 0.0109375
3 0.59140625 0.4125 0.04375 0.0375
3 0.69140625 0.4296875 0.040625 0.034375
3 0.709375 0.42109375 0.04375 0.0359375
3 0.728125 0.47265625 0.0328125 0.0421875
4 0.63984375 0.47734375 0.009375 0.0171875
4 0.63359375 0.5109375 0.0109375 0.0203125
6 0.5734375 0.79609375 0.0109375 0.0234375
6 0.56640625 0.825 0.015625 0.0265625
6 0.571875 0.83046875 0.0140625 0.0296875
6 0.56640625 0.7828125 0.0078125 0.0140625
4 0.67890625 0.46953125 0.009375 0.0171875
4 0.7203125 0.39609375 0.0078125 0.015625
7 0.56796875 0.0734375 0.0046875 0.00625
7 0.509375 0.02734375 0.0046875 0.00625
7 0.55703125 0.33203125 0.0046875 0.009375
7 0.54453125 0.35859375 0.0078125 0.015625