3 0.4875 0.8203125 0.0515625 0.109375
0 0.57109375 0.50234375 0.034375 0.059375
7 0.57265625 0.509375 0.0140625 0.0203125
9 0.6265625 0.28828125 0.0484375 0.1015625
9 0.675 0.08359375 0.053125 0.109375
9 0.68828125 0.13515625 0.046875 0.0859375
6 0.78828125 0.15859375 0.0125 0.025
3 0.775 0.06875 0.025 0.0328125
3 0.7984375 0.1125 0.0296875 0.053125
9 0.73984375 0.4609375 0.0828125 0.178125
6 0.78515625 0.4046875 0.0109375 0.021875
10 0.85390625 0.4375 0.0625 0.0578125
4 0.8359375 0.2359375 0.0171875 0.025
0 0.78203125 0.22734375 0.0203125 0.0375
7 0.69453125 0.0796875 0.0125 0.025
7 0.6984375 0.0765625 0.0125 0.0265625
4 0.82265625 0.31015625 0.0234375 0.0234375
6 0.6859375 0.696875 0.0125 0.0171875
6 0.63828125 0.94921875 0.0140625 0.0203125