3 0.68046875 0.50625 0.1140625 0.140625
3 0.6109375 0.4796875 0.10625 0.1359375
3 0.35078125 0.703125 0.0609375 0.0671875
3 0.75703125 0.82734375 0.0671875 0.0515625
3 0.6640625 0.85546875 0.0671875 0.0734375
6 0.5984375 0.83359375 0.015625 0.046875
3 0.60625 0.88515625 0.0609375 0.0609375
3 0.94765625 0.62734375 0.0921875 0.146875
3 0.92109375 0.53984375 0.13125 0.140625
3 0.87734375 0.65546875 0.084375 0.14375
3 0.80390625 0.68984375 0.078125 0.1265625
3 0.75390625 0.7109375 0.059375 0.115625
3 0.80390625 0.6 0.10625 0.1265625
3 0.7015625 0.74140625 0.0515625 0.10625
3 0.65 0.75234375 0.0453125 0.09375
3 0.69140625 0.659375 0.0921875 0.1046875
3 0.609375 0.77890625 0.0421875 0.0890625
3 0.57265625 0.79375 0.0359375 0.078125
10 0.60078125 0.71015625 0.090625 0.109375
3 0.534375 0.8046875 0.0453125 0.090625
3 0.52890625 0.74296875 0.075 0.078125
3 0.4984375 0.82890625 0.0375 0.071875
10 0.5140625 0.91796875 0.053125 0.0578125
3 0.48203125 0.9015625 0.05 0.053125
3 0.46640625 0.8375 0.0375 0.065625
3 0.43671875 0.84453125 0.04375 0.0734375
3 0.47109375 0.77734375 0.06875 0.0796875
3 0.4234375 0.93203125 0.0484375 0.046875
3 0.4140625 0.859375 0.0359375 0.059375
3 0.3921875 0.8703125 0.040625 0.0640625
3 0.371875 0.8796875 0.0359375 0.059375
3 0.353125 0.89375 0.040625 0.05625
3 0.3296875 0.896875 0.0375 0.059375
6 0.38046875 0.94296875 0.015625 0.0453125
3 0.33984375 0.84765625 0.04375 0.0546875
6 0.3203125 0.8375 0.01875 0.0375
3 0.3109375 0.90078125 0.03125 0.0546875
3 0.27890625 0.91171875 0.03125 0.046875
3 0.303125 0.8625 0.04375 0.05625
3 0.26796875 0.88046875 0.0390625 0.053125
3 0.2515625 0.85546875 0.04375 0.0484375
6 0.228125 0.853125 0.015625 0.0328125
6 0.284375 0.74921875 0.0171875 0.0375
4 0.2875 0.746875 0.0234375 0.0390625
3 0.45234375 0.615625 0.0765625 0.0921875
3 0.37890625 0.5953125 0.0703125 0.0921875
3 0.45078125 0.52109375 0.090625 0.1125
3 0.4140625 0.46640625 0.0921875 0.1125
3 0.34453125 0.54375 0.078125 0.1015625
3 0.30390625 0.64921875 0.0640625 0.0765625
3 0.2828125 0.60390625 0.065625 0.096875
3 0.25625 0.9265625 0.0515625 0.046875
3 0.24453125 0.934375 0.0515625 0.05
3 0.23125 0.94375 0.0484375 0.046875
3 0.225 0.95 0.0421875 0.0359375
3 0.334375 0.96015625 0.0390625 0.0453125
3 0.5765625 0.2890625 0.121875 0.18125
3 0.62578125 0.12578125 0.1515625 0.1859375
3 0.51953125 0.140625 0.1203125 0.2359375
3 0.4671875 0.225 0.1359375 0.2328125
10 0.40078125 0.29375 0.1453125 0.2390625
7 0.47109375 0.07578125 0.040625 0.0578125
3 0.3453125 0.35390625 0.115625 0.16875
3 0.31640625 0.40625 0.0890625 0.1625
3 0.421875 0.065625 0.121875 0.1203125
2 0.246875 0.8015625 0.0546875 0.1046875
3 0.29296875 0.46953125 0.05625 0.125