6 0.50625 0.415625 0.00390625 0.01171875
6 0.4609375 0.46171875 0.00390625 0.0140625
6 0.45 0.40859375 0.00390625 0.01328125
6 0.46171875 0.40078125 0.00234375 0.0140625
6 0.48359375 0.4171875 0.003125 0.01171875
6 0.4890625 0.3890625 0.00234375 0.009375
6 0.5015625 0.41171875 0.00390625 0.01015625
6 0.4796875 0.37578125 0.003125 0.01171875
6 0.47109375 0.3953125 0.003125 0.0109375
6 0.4234375 0.38203125 0.00546875 0.01484375
6 0.41328125 0.428125 0.003125 0.0140625
6 0.3953125 0.44453125 0.00390625 0.01484375
6 0.415625 0.4609375 0.00390625 0.01171875
6 0.41484375 0.453125 0.00234375 0.0140625
6 0.44921875 0.39921875 0.00234375 0.0109375
6 0.47109375 0.38828125 0.00234375 0.0109375
6 0.50625 0.4109375 0.00234375 0.01171875
6 0.38203125 0.42890625 0.003125 0.01171875
6 0.49609375 0.34375 0.003125 0.0109375
6 0.2578125 0.26640625 0.00234375 0.0109375
6 0.26484375 0.25546875 0.00234375 0.01171875
6 0.25703125 0.253125 0.00234375 0.009375
6 0.25234375 0.271875 0.00234375 0.01171875
6 0.25546875 0.27421875 0.00234375 0.0109375
6 0.3640625 0.2796875 0.00390625 0.0109375
6 0.3953125 0.28203125 0.00234375 0.01015625
6 0.39375 0.2453125 0.0015625 0.009375