3 0.01953125 0.7015625 0.01484375 0.02890625
3 0.04453125 0.72734375 0.02734375 0.025
3 0.08359375 0.7859375 0.01875 0.0234375
3 0.14921875 0.84375 0.02109375 0.0265625
3 0.1875 0.87890625 0.02421875 0.02890625
3 0.18046875 0.84921875 0.0265625 0.034375
3 0.303125 0.89609375 0.03203125 0.02890625
3 0.28671875 0.846875 0.0125 0.0296875
3 0.30390625 0.82578125 0.01796875 0.03125
3 0.43671875 0.56796875 0.015625 0.01796875
3 0.484375 0.52890625 0.0140625 0.01953125
10 0.45703125 0.55 0.01328125 0.0203125
3 0.6046875 0.4890625 0.01796875 0.01484375
3 0.61171875 0.4765625 0.01796875 0.01796875
3 0.63046875 0.47109375 0.0140625 0.0203125
3 0.790625 0.9828125 0.015625 0.034375
10 0.809375 0.840625 0.02109375 0.0390625
10 0.821875 0.809375 0.01640625 0.040625
4 0.8421875 0.7359375 0.00390625 0.01484375
7 0.84140625 0.72890625 0.00703125 0.01171875
3 0.8953125 0.6234375 0.02109375 0.0234375
3 0.86484375 0.6140625 0.025 0.02421875
3 0.8296875 0.60625 0.02265625 0.025
3 0.84140625 0.60078125 0.01953125 0.025
3 0.82578125 0.57890625 0.0203125 0.0203125
3 0.83203125 0.56953125 0.01953125 0.01953125
3 0.8421875 0.5578125 0.02109375 0.01953125
3 0.83203125 0.5484375 0.01796875 0.0140625
3 0.80703125 0.55390625 0.01875 0.02109375
3 0.8140625 0.55 0.01875 0.0203125
3 0.79609375 0.534375 0.021875 0.021875
3 0.7859375 0.46953125 0.01953125 0.01328125
3 0.78984375 0.46328125 0.01484375 0.0109375
3 0.79296875 0.4546875 0.01484375 0.0109375
3 0.796875 0.44921875 0.01953125 0.01171875
3 0.8015625 0.44453125 0.01171875 0.01171875
3 0.8078125 0.4390625 0.01328125 0.01171875
3 0.8109375 0.43203125 0.01640625 0.01328125
3 0.8171875 0.42109375 0.01640625 0.01171875
3 0.821875 0.4140625 0.0171875 0.01171875
3 0.828125 0.403125 0.01328125 0.01328125
3 0.8296875 0.39609375 0.01171875 0.01171875
10 0.83515625 0.3890625 0.009375 0.009375
3 0.840625 0.38203125 0.0125 0.01015625
3 0.84609375 0.38046875 0.0125 0.0140625
3 0.846875 0.37421875 0.0109375 0.01015625
3 0.85 0.36875 0.009375 0.00703125
3 0.85390625 0.365625 0.01015625 0.0109375
3 0.85703125 0.35703125 0.01171875 0.00859375
3 0.86171875 0.35390625 0.01171875 0.00859375
3 0.86171875 0.3484375 0.0125 0.01015625
3 0.86875 0.34140625 0.01171875 0.01015625
3 0.871875 0.33671875 0.01171875 0.00703125
3 0.87421875 0.33125 0.01015625 0.00703125
3 0.878125 0.3265625 0.00859375 0.00546875
3 0.88125 0.3234375 0.00859375 0.00546875
3 0.8828125 0.31796875 0.00859375 0.01015625
3 0.88515625 0.31328125 0.0078125 0.00859375
3 0.88828125 0.31171875 0.01015625 0.009375
3 0.89375 0.3078125 0.01015625 0.00859375
3 0.89375 0.30234375 0.01015625 0.00859375
3 0.06640625 0.371875 0.01640625 0.0234375