3 0.509375 0.690625 0.046875 0.0421875
3 0.50546875 0.66484375 0.04375 0.0375
3 0.50703125 0.64296875 0.0453125 0.0359375
3 0.58671875 0.571875 0.0375 0.0359375
10 0.565625 0.50859375 0.034375 0.0359375
3 0.57109375 0.528125 0.0359375 0.034375
3 0.4875 0.534375 0.0265625 0.0296875
4 0.59453125 0.475 0.009375 0.0171875
7 0.59609375 0.4703125 0.00625 0.015625
8 0.5734375 0.39609375 0.0171875 0.021875
7 0.5703125 0.38984375 0.003125 0.009375
7 0.5734375 0.38984375 0.0046875 0.009375
9 0.528125 0.371875 0.0265625 0.0296875
9 0.58671875 0.359375 0.0484375 0.0609375
8 0.63359375 0.41015625 0.0125 0.015625
4 0.640625 0.40703125 0.0109375 0.0109375
4 0.64765625 0.39921875 0.0109375 0.0109375
4 0.653125 0.3953125 0.0125 0.0140625
4 0.67265625 0.3828125 0.009375 0.0109375
3 0.6765625 0.36484375 0.0171875 0.021875
3 0.68828125 0.31953125 0.0203125 0.0234375
3 0.67890625 0.31484375 0.0171875 0.021875
3 0.66796875 0.30859375 0.01875 0.021875
3 0.6578125 0.30078125 0.01875 0.021875
3 0.646875 0.29609375 0.015625 0.0203125
3 0.63671875 0.2890625 0.0171875 0.021875
7 0.871875 0.43359375 0.00625 0.0125
4 0.87109375 0.43828125 0.0078125 0.0125
3 0.84296875 0.465625 0.0203125 0.025
3 0.83203125 0.434375 0.0296875 0.0265625
3 0.8421875 0.42578125 0.0265625 0.0265625
3 0.84609375 0.51484375 0.021875 0.0328125
3 0.8203125 0.58046875 0.0296875 0.03125
3 0.7859375 0.646875 0.0421875 0.0328125
3 0.7765625 0.6625 0.0359375 0.028125
8 0.71640625 0.7390625 0.025 0.03125
3 0.87578125 0.4765625 0.0203125 0.028125
10 0.89296875 0.43359375 0.0234375 0.0234375
3 0.91328125 0.278125 0.0203125 0.015625
10 0.5921875 0.31484375 0.0171875 0.0234375
6 0.58359375 0.2671875 0.00625 0.0125
3 0.5765625 0.24921875 0.015625 0.0203125
3 0.5640625 0.24921875 0.015625 0.0203125
9 0.60625 0.2453125 0.0203125 0.028125
3 0.60546875 0.27578125 0.015625 0.0203125
10 0.6109375 0.2078125 0.0125 0.0171875
3 0.59375 0.20234375 0.015625 0.015625
3 0.58203125 0.18828125 0.0140625 0.0140625
3 0.596875 0.1765625 0.0140625 0.015625
3 0.57421875 0.1671875 0.015625 0.0171875
3 0.54765625 0.17421875 0.015625 0.015625
9 0.5203125 0.203125 0.0234375 0.025
9 0.5484375 0.15234375 0.015625 0.01875
9 0.53046875 0.1453125 0.0171875 0.021875
3 0.52265625 0.14453125 0.009375 0.0140625
10 0.51640625 0.14140625 0.015625 0.01875
3 0.5421875 0.19765625 0.01875 0.0171875
3 0.27578125 0.36796875 0.028125 0.0296875
3 0.25390625 0.3546875 0.0265625 0.025
3 0.2390625 0.328125 0.0296875 0.0328125
3 0.23046875 0.28984375 0.0265625 0.028125
3 0.2140625 0.2984375 0.0234375 0.025
3 0.20234375 0.3046875 0.021875 0.025
10 0.2203125 0.36953125 0.0265625 0.0296875
3 0.20390625 0.378125 0.0265625 0.0265625
3 0.2640625 0.3140625 0.0265625 0.0296875
9 0.2828125 0.33671875 0.034375 0.0359375
10 0.296875 0.32890625 0.0234375 0.0265625
3 0.27734375 0.29609375 0.025 0.0265625
8 0.2671875 0.28046875 0.015625 0.0203125
10 0.2484375 0.2421875 0.0234375 0.0265625
3 0.31640625 0.27421875 0.021875 0.021875
0 0.34375 0.29296875 0.015625 0.0203125
3 0.3234375 0.31796875 0.01875 0.01875