3 0.859375 0.08671875 0.0796875 0.090625
6 0.87734375 0.1734375 0.028125 0.0515625
10 0.60625 0.56171875 0.0578125 0.0984375
3 0.490625 0.7875 0.03125 0.0484375
3 0.46484375 0.83984375 0.0265625 0.04375
3 0.4859375 0.93046875 0.0234375 0.0359375
3 0.50703125 0.9421875 0.0265625 0.0375
3 0.515625 0.86875 0.0375 0.0484375
10 0.209375 0.5953125 0.0328125 0.065625
3 0.2171875 0.5234375 0.03125 0.059375
3 0.421875 0.215625 0.05625 0.140625
3 0.33203125 0.60390625 0.0375 0.08125
3 0.26875 0.7421875 0.0296875 0.0578125
3 0.30390625 0.7609375 0.028125 0.0578125
3 0.18984375 0.80703125 0.0234375 0.0375
3 0.25390625 0.88125 0.0265625 0.05
3 0.2890625 0.88515625 0.025 0.0421875
3 0.1796875 0.90546875 0.0234375 0.0390625
3 0.17578125 0.93359375 0.01875 0.0203125
3 0.24609375 0.9453125 0.0234375 0.040625
3 0.1703125 0.9515625 0.0171875 0.0109375
3 0.196875 0.7234375 0.025 0.0453125
6 0.21328125 0.71640625 0.0109375 0.0296875
6 0.17265625 0.703125 0.0109375 0.03125
6 0.17578125 0.6703125 0.0125 0.0375
6 0.1796875 0.73671875 0.0109375 0.0390625
7 0.19140625 0.76171875 0.009375 0.0171875
7 0.22265625 0.7453125 0.009375 0.01875
1 0.2 0.74921875 0.0109375 0.0171875
1 0.228125 0.72578125 0.0078125 0.015625