10 0.91015625 0.334375 0.1796875 0.146875
3 0.86953125 0.225 0.1484375 0.0921875
3 0.74921875 0.1484375 0.1296875 0.084375
6 0.628125 0.29296875 0.0359375 0.0203125
3 0.53515625 0.021875 0.1015625 0.04375
3 0.39921875 0.1984375 0.084375 0.0625
3 0.3453125 0.15625 0.065625 0.0484375
3 0.22421875 0.1796875 0.0765625 0.0703125
7 0.37421875 0.11796875 0.0328125 0.0171875
1 0.38125 0.121875 0.0328125 0.01875
3 0.246875 0.065625 0.0671875 0.05
3 0.20625 0.03125 0.0703125 0.053125
3 0.1703125 0.009375 0.059375 0.01875
6 0.1140625 0.02265625 0.0328125 0.0171875
3 0.3453125 0.321875 0.090625 0.071875
3 0.5390625 0.325 0.109375 0.078125
6 0.33203125 0.271875 0.0390625 0.0171875
1 0.33828125 0.2796875 0.0390625 0.0203125
10 0.69453125 0.40625 0.1125 0.0765625
10 0.46015625 0.475 0.109375 0.0765625
9 0.54921875 0.55625 0.1390625 0.1265625
6 0.46640625 0.66328125 0.03125 0.021875
6 0.41640625 0.6640625 0.03125 0.021875
6 0.50390625 0.525 0.040625 0.0171875
9 0.840625 0.6015625 0.209375 0.1515625
10 0.11328125 0.0625 0.059375 0.059375