6 0.109375 0.22109375 0.028125 0.0171875
6 0.15078125 0.2625 0.028125 0.0171875
4 0.26015625 0.19296875 0.01875 0.021875
1 0.3 0.14609375 0.0328125 0.0140625
4 0.3609375 0.17265625 0.01875 0.0234375
4 0.390625 0.16875 0.0234375 0.025
4 0.49609375 0.1421875 0.0359375 0.0171875
4 0.5828125 0.1375 0.0140625 0.0265625
4 0.6078125 0.13046875 0.01875 0.01875
4 0.853125 0.08046875 0.0421875 0.021875
3 0.88046875 0.14609375 0.0828125 0.040625
6 0.8265625 0.14140625 0.0296875 0.0171875
6 0.728125 0.14921875 0.025 0.0125
6 0.725 0.15625 0.0265625 0.015625
10 0.8 0.22421875 0.11875 0.0453125
4 0.64296875 0.19765625 0.0296875 0.0171875
4 0.6484375 0.21953125 0.028125 0.0171875
6 0.49375 0.1890625 0.0140625 0.0109375
6 0.4734375 0.19609375 0.0171875 0.0109375
6 0.38515625 0.22265625 0.0203125 0.0125
4 0.48984375 0.23203125 0.01875 0.0203125
4 0.4796875 0.23203125 0.015625 0.021875
4 0.45703125 0.234375 0.021875 0.021875
4 0.44140625 0.24375 0.01875 0.0234375
10 0.41171875 0.28125 0.096875 0.0390625
3 0.29140625 0.30390625 0.103125 0.04375
4 0.26015625 0.27265625 0.021875 0.025
10 0.171875 0.32578125 0.103125 0.0453125
3 0.0359375 0.4421875 0.071875 0.034375
3 0.3484375 0.3984375 0.096875 0.0390625
3 0.48125 0.38125 0.096875 0.0390625
3 0.61015625 0.359375 0.115625 0.0421875
3 0.74453125 0.334375 0.109375 0.040625
3 0.8796875 0.32109375 0.1296875 0.0453125
7 0.25546875 0.22265625 0.0234375 0.0125
1 0.25859375 0.22421875 0.040625 0.0125