3 0.496875 0.88046875 0.01875 0.0234375
3 0.559375 0.934375 0.021875 0.028125
3 0.56328125 0.89921875 0.021875 0.025
3 0.57890625 0.91953125 0.01875 0.0234375
3 0.58515625 0.8890625 0.01875 0.025
3 0.56640625 0.8703125 0.01875 0.0234375
3 0.5203125 0.85703125 0.0171875 0.0265625
3 0.58828125 0.85625 0.01875 0.0234375
3 0.56875 0.84296875 0.0171875 0.0203125
3 0.54765625 0.8390625 0.01875 0.021875
3 0.54921875 0.815625 0.021875 0.0234375
3 0.5703125 0.81796875 0.0171875 0.0234375
3 0.5921875 0.82578125 0.01875 0.0234375
3 0.553125 0.7828125 0.01875 0.0234375
3 0.575 0.78828125 0.01875 0.0234375
3 0.59296875 0.79453125 0.0171875 0.0234375
6 0.6125 0.8078125 0.0125 0.0046875
3 0.43125 0.8546875 0.0296875 0.015625
3 0.38828125 0.83515625 0.028125 0.01875
4 0.45625 0.87890625 0.0078125 0.009375
6 0.375 0.846875 0.009375 0.0046875
6 0.384375 0.80859375 0.009375 0.0046875
6 0.371875 0.8421875 0.009375 0.0046875
4 0.38359375 0.78671875 0.009375 0.00625
4 0.37734375 0.8171875 0.0078125 0.0125
3 0.215625 0.815625 0.025 0.015625
3 0.22421875 0.79609375 0.025 0.0125
3 0.17265625 0.80390625 0.03125 0.0140625
3 0.07578125 0.6671875 0.015625 0.015625
3 0.1171875 0.67421875 0.0125 0.0140625
3 0.01484375 0.65546875 0.0109375 0.0140625
3 0.00390625 0.653125 0.0078125 0.015625
3 0.0375 0.6578125 0.0109375 0.0140625
3 0.1734375 0.684375 0.0109375 0.0140625
3 0.24609375 0.70078125 0.015625 0.0203125
3 0.3046875 0.7140625 0.015625 0.0171875
3 0.28984375 0.7125 0.0171875 0.0171875
3 0.27734375 0.7078125 0.0171875 0.0203125
3 0.35234375 0.72421875 0.015625 0.0203125
3 0.38046875 0.734375 0.0171875 0.0171875
3 0.390625 0.7609375 0.01875 0.0203125
3 0.40703125 0.7421875 0.01875 0.0234375
3 0.00703125 0.5921875 0.0140625 0.009375
3 0.05625 0.60390625 0.01875 0.009375
3 0.13984375 0.60625 0.0234375 0.0109375
3 0.22265625 0.54140625 0.0140625 0.0171875
3 0.26015625 0.54453125 0.0140625 0.0171875
3 0.246875 0.54453125 0.0125 0.015625
3 0.2953125 0.6453125 0.028125 0.0109375
3 0.32265625 0.659375 0.028125 0.0109375
3 0.3765625 0.646875 0.0296875 0.0109375
3 0.39453125 0.66015625 0.03125 0.0140625
3 0.76875 0.6671875 0.0453125 0.01875
3 0.84453125 0.67578125 0.0453125 0.0171875
3 0.790625 0.640625 0.0484375 0.01875
3 0.63515625 0.60078125 0.0359375 0.0234375
3 0.62421875 0.559375 0.028125 0.0265625
3 0.5734375 0.5390625 0.01875 0.021875
3 0.553125 0.53828125 0.021875 0.025
3 0.534375 0.5375 0.021875 0.025
3 0.51015625 0.56875 0.021875 0.025
3 0.5390625 0.503125 0.021875 0.021875
3 0.5546875 0.509375 0.01875 0.0203125
3 0.5609375 0.48203125 0.01875 0.021875
3 0.56328125 0.4296875 0.01875 0.0234375
3 0.54609375 0.4484375 0.01875 0.025
3 0.5625 0.45390625 0.01875 0.021875
3 0.61015625 0.41796875 0.021875 0.021875
3 0.63203125 0.415625 0.01875 0.0234375
3 0.61640625 0.359375 0.01875 0.0234375
3 0.5625 0.31171875 0.01875 0.0234375
3 0.0296875 0.6546875 0.0078125 0.009375
3 0.046875 0.66015625 0.0109375 0.0140625
3 0.05546875 0.66328125 0.0109375 0.0140625
3 0.065625 0.6640625 0.0109375 0.0140625
3 0.10078125 0.66796875 0.0109375 0.0171875
3 0.1078125 0.67421875 0.0109375 0.015625
3 0.153125 0.6828125 0.0109375 0.0171875
3 0.1640625 0.6828125 0.0125 0.0171875
3 0.20390625 0.68828125 0.0140625 0.0140625
3 0.21484375 0.69140625 0.0125 0.0171875
3 0.22421875 0.69453125 0.0109375 0.0171875
3 0.2359375 0.6953125 0.0140625 0.0171875
3 0.33984375 0.72109375 0.0140625 0.0171875
3 0.321875 0.7171875 0.015625 0.0171875
3 0.92890625 0.68515625 0.0453125 0.01875
4 0.63515625 0.7859375 0.0109375 0.009375
4 0.63359375 0.79375 0.0109375 0.009375
4 0.63125 0.8109375 0.0078125 0.0078125
4 0.628125 0.82109375 0.009375 0.0078125
4 0.6234375 0.83046875 0.0078125 0.009375
4 0.62890625 0.83359375 0.0078125 0.0078125
4 0.40390625 0.68359375 0.009375 0.0046875
4 0.42578125 0.6796875 0.0125 0.0046875
4 0.51640625 0.6 0.015625 0.00625
4 0.49765625 0.5640625 0.009375 0.0078125
7 0.61953125 0.83125 0.00625 0.0046875
7 0.628125 0.83203125 0.00625 0.0046875
7 0.62578125 0.821875 0.0046875 0.003125
7 0.62890625 0.81171875 0.00625 0.0046875
7 0.63203125 0.7953125 0.00625 0.0046875
7 0.6328125 0.78671875 0.00625 0.0046875
7 0.5125 0.6 0.00625 0.0046875
7 0.496875 0.5640625 0.00625 0.0046875
6 0.64453125 0.7984375 0.00625 0.0046875
6 0.675 0.79609375 0.009375 0.0078125
6 0.66953125 0.765625 0.0109375 0.0046875
6 0.665625 0.77421875 0.0125 0.0046875
6 0.425 0.69140625 0.0140625 0.0046875
6 0.37421875 0.7109375 0.009375 0.0046875
6 0.06328125 0.56015625 0.009375 0.0046875
7 0.4015625 0.68359375 0.00625 0.003125
7 0.421875 0.67890625 0.0046875 0.0015625
6 0.68203125 0.57578125 0.0140625 0.0046875
6 0.71171875 0.5984375 0.015625 0.0046875
6 0.71875 0.596875 0.009375 0.0046875
6 0.43828125 0.57890625 0.0125 0.0046875
6 0.4671875 0.5640625 0.0109375 0.0046875
6 0.403125 0.565625 0.009375 0.0046875
6 0.60390625 0.50703125 0.0125 0.0046875