3 0.47890625 0.13984375 0.01640625 0.0390625
3 0.53203125 0.11171875 0.015625 0.03671875
2 0.50859375 0.10078125 0.02890625 0.1234375
3 0.3078125 0.39296875 0.02734375 0.0796875
3 0.23515625 0.434375 0.03671875 0.0890625
3 0.70078125 0.21640625 0.04921875 0.040625
6 0.07109375 0.74453125 0.015625 0.0265625
6 0.22265625 0.8859375 0.01640625 0.0265625
6 0.28125 0.1734375 0.0078125 0.021875
6 0.24296875 0.39296875 0.01171875 0.02578125
6 0.17578125 0.5390625 0.00859375 0.0265625
6 0.18828125 0.5078125 0.01171875 0.025
6 0.196875 0.428125 0.00859375 0.02421875
6 0.21015625 0.4390625 0.01015625 0.02578125
7 0.19921875 0.4609375 0.009375 0.02109375
7 0.2046875 0.44453125 0.0078125 0.0234375
7 0.225 0.5234375 0.0078125 0.02109375
7 0.3296875 0.16015625 0.00625 0.0203125
7 0.62109375 0.46796875 0.01171875 0.021875
7 0.57890625 0.3984375 0.01015625 0.02421875
7 0.64765625 0.0265625 0.00703125 0.01796875
6 0.51953125 0.0234375 0.00546875 0.02109375
6 0.5265625 0.028125 0.003125 0.009375
6 0.725 0.1984375 0.0078125 0.025
6 0.69765625 0.46640625 0.0109375 0.03046875
1 0.61953125 0.4765625 0.00859375 0.03125
1 0.57890625 0.40390625 0.0078125 0.03046875
1 0.3296875 0.165625 0.00546875 0.0234375
4 0.2265625 0.52578125 0.01328125 0.03359375
4 0.64921875 0.03125 0.01796875 0.01875