3 0.29140625 0.796875 0.06015625 0.21640625
10 0.22109375 0.80625 0.046875 0.20390625
3 0.15625 0.81328125 0.0578125 0.20546875
10 0.03671875 0.83046875 0.0734375 0.23671875
10 0.60625 0.77109375 0.0609375 0.17109375
3 0.65078125 0.75546875 0.06796875 0.19140625
3 0.696875 0.75078125 0.06484375 0.18515625
6 0.3359375 0.028125 0.0078125 0.04453125
6 0.3421875 0.0203125 0.0078125 0.040625
6 0.41953125 0.0875 0.01015625 0.03984375
6 0.42421875 0.10859375 0.00703125 0.03984375
6 0.290625 0.61328125 0.01328125 0.01875
6 0.1921875 0.5984375 0.02109375 0.0296875
6 0.28359375 0.58515625 0.015625 0.02578125
4 0.10234375 0.79140625 0.02421875 0.0734375
6 0.50078125 0.7 0.01875 0.0296875
5 0.54765625 0.73125 0.05 0.121875
7 0.50625 0.35859375 0.0078125 0.02578125
6 0.50390625 0.45625 0.01796875 0.0390625
6 0.48203125 0.4546875 0.01484375 0.03515625
6 0.46484375 0.396875 0.009375 0.03359375
6 0.47578125 0.4015625 0.01171875 0.03203125