3 0.66328125 0.94609375 0.08125 0.075
3 0.66953125 0.89453125 0.078125 0.0640625
3 0.665625 0.8484375 0.0890625 0.06875
3 0.66796875 0.80703125 0.0734375 0.0609375
3 0.6625 0.76953125 0.08125 0.0640625
3 0.55546875 0.73828125 0.053125 0.075
3 0.665625 0.7359375 0.075 0.0515625
3 0.66640625 0.70234375 0.0640625 0.0546875
3 0.671875 0.66875 0.065625 0.0484375
3 0.66328125 0.64140625 0.05625 0.0484375
4 0.6828125 0.5875 0.01875 0.0265625
3 0.6265625 0.61015625 0.0375 0.0453125
6 0.58828125 0.50703125 0.009375 0.03125
10 0.6328125 0.45234375 0.025 0.04375
6 0.2859375 0.4171875 0.00625 0.01875
3 0.7015625 0.2953125 0.015625 0.0203125
3 0.7078125 0.26484375 0.015625 0.0203125
3 0.68359375 0.15625 0.0078125 0.0109375