6 0.06875 0.57421875 0.0109375 0.034375
6 0.06640625 0.58046875 0.0140625 0.040625
6 0.0578125 0.5765625 0.0171875 0.0453125
6 0.0546875 0.57421875 0.0140625 0.0359375
6 0.059375 0.62421875 0.0171875 0.0453125
6 0.04375 0.6 0.01875 0.0421875
6 0.0296875 0.571875 0.0203125 0.0484375
6 0.02578125 0.60390625 0.01875 0.0359375
7 0.0296875 0.6109375 0.015625 0.03125
4 0.0265625 0.596875 0.028125 0.0328125
4 0.00546875 0.56484375 0.0078125 0.0375
4 0.00703125 0.58125 0.0046875 0.028125
6 0.0078125 0.3125 0.015625 0.06875
6 0.0203125 0.4015625 0.034375 0.0875
7 0.05 0.51796875 0.025 0.0453125
1 0.0484375 0.50546875 0.025 0.04375
6 0.04140625 0.353125 0.0375 0.0828125
6 0.0640625 0.35546875 0.0359375 0.0875
6 0.19765625 0.4453125 0.025 0.0578125
6 0.190625 0.4453125 0.015625 0.0515625
6 0.165625 0.42578125 0.028125 0.071875
6 0.2109375 0.43125 0.0265625 0.0765625
7 0.2015625 0.37421875 0.0328125 0.06875
7 0.2046875 0.37578125 0.0140625 0.0328125
6 0.24140625 0.3546875 0.034375 0.075
6 0.221875 0.33359375 0.0203125 0.053125
6 0.2390625 0.3921875 0.025 0.0640625
4 0.1421875 0.45 0.0265625 0.0546875
4 0.146875 0.490625 0.0265625 0.04375
1 0.12421875 0.48046875 0.0296875 0.04375
1 0.1015625 0.54765625 0.028125 0.040625
6 0.01328125 0.1796875 0.0265625 0.10625
3 0.140625 0.3046875 0.10625 0.1296875
3 0.35234375 0.128125 0.1890625 0.2421875
6 0.26953125 0.125 0.0453125 0.10625
6 0.2328125 0.11328125 0.0296875 0.08125
6 0.1453125 0.1390625 0.046875 0.1296875
6 0.1109375 0.084375 0.053125 0.0734375
1 0.11875 0.06875 0.0328125 0.04375
7 0.0546875 0.090625 0.046875 0.0703125
6 0.73359375 0.025 0.0390625 0.05
6 0.7125 0.03046875 0.040625 0.0609375
6 0.67265625 0.03828125 0.0421875 0.0765625
1 0.65859375 0.0375 0.0421875 0.075
7 0.653125 0.01015625 0.04375 0.0203125
6 0.56171875 0.03671875 0.0546875 0.0734375
4 0.57421875 0.02578125 0.0734375 0.0515625
6 0.48515625 0.11796875 0.0359375 0.1078125
4 0.48671875 0.1296875 0.065625 0.0921875
4 0.48125 0.16875 0.0453125 0.090625
6 0.51953125 0.1765625 0.03125 0.0921875
8 0.41796875 0.253125 0.0734375 0.09375
1 0.18515625 0.446875 0.021875 0.0390625
4 0.02109375 0.628125 0.0203125 0.03125
8 0.0140625 0.63203125 0.00625 0.0359375