6 0.31953125 0.83984375 0.02578125 0.11328125
6 0.35390625 0.44453125 0.01640625 0.075
6 0.0625 0.6578125 0.02890625 0.10078125
6 0.01953125 0.73828125 0.03203125 0.10390625
6 0.14921875 0.38671875 0.015625 0.06328125
6 0.34375 0.16640625 0.01328125 0.04921875
3 0.5421875 0.72890625 0.190625 0.1984375
3 0.5703125 0.89609375 0.2390625 0.1515625
3 0.534375 0.5015625 0.12890625 0.08515625
10 0.50859375 0.434375 0.10703125 0.08671875
10 0.52109375 0.39609375 0.128125 0.0953125
3 0.425 0.3609375 0.0546875 0.10859375
10 0.446875 0.25859375 0.05078125 0.103125
3 0.22734375 0.43359375 0.078125 0.1515625
3 0.10859375 0.40078125 0.08359375 0.13046875
3 0.2328125 0.21484375 0.0609375 0.09296875
10 0.27578125 0.1671875 0.04921875 0.0734375
3 0.37890625 0.178125 0.0375 0.06875
3 0.26171875 0.08046875 0.04375 0.04609375
3 0.2390625 0.07421875 0.04921875 0.05
3 0.246875 0.13125 0.05078125 0.04921875
3 0.4359375 0.15078125 0.04140625 0.05078125
3 0.46640625 0.11875 0.03359375 0.04375
3 0.484375 0.09296875 0.03671875 0.03828125
3 0.42734375 0.12421875 0.04296875 0.0515625
6 0.40078125 0.11015625 0.00859375 0.03671875
3 0.38203125 0.103125 0.04453125 0.0453125
3 0.4265625 0.0703125 0.03828125 0.0484375
3 0.45390625 0.05390625 0.03671875 0.034375
3 0.484375 0.03828125 0.02890625 0.03125
3 0.503125 0.02265625 0.025 0.03046875
3 0.53515625 0.03828125 0.03671875 0.04296875
3 0.52578125 0.01328125 0.02734375 0.0265625
3 0.5421875 0.596875 0.1484375 0.121875
3 0.58125 0.07890625 0.0328125 0.0359375
3 0.5984375 0.0640625 0.02578125 0.0515625
3 0.66875 0.05625 0.04765625 0.03203125
3 0.63671875 0.02109375 0.03046875 0.03046875