3 0.5984375 0.53671875 0.03203125 0.0515625
3 0.8828125 0.6546875 0.05390625 0.04296875
10 0.86640625 0.60625 0.04765625 0.0359375
10 0.8359375 0.54140625 0.04765625 0.0390625
10 0.80390625 0.46171875 0.03359375 0.034375
3 0.7984375 0.4359375 0.03671875 0.0234375
10 0.72109375 0.315625 0.02734375 0.028125
3 0.74765625 0.209375 0.02109375 0.015625
3 0.87734375 0.2203125 0.02421875 0.01875
3 0.88359375 0.32109375 0.021875 0.03046875
3 0.90234375 0.34765625 0.02109375 0.025
3 0.9234375 0.3765625 0.0234375 0.03203125
3 0.95078125 0.421875 0.02890625 0.034375
3 0.97890625 0.45703125 0.02890625 0.04140625
3 0.98671875 0.77109375 0.02109375 0.06796875
3 0.98671875 0.22421875 0.021875 0.01796875
2 0.9328125 0.2109375 0.06171875 0.03671875
2 0.95078125 0.3515625 0.05546875 0.07578125
2 0.9109375 0.30390625 0.05078125 0.07578125
3 0.74375 0.15859375 0.01015625 0.01640625
3 0.75546875 0.15859375 0.01171875 0.01640625
3 0.7359375 0.14453125 0.01015625 0.01484375
3 0.75703125 0.14296875 0.01015625 0.015625
3 0.74609375 0.14296875 0.01171875 0.01640625
3 0.7375 0.12890625 0.0109375 0.0140625
3 0.71328125 0.09140625 0.0078125 0.01328125
3 0.70703125 0.08125 0.00703125 0.009375
3 0.6953125 0.075 0.00703125 0.0109375
3 0.69765625 0.0640625 0.00703125 0.009375
7 0.9734375 0.31796875 0.00625 0.00703125
7 0.984375 0.31640625 0.00390625 0.00703125
7 0.99140625 0.328125 0.00625 0.009375
7 0.95625 0.3109375 0.00390625 0.00625
7 0.95 0.2953125 0.00546875 0.00546875
7 0.965625 0.29765625 0.00390625 0.00859375
7 0.9578125 0.29765625 0.0046875 0.00859375
4 0.99140625 0.3359375 0.00703125 0.01328125
4 0.9734375 0.32890625 0.0078125 0.009375
4 0.98203125 0.32265625 0.0078125 0.01015625
4 0.95390625 0.31796875 0.009375 0.01171875
4 0.94921875 0.30546875 0.00703125 0.00859375
4 0.9640625 0.30703125 0.00390625 0.01015625
4 0.95859375 0.30625 0.00625 0.00859375
7 0.69609375 0.14765625 0.003125 0.0046875
4 0.69609375 0.15390625 0.00390625 0.0046875
6 0.82265625 0.1671875 0.00390625 0.01171875
6 0.9484375 0.66171875 0.0078125 0.028125