6 0.46015625 0.3734375 0.0234375 0.0484375
6 0.32265625 0.29765625 0.028125 0.0625
3 0.4 0.34296875 0.078125 0.065625
3 0.40703125 0.36953125 0.059375 0.04375
3 0.40546875 0.3796875 0.0515625 0.0359375
3 0.24609375 0.3859375 0.021875 0.0203125
3 0.26328125 0.3984375 0.0234375 0.0234375
3 0.28359375 0.4140625 0.0140625 0.015625
3 0.29453125 0.41953125 0.0109375 0.0109375
3 0.32578125 0.425 0.0125 0.0140625
3 0.35078125 0.4375 0.0078125 0.0109375
3 0.21484375 0.384375 0.015625 0.0171875
3 0.11328125 0.3359375 0.025 0.0234375
3 0.1515625 0.3578125 0.0296875 0.025
3 0.16015625 0.37578125 0.01875 0.015625
3 0.13203125 0.36796875 0.0203125 0.0140625