3 0.025 0.5015625 0.05 0.0625
3 0.04296875 0.6234375 0.0859375 0.078125
3 0.0328125 0.8203125 0.065625 0.06875
6 0.00859375 0.7625 0.0171875 0.025
3 0.07109375 0.790625 0.0765625 0.071875
10 0.11875 0.77265625 0.0734375 0.0765625
3 0.1609375 0.75390625 0.06875 0.0734375
3 0.20234375 0.73359375 0.065625 0.071875
3 0.24296875 0.72734375 0.0609375 0.0609375
10 0.3421875 0.7140625 0.0578125 0.0546875
3 0.37109375 0.70625 0.053125 0.053125
3 0.40546875 0.7109375 0.0578125 0.0546875
3 0.4328125 0.7203125 0.046875 0.05
3 0.4671875 0.73046875 0.046875 0.04375
3 0.49296875 0.72734375 0.04375 0.0421875
3 0.52109375 0.7203125 0.0421875 0.04375
3 0.54296875 0.725 0.040625 0.0453125
3 0.60859375 0.74453125 0.034375 0.0390625
3 0.40703125 0.6046875 0.0578125 0.059375
3 0.42421875 0.61953125 0.0546875 0.059375
3 0.4703125 0.625 0.046875 0.05
3 0.49140625 0.63203125 0.040625 0.0484375
3 0.5234375 0.65 0.04375 0.046875
3 0.60078125 0.6765625 0.0390625 0.0421875
10 0.63671875 0.690625 0.0359375 0.034375
6 0.5703125 0.6625 0.021875 0.0125
1 0.57109375 0.65546875 0.015625 0.015625
6 0.578125 0.70625 0.021875 0.0140625
4 0.56015625 0.753125 0.0203125 0.015625
10 0.6390625 0.77265625 0.034375 0.0328125
3 0.65703125 0.70234375 0.034375 0.0390625
3 0.59140625 0.55859375 0.0390625 0.028125
10 0.6515625 0.615625 0.0359375 0.025
6 0.81328125 0.64921875 0.01875 0.009375
9 0.7546875 0.61796875 0.1015625 0.065625
7 0.8609375 0.696875 0.009375 0.00625
7 0.8953125 0.72265625 0.009375 0.00625
4 0.85703125 0.6953125 0.0109375 0.0109375
4 0.8921875 0.721875 0.0109375 0.009375
6 0.88671875 0.73046875 0.0140625 0.0078125
3 0.87421875 0.7484375 0.0171875 0.0109375
10 0.85078125 0.75859375 0.0203125 0.0203125