3 0.61875 0.31640625 0.0234375 0.0578125
3 0.5765625 0.36171875 0.021875 0.0515625
3 0.5609375 0.38046875 0.021875 0.0515625
6 0.52421875 0.3765625 0.009375 0.0234375
2 0.6 0.35859375 0.03125 0.0953125
9 0.63046875 0.3921875 0.0296875 0.0828125
3 0.6140625 0.4328125 0.01875 0.0421875
10 0.571875 0.4421875 0.021875 0.0515625
2 0.596875 0.459375 0.040625 0.1203125
9 0.65546875 0.553125 0.0234375 0.0578125
9 0.6265625 0.49296875 0.025 0.0671875
3 0.61640625 0.53125 0.0171875 0.0328125
2 0.6359375 0.5453125 0.021875 0.0578125
3 0.621875 0.5671875 0.0171875 0.03125
9 0.6453125 0.59140625 0.0203125 0.0515625
3 0.628125 0.59453125 0.0140625 0.0265625
3 0.665625 0.66796875 0.0125 0.021875
3 0.67109375 0.6890625 0.0125 0.0203125
3 0.65625 0.6921875 0.0140625 0.0171875
3 0.6515625 0.6765625 0.0125 0.0203125
3 0.64609375 0.6609375 0.0125 0.021875
10 0.64296875 0.640625 0.0125 0.0234375
10 0.63671875 0.62265625 0.0140625 0.03125
3 0.65078125 0.61875 0.0125 0.021875
10 0.6578125 0.6421875 0.0125 0.028125
3 0.71171875 0.60625 0.0125 0.0234375
3 0.71796875 0.6765625 0.0125 0.0203125
9 0.746875 0.81796875 0.0203125 0.0234375
3 0.75234375 0.7953125 0.0078125 0.0125
9 0.58671875 0.8453125 0.0234375 0.03125
3 0.84921875 0.94921875 0.0078125 0.0078125
3 0.84375 0.940625 0.0078125 0.009375
3 0.81328125 0.9328125 0.0078125 0.009375
10 0.81484375 0.94375 0.009375 0.0109375
10 0.3921875 0.7109375 0.034375 0.034375
2 0.35859375 0.75234375 0.025 0.025
3 0.35390625 0.79453125 0.021875 0.021875
9 0.36484375 0.8 0.03125 0.03125
3 0.38046875 0.79921875 0.0171875 0.0171875
10 0.39375 0.80625 0.021875 0.021875
3 0.4015625 0.80703125 0.0140625 0.0171875
2 0.4109375 0.8125 0.025 0.028125
10 0.41796875 0.8140625 0.015625 0.0171875
3 0.425 0.81484375 0.0140625 0.0171875
3 0.43125 0.8140625 0.0140625 0.015625
3 0.4375 0.81875 0.015625 0.015625
2 0.44375 0.82421875 0.0234375 0.025
3 0.4625 0.8265625 0.015625 0.0140625
10 0.4921875 0.8265625 0.015625 0.015625
6 0.7671875 0.46953125 0.00625 0.015625
6 0.778125 0.4671875 0.0078125 0.0140625
6 0.7765625 0.46796875 0.0078125 0.015625
6 0.77421875 0.4703125 0.009375 0.01875