10 0.72578125 0.94453125 0.1296875 0.1109375
3 0.75625 0.69609375 0.10625 0.1390625
3 0.76953125 0.575 0.0890625 0.1203125
3 0.7703125 0.4875 0.0765625 0.0984375
3 0.26796875 0.7859375 0.115625 0.1671875
3 0.4078125 0.20703125 0.075 0.1046875
3 0.3515625 0.2796875 0.078125 0.1015625
2 0.17421875 0.47109375 0.2515625 0.3546875
7 0.32890625 0.38359375 0.0328125 0.05
7 0.31484375 0.3828125 0.03125 0.046875
1 0.3109375 0.41171875 0.0421875 0.04375
3 0.8 0.2859375 0.0515625 0.0703125
3 0.78046875 0.365625 0.0625 0.0796875
10 0.48671875 0.1203125 0.0734375 0.096875