3 0.2234375 0.46875 0.0328125 0.0296875
3 0.4578125 0.48828125 0.0328125 0.03125
3 0.5328125 0.4859375 0.03125 0.02890625
3 0.45859375 0.471875 0.02734375 0.02421875
3 0.47421875 0.4484375 0.03046875 0.03046875
3 0.48359375 0.43359375 0.028125 0.0234375
3 0.48984375 0.425 0.03046875 0.0203125
3 0.49609375 0.40546875 0.02421875 0.021875
3 0.50390625 0.39609375 0.02421875 0.01953125
3 0.5125 0.38125 0.02421875 0.021875
10 0.54921875 0.43828125 0.028125 0.0296875
3 0.6859375 0.26796875 0.01015625 0.015625
3 0.6203125 0.29609375 0.0203125 0.01484375
3 0.62578125 0.2859375 0.02109375 0.0203125
3 0.6265625 0.2765625 0.01796875 0.01484375
10 0.55234375 0.30546875 0.0171875 0.01796875
10 0.6265625 0.27421875 0.02109375 0.01484375
3 0.63125 0.26796875 0.02265625 0.01875
3 0.634375 0.26015625 0.01796875 0.01484375
3 0.63515625 0.253125 0.01953125 0.0140625
3 0.65546875 0.26484375 0.0203125 0.01484375
6 0.596875 0.26015625 0.00234375 0.0109375
3 0.55390625 0.29609375 0.02109375 0.015625
10 0.6359375 0.2453125 0.0203125 0.01640625
3 0.65625 0.25859375 0.01953125 0.01796875
3 0.65703125 0.2515625 0.01953125 0.0109375
3 0.6578125 0.24765625 0.01953125 0.0140625
3 0.66328125 0.2265625 0.00859375 0.01328125
3 0.68515625 0.228125 0.0078125 0.015625
3 0.6953125 0.23046875 0.00859375 0.0140625
10 0.63828125 0.2203125 0.00859375 0.021875
7 0.5953125 0.27421875 0.00390625 0.00703125
4 0.59453125 0.28046875 0.00390625 0.0109375
3 0.63046875 0.190625 0.0078125 0.01484375
3 0.64609375 0.203125 0.01640625 0.01015625
3 0.64921875 0.2 0.01328125 0.0109375
3 0.646875 0.19453125 0.01328125 0.01015625