7 0.35703125 0.521875 0.00546875 0.0203125
7 0.3609375 0.51953125 0.003125 0.01953125
7 0.36796875 0.49765625 0.00546875 0.015625
7 0.40390625 0.5171875 0.0046875 0.01171875
7 0.50859375 0.41484375 0.00546875 0.01875
7 0.57421875 0.54765625 0.00703125 0.01796875
7 0.546875 0.446875 0.00703125 0.01171875
7 0.5921875 0.40546875 0.00703125 0.0203125
7 0.55 0.4453125 0.00703125 0.01328125
7 0.6484375 0.25546875 0.0046875 0.015625
7 0.63046875 0.221875 0.00390625 0.01484375
4 0.63046875 0.228125 0.00703125 0.01875
4 0.64765625 0.25703125 0.00703125 0.01953125
0 0.50546875 0.24296875 0.00859375 0.0265625
4 0.5890625 0.40859375 0.01171875 0.01796875
4 0.54765625 0.4484375 0.01640625 0.01171875
1 0.50625 0.41953125 0.01328125 0.01171875
1 0.571875 0.55546875 0.01015625 0.025
6 0.4640625 0.50390625 0.00703125 0.01640625
6 0.446875 0.51640625 0.00625 0.01484375
9 0.56953125 0.14453125 0.0484375 0.07109375
9 0.61640625 0.04453125 0.02421875 0.03125
6 0.60078125 0.03515625 0.00390625 0.01640625
10 0.66953125 0.16953125 0.02578125 0.0234375
3 0.60390625 0.21640625 0.0171875 0.028125
3 0.2625 0.1234375 0.02421875 0.01796875
3 0.2625 0.1359375 0.0234375 0.01640625
3 0.30390625 0.07109375 0.00703125 0.01875
3 0.30703125 0.0859375 0.00859375 0.01875
3 0.29765625 0.04140625 0.009375 0.01796875
3 0.20859375 0.21796875 0.01015625 0.0296875
9 0.2859375 0.06953125 0.0109375 0.03203125
9 0.28125 0.03984375 0.0078125 0.03515625
6 0.22890625 0.5984375 0.00546875 0.02109375
6 0.27109375 0.584375 0.00703125 0.0203125
6 0.39375 0.56796875 0.00625 0.01875
0 0.40234375 0.54921875 0.01015625 0.04140625
3 0.52734375 0.503125 0.02890625 0.06640625
6 0.046875 0.68203125 0.01328125 0.01796875