3 0.2765625 0.94609375 0.03046875 0.053125
3 0.31875 0.5875 0.03125 0.053125
3 0.0390625 0.83359375 0.03046875 0.0484375
3 0.0703125 0.78671875 0.0328125 0.05
3 0.11953125 0.7140625 0.03125 0.0515625
10 0.1578125 0.65546875 0.034375 0.05546875
3 0.27265625 0.5 0.02890625 0.04296875
10 0.29765625 0.46875 0.03046875 0.040625
10 0.325 0.4265625 0.02734375 0.0453125
10 0.3484375 0.38671875 0.0296875 0.04453125
3 0.43359375 0.446875 0.03046875 0.04609375
3 0.43515625 0.3953125 0.028125 0.0484375
3 0.50546875 0.40078125 0.03203125 0.05078125
3 0.515625 0.4328125 0.03046875 0.046875
3 0.5046875 0.3484375 0.03046875 0.046875
3 0.484375 0.2515625 0.01484375 0.0515625
3 0.56875 0.5421875 0.028125 0.04140625
3 0.58046875 0.51640625 0.03203125 0.03515625
10 0.6 0.434375 0.03203125 0.06015625
3 0.6609375 0.41953125 0.021875 0.0515625
9 0.65078125 0.4015625 0.025 0.05078125
3 0.63828125 0.38828125 0.02109375 0.05390625
3 0.625 0.36796875 0.021875 0.046875
3 0.6125 0.346875 0.03359375 0.06015625
9 0.67265625 0.29921875 0.03046875 0.0296875
3 0.4375 0.2359375 0.028125 0.04453125