3 0.11640625 0.90546875 0.2140625 0.134375
3 0.15703125 0.8203125 0.17109375 0.140625
3 0.203125 0.72890625 0.1484375 0.11875
3 0.2359375 0.63046875 0.1 0.08359375
3 0.246875 0.59609375 0.10859375 0.0703125
3 0.26875 0.50390625 0.08359375 0.0546875
3 0.2671875 0.4875 0.07890625 0.05078125
3 0.40078125 0.440625 0.03359375 0.03671875
3 0.37265625 0.41484375 0.034375 0.040625
3 0.34765625 0.40078125 0.02578125 0.03359375
3 0.3265625 0.39140625 0.02578125 0.03046875
3 0.29453125 0.42578125 0.02421875 0.0359375
3 0.275 0.40625 0.0203125 0.03359375
3 0.23984375 0.37109375 0.02578125 0.03515625
3 0.3328125 0.37109375 0.02890625 0.0265625
3 0.24375 0.34921875 0.0296875 0.0265625
3 0.1984375 0.36484375 0.02421875 0.03359375