10 0.39375 0.2109375 0.021875 0.05
2 0.134375 0.296875 0.05625 0.0515625
2 0.46953125 0.5828125 0.1328125 0.1421875
2 0.30390625 0.68671875 0.190625 0.1828125
3 0.3671875 0.56328125 0.06875 0.084375
4 0.54765625 0.5484375 0.028125 0.05625
4 0.56171875 0.534375 0.0359375 0.05625
4 0.5578125 0.5453125 0.0359375 0.065625
4 0.58046875 0.51640625 0.0328125 0.0546875
4 0.5890625 0.50625 0.0328125 0.0515625
4 0.596875 0.5046875 0.03125 0.0578125
4 0.625 0.48046875 0.0328125 0.05625
4 0.63515625 0.47421875 0.0296875 0.05
4 0.61171875 0.49609375 0.0328125 0.053125
4 0.61875 0.484375 0.028125 0.046875
4 0.640625 0.465625 0.0234375 0.0515625
6 0.475 0.68515625 0.015625 0.0359375
6 0.45625 0.71484375 0.0203125 0.0296875
6 0.5734375 0.275 0.0140625 0.03125
6 0.56328125 0.2625 0.0140625 0.025
6 0.54765625 0.27265625 0.0140625 0.0265625
6 0.54140625 0.30546875 0.0140625 0.025
6 0.56328125 0.28828125 0.0171875 0.0296875
6 0.27265625 0.478125 0.0125 0.0328125
6 0.2375 0.49453125 0.0140625 0.0296875
6 0.21875 0.5046875 0.0171875 0.03125
6 0.08984375 0.59375 0.0171875 0.0328125
6 0.22734375 0.3609375 0.009375 0.0203125
6 0.26484375 0.0921875 0.00625 0.01875
6 0.26015625 0.090625 0.00625 0.015625
6 0.09296875 0.2765625 0.009375 0.021875
6 0.084375 0.27421875 0.009375 0.0171875
6 0.44765625 0.1265625 0.009375 0.0203125
6 0.44140625 0.13125 0.009375 0.0203125
6 0.45 0.11796875 0.009375 0.0203125
6 0.46015625 0.18671875 0.009375 0.0203125
6 0.48515625 0.14375 0.0078125 0.015625
10 0.48203125 0.03046875 0.0203125 0.0453125
6 0.2296875 0.46640625 0.009375 0.021875
6 0.21796875 0.35 0.0125 0.0203125
4 0.16640625 0.4953125 0.0140625 0.028125
6 0.653125 0.55546875 0.0171875 0.03125