6 0.703125 0.30390625 0.00390625 0.01953125
6 0.7078125 0.28671875 0.00390625 0.01640625
3 0.6453125 0.97109375 0.065625 0.0578125
3 0.70625 0.975 0.0671875 0.04921875
1 0.88515625 0.7828125 0.0125 0.03046875
1 0.89296875 0.78125 0.01015625 0.03046875
1 0.90625 0.75546875 0.01015625 0.02890625
1 0.9140625 0.78125 0.01328125 0.03125
1 0.92890625 0.78125 0.01171875 0.03046875
1 0.94140625 0.78046875 0.009375 0.025
1 0.94921875 0.7796875 0.01328125 0.02578125
1 0.97734375 0.846875 0.01796875 0.03515625
3 0.70703125 0.89453125 0.06015625 0.075
3 0.6765625 0.65625 0.04921875 0.05390625
3 0.79140625 0.76796875 0.05546875 0.065625
3 0.765625 0.82109375 0.05390625 0.06015625
3 0.75 0.840625 0.0640625 0.078125
3 0.7265625 0.865625 0.06484375 0.078125
4 0.78359375 0.684375 0.01875 0.0234375
7 0.78515625 0.678125 0.009375 0.02890625
3 0.87578125 0.63671875 0.04296875 0.0390625
3 0.88203125 0.6171875 0.046875 0.0359375
3 0.90546875 0.5890625 0.04921875 0.04296875
3 0.92578125 0.5625 0.04609375 0.03828125
3 0.90234375 0.48671875 0.02734375 0.03828125
3 0.93359375 0.49921875 0.025 0.0359375
3 0.86875 0.47421875 0.028125 0.0390625
3 0.84921875 0.46171875 0.02421875 0.03359375
3 0.8296875 0.4546875 0.02578125 0.03671875
3 0.80859375 0.44453125 0.02578125 0.034375
3 0.7703125 0.4265625 0.0265625 0.03359375
3 0.7578125 0.41796875 0.02421875 0.02890625
3 0.73984375 0.409375 0.0265625 0.0265625
3 0.61796875 0.64375 0.04453125 0.04921875
3 0.6015625 0.6609375 0.0484375 0.05078125
3 0.65703125 0.5953125 0.04375 0.040625
3 0.69375 0.56796875 0.040625 0.04453125
3 0.7359375 0.59765625 0.04453125 0.03984375
3 0.74296875 0.57890625 0.04453125 0.0359375
3 0.75859375 0.565625 0.04296875 0.04375
3 0.76953125 0.5546875 0.0375 0.03671875
3 0.78359375 0.54296875 0.0453125 0.04375
3 0.790625 0.528125 0.03515625 0.03359375
3 0.80234375 0.5171875 0.04140625 0.0359375
3 0.815625 0.50546875 0.04140625 0.03984375
3 0.71328125 0.53984375 0.03828125 0.040625
3 0.7265625 0.53125 0.0390625 0.0359375
3 0.73984375 0.51953125 0.04296875 0.03671875
3 0.75078125 0.50625 0.03515625 0.03203125
3 0.75859375 0.49375 0.03828125 0.03203125
3 0.77265625 0.48359375 0.03984375 0.0390625
3 0.7875 0.47421875 0.0390625 0.03203125
3 0.553125 0.52109375 0.03984375 0.0390625
6 0.5765625 0.4109375 0.0046875 0.02421875
3 0.57109375 0.5140625 0.0375 0.03515625
3 0.584375 0.50078125 0.0375 0.034375
3 0.6 0.4890625 0.03671875 0.03203125
3 0.62578125 0.46640625 0.03359375 0.03046875
3 0.63359375 0.4546875 0.03359375 0.03359375
3 0.64609375 0.44453125 0.0375 0.02890625
3 0.6546875 0.43671875 0.028125 0.0296875
3 0.6734375 0.428125 0.03046875 0.02890625
3 0.6828125 0.41953125 0.0359375 0.0296875
3 0.69375 0.4125 0.03359375 0.0265625
3 0.55625 0.79765625 0.05234375 0.06953125
10 0.578125 0.7734375 0.0484375 0.07109375
3 0.440625 0.8265625 0.05 0.0609375
3 0.38203125 0.8765625 0.05625 0.07578125
3 0.3296875 0.93203125 0.053125 0.07578125
3 0.1375 0.89375 0.04765625 0.06953125
3 0.09609375 0.91328125 0.0546875 0.07578125
3 0.175 0.86953125 0.0421875 0.0703125
10 0.20703125 0.83359375 0.04609375 0.08125
3 0.23359375 0.80703125 0.0453125 0.059375
3 0.26328125 0.7859375 0.04453125 0.06484375
3 0.28828125 0.76171875 0.040625 0.0515625
3 0.31484375 0.74296875 0.046875 0.0515625
1 0.453125 0.61484375 0.0171875 0.0203125
7 0.45234375 0.609375 0.00859375 0.0265625
1 0.37734375 0.61796875 0.01640625 0.0234375
7 0.3765625 0.61171875 0.0078125 0.02421875
1 0.3140625 0.696875 0.00703125 0.02421875
6 0.40078125 0.44453125 0.0046875 0.02890625
1 0.22734375 0.57109375 0.01484375 0.01875
7 0.22578125 0.5625 0.009375 0.01953125
3 0.31875 0.40078125 0.0296875 0.03515625
10 0.37734375 0.43046875 0.034375 0.0390625
3 0.41171875 0.4296875 0.03046875 0.0296875
3 0.3984375 0.4203125 0.0265625 0.0296875
3 0.3859375 0.4109375 0.025 0.034375
3 0.365625 0.40703125 0.0296875 0.03359375
3 0.3546875 0.3984375 0.021875 0.02421875
3 0.346875 0.3890625 0.02109375 0.02578125
3 0.3125 0.37421875 0.0296875 0.02890625
3 0.29921875 0.36796875 0.02890625 0.02890625
3 0.2875 0.3609375 0.02890625 0.0265625
3 0.28046875 0.35390625 0.02734375 0.028125
3 0.2734375 0.34765625 0.025 0.025
10 0.26171875 0.3390625 0.025 0.03203125
3 0.253125 0.33828125 0.02890625 0.028125
3 0.23984375 0.3328125 0.02578125 0.025
3 0.23046875 0.32578125 0.0265625 0.0265625
3 0.225 0.31953125 0.02265625 0.0203125
3 0.21015625 0.31875 0.02734375 0.021875
3 0.2015625 0.31171875 0.02578125 0.021875
3 0.18984375 0.30859375 0.025 0.0234375
3 0.16796875 0.30625 0.02578125 0.0203125
3 0.1421875 0.30078125 0.0203125 0.02421875
3 0.09296875 0.29140625 0.03046875 0.0234375
3 0.109375 0.3203125 0.0171875 0.021875
1 0.20546875 0.35546875 0.00859375 0.0140625
7 0.20546875 0.3515625 0.00546875 0.01796875
3 0.33515625 0.47890625 0.03359375 0.0359375
3 0.3171875 0.46875 0.03359375 0.0296875
3 0.2953125 0.503125 0.0390625 0.03984375
3 0.28203125 0.49375 0.0375 0.03984375
3 0.26953125 0.48359375 0.03671875 0.0390625
3 0.259375 0.471875 0.03515625 0.03828125
3 0.24609375 0.459375 0.03671875 0.04140625
3 0.2328125 0.4546875 0.0328125 0.03515625
3 0.22265625 0.44765625 0.03671875 0.0359375
3 0.21015625 0.4375 0.0328125 0.0359375
3 0.20078125 0.43203125 0.02890625 0.028125
3 0.18671875 0.428125 0.03671875 0.03046875
3 0.165625 0.40703125 0.03046875 0.0359375
10 0.1796875 0.4125 0.03203125 0.03984375
3 0.1578125 0.40234375 0.0296875 0.03046875
3 0.14921875 0.39609375 0.0328125 0.03359375
3 0.109375 0.37109375 0.03203125 0.02421875
3 0.13671875 0.3890625 0.03203125 0.02421875
3 0.121875 0.3765625 0.03203125 0.02890625
3 0.103125 0.36484375 0.02578125 0.02421875
10 0.09375 0.35625 0.03203125 0.0296875
3 0.0796875 0.35703125 0.02109375 0.03046875
3 0.09453125 0.484375 0.03828125 0.03515625
3 0.08671875 0.46875 0.03828125 0.03515625
3 0.07734375 0.45703125 0.03515625 0.040625
3 0.06484375 0.44921875 0.03515625 0.0359375
3 0.05859375 0.44453125 0.03515625 0.0359375
3 0.05234375 0.43203125 0.03828125 0.0359375
3 0.0421875 0.4265625 0.03203125 0.03828125
3 0.034375 0.42109375 0.03671875 0.0359375
3 0.03046875 0.4109375 0.03203125 0.03359375
3 0.29296875 0.45390625 0.03359375 0.03046875
3 0.2828125 0.44375 0.0359375 0.03359375
3 0.26953125 0.434375 0.03359375 0.03203125
3 0.2578125 0.43046875 0.03125 0.02890625
3 0.24296875 0.41953125 0.03125 0.02890625
3 0.2328125 0.4140625 0.034375 0.028125
3 0.225 0.403125 0.03515625 0.03203125
3 0.21484375 0.40078125 0.03203125 0.03046875
3 0.20546875 0.3921875 0.03046875 0.02890625
3 0.19609375 0.38125 0.03125 0.03203125
3 0.18125 0.37890625 0.028125 0.025
3 0.17421875 0.37421875 0.03515625 0.03046875
3 0.16484375 0.36640625 0.03125 0.025
3 0.16015625 0.359375 0.03125 0.025
3 0.14921875 0.35234375 0.03046875 0.025
3 0.1203125 0.3359375 0.0265625 0.0234375
3 0.1296875 0.34140625 0.03046875 0.028125
3 0.1359375 0.34765625 0.034375 0.034375