10 0.8 0.471875 0.053125 0.0734375
3 0.80859375 0.50546875 0.046875 0.0578125
3 0.8125 0.53359375 0.05 0.0578125
3 0.80703125 0.565625 0.05 0.053125
3 0.75859375 0.6296875 0.0375 0.0546875
3 0.73515625 0.64140625 0.0390625 0.0609375
3 0.71328125 0.65078125 0.0375 0.0578125
3 0.74140625 0.47421875 0.0453125 0.0609375
3 0.71015625 0.5234375 0.0359375 0.0578125
3 0.690625 0.6546875 0.0375 0.0546875
3 0.6734375 0.66171875 0.0359375 0.053125
3 0.6546875 0.66953125 0.0390625 0.0546875
3 0.621875 0.678125 0.040625 0.05625
3 0.60546875 0.68515625 0.0359375 0.05
3 0.59140625 0.68984375 0.0390625 0.053125
3 0.64296875 0.56640625 0.040625 0.059375
10 0.61953125 0.57578125 0.0484375 0.0625
3 0.596875 0.5875 0.0390625 0.053125
3 0.5796875 0.59609375 0.0390625 0.0546875
3 0.5609375 0.60390625 0.0421875 0.053125
3 0.54296875 0.6078125 0.0390625 0.0515625
3 0.51328125 0.62578125 0.0359375 0.046875
10 0.5609375 0.70625 0.0375 0.0546875
3 0.546875 0.71015625 0.0359375 0.0515625
3 0.53125 0.7140625 0.0359375 0.0484375
3 0.51640625 0.71640625 0.0328125 0.0453125
3 0.49140625 0.7296875 0.0359375 0.046875
3 0.4765625 0.7359375 0.0390625 0.0515625
3 0.4625 0.73828125 0.0328125 0.0453125
3 0.42578125 0.753125 0.0390625 0.046875
3 0.4140625 0.76015625 0.03125 0.0421875
3 0.40234375 0.7640625 0.03125 0.0453125
3 0.38046875 0.76953125 0.0328125 0.0390625
3 0.36796875 0.77578125 0.0296875 0.0390625
10 0.45 0.67578125 0.0375 0.0375
3 0.4125 0.7015625 0.0359375 0.04375
3 0.7921875 0.87265625 0.021875 0.03125
9 0.7625 0.84921875 0.0328125 0.0625
3 0.75625 0.88359375 0.01875 0.021875
3 0.74453125 0.8859375 0.021875 0.0296875
10 0.18984375 0.909375 0.03125 0.0359375
3 0.1828125 0.915625 0.025 0.03125
2 0.17578125 0.915625 0.028125 0.034375
3 0.16875 0.91484375 0.025 0.0296875
10 0.28828125 0.775 0.025 0.0296875