3 0.72109375 0.3 0.121875 0.0515625
3 0.5921875 0.18984375 0.134375 0.06875
3 0.46015625 0.2359375 0.0921875 0.0453125
3 0.4515625 0.35625 0.103125 0.040625
3 0.15390625 0.45546875 0.05 0.021875
3 0.10078125 0.36875 0.040625 0.0203125
3 0.22890625 0.49140625 0.0515625 0.025
0 0.36171875 0.51484375 0.0515625 0.01875
3 0.1015625 0.47890625 0.0390625 0.0203125
3 0.01328125 0.4359375 0.0265625 0.01875
6 0.196875 0.5734375 0.028125 0.009375
7 0.1515625 0.56171875 0.01875 0.0078125
7 0.14453125 0.5328125 0.015625 0.0078125
7 0.084375 0.55390625 0.0140625 0.0078125
7 0.059375 0.5546875 0.0125 0.0078125
7 0.028125 0.54921875 0.0140625 0.0078125
7 0.0921875 0.53125 0.0125 0.00625
7 0.04296875 0.52421875 0.0125 0.0046875
7 0.0171875 0.53046875 0.0125 0.0046875
4 0.15703125 0.53046875 0.01875 0.00625
4 0.16171875 0.55859375 0.01875 0.0046875
4 0.08984375 0.553125 0.0125 0.0046875
4 0.09765625 0.5296875 0.009375 0.0046875
4 0.06640625 0.55234375 0.009375 0.0046875
4 0.04921875 0.5234375 0.0109375 0.00625
4 0.034375 0.5484375 0.0125 0.00625
4 0.021875 0.52890625 0.0125 0.00625
3 0.009375 0.4890625 0.01875 0.0125
6 0.421875 0.5734375 0.0328125 0.0125
6 0.49140625 0.575 0.0421875 0.0140625
3 0.57734375 0.32890625 0.09375 0.040625