3 0.82109375 0.92421875 0.05625 0.09921875
10 0.70390625 0.85078125 0.03984375 0.1015625
3 0.87578125 0.2578125 0.05 0.05078125
3 0.7859375 0.284375 0.03828125 0.065625
3 0.73203125 0.421875 0.02734375 0.07421875
3 0.7046875 0.38984375 0.0234375 0.071875
3 0.24765625 0.3609375 0.046875 0.0546875
3 0.20078125 0.484375 0.0546875 0.05703125
8 0.06328125 0.571875 0.040625 0.06953125
7 0.065625 0.55078125 0.00859375 0.01640625
7 0.07109375 0.5546875 0.01015625 0.01484375
3 0.075 0.37109375 0.04296875 0.07890625