6 0.240625 0.01171875 0.00234375 0.01484375
6 0.24921875 0.071875 0.00390625 0.01640625
6 0.23671875 0.0046875 0.00234375 0.009375
6 0.228125 0.40390625 0.003125 0.0203125
6 0.23125 0.39921875 0.003125 0.02109375
10 0.21171875 0.4515625 0.01796875 0.06015625
3 0.2375 0.4765625 0.0234375 0.06015625
3 0.22578125 0.62578125 0.02109375 0.0765625
3 0.22734375 0.72109375 0.02421875 0.084375
6 0.24609375 0.76640625 0.00390625 0.02109375
6 0.25078125 0.76796875 0.00234375 0.02109375
6 0.25546875 0.75078125 0.00234375 0.01796875
6 0.25859375 0.75859375 0.00234375 0.021875
6 0.265625 0.75703125 0.00546875 0.02578125
6 0.2625 0.8171875 0.003125 0.0265625
6 0.25859375 0.8078125 0.00390625 0.01953125
6 0.3078125 0.75546875 0.00546875 0.03046875
6 0.30078125 0.76328125 0.00546875 0.0296875
10 0.37890625 0.94375 0.07734375 0.05546875
3 0.37421875 0.89453125 0.06171875 0.0734375
3 0.36875 0.828125 0.059375 0.0546875
3 0.3578125 0.7765625 0.05390625 0.05546875
3 0.35234375 0.72109375 0.05234375 0.06015625
3 0.34453125 0.6765625 0.0515625 0.05703125
3 0.33671875 0.64375 0.046875 0.0515625
3 0.33125 0.61171875 0.0453125 0.04453125
3 0.3328125 0.5765625 0.05078125 0.0484375
3 0.32109375 0.540625 0.0421875 0.03828125
10 0.315625 0.5109375 0.0390625 0.0453125
6 0.2984375 0.60546875 0.003125 0.021875
6 0.3015625 0.60859375 0.003125 0.021875
6 0.2921875 0.609375 0.00546875 0.03046875
3 0.40625 0.53671875 0.02421875 0.06640625
3 0.46484375 0.48046875 0.02578125 0.0546875
3 0.41171875 0.45703125 0.028125 0.06015625
10 0.3875 0.3953125 0.0328125 0.05
3 0.3109375 0.45078125 0.03984375 0.0390625
3 0.428125 0.37265625 0.021875 0.0453125
3 0.4515625 0.34453125 0.02109375 0.04296875
3 0.47109375 0.39921875 0.02265625 0.046875
3 0.3015625 0.42734375 0.03359375 0.034375
3 0.3078125 0.3734375 0.03359375 0.03203125
10 0.3 0.40234375 0.03671875 0.04140625
3 0.3 0.3390625 0.02734375 0.028125
3 0.39921875 0.2921875 0.01796875 0.0359375
3 0.43515625 0.2984375 0.01953125 0.04140625
3 0.41953125 0.246875 0.01484375 0.0296875
3 0.38671875 0.2359375 0.0234375 0.034375
3 0.396875 0.178125 0.01484375 0.02890625
3 0.30078125 0.31953125 0.03515625 0.025
3 0.2984375 0.29921875 0.03046875 0.021875
3 0.29609375 0.28359375 0.03203125 0.01796875
3 0.28984375 0.265625 0.0296875 0.0265625
3 0.29296875 0.24921875 0.02890625 0.0234375
3 0.28359375 0.23671875 0.02890625 0.025
3 0.278125 0.22109375 0.0234375 0.0234375
3 0.28125 0.19921875 0.02734375 0.02421875
3 0.35546875 0.15625 0.01171875 0.0265625
3 0.3859375 0.1484375 0.0140625 0.02421875
3 0.33046875 0.10546875 0.01171875 0.0265625
3 0.34453125 0.10546875 0.01171875 0.0203125
3 0.378125 0.12265625 0.0140625 0.0265625
3 0.3640625 0.08203125 0.01171875 0.0203125
3 0.33828125 0.0390625 0.01171875 0.0203125
3 0.32421875 0.040625 0.01015625 0.01796875
3 0.30625 0.021875 0.009375 0.02109375
3 0.32109375 0.01171875 0.0078125 0.015625
9 0.34609375 0.02578125 0.009375 0.02109375
3 0.2765625 0.1859375 0.0234375 0.015625
10 0.28125 0.171875 0.01953125 0.01953125
10 0.27734375 0.15703125 0.0234375 0.02109375
3 0.2734375 0.140625 0.0203125 0.0140625
3 0.2734375 0.1265625 0.02265625 0.01796875
3 0.2703125 0.11640625 0.0203125 0.015625
3 0.26640625 0.10546875 0.025 0.015625
3 0.2640625 0.090625 0.02265625 0.01953125
3 0.265625 0.078125 0.01953125 0.01484375
3 0.2625 0.0671875 0.02109375 0.01796875
3 0.26640625 0.05859375 0.021875 0.01796875
3 0.26171875 0.05078125 0.01953125 0.01484375
3 0.2625 0.04140625 0.01953125 0.01171875
3 0.26328125 0.03359375 0.01875 0.01484375
3 0.2625 0.02421875 0.0171875 0.0140625
3 0.25859375 0.01640625 0.01875 0.01484375
3 0.2515625 0.009375 0.01640625 0.0140625
3 0.340625 0.0171875 0.01015625 0.01953125
3 0.359375 0.065625 0.01484375 0.0203125
3 0.371875 0.103125 0.01171875 0.021875
3 0.396875 0.21796875 0.01796875 0.03046875
3 0.4078125 0.2078125 0.01640625 0.03046875
6 0.25390625 0.06953125 0.00234375 0.01015625
6 0.37734375 0.0265625 0.003125 0.01328125
6 0.36328125 0.0421875 0.00234375 0.01171875
6 0.4296875 0.06796875 0.00234375 0.0109375
6 0.4203125 0.1140625 0.003125 0.01328125
6 0.41640625 0.115625 0.00234375 0.0109375
4 0.29140625 0.121875 0.00859375 0.01015625
6 0.29921875 0.165625 0.00234375 0.01484375
6 0.35546875 0.21640625 0.00546875 0.01875
3 0.33671875 0.2328125 0.01484375 0.03203125
3 0.353125 0.32109375 0.02109375 0.03984375
6 0.3671875 0.1265625 0.003125 0.01875
6 0.37109375 0.12734375 0.00234375 0.0140625
3 0.3953125 0.0234375 0.01015625 0.015625
3 0.409375 0.021875 0.0109375 0.01796875
3 0.39609375 0.04453125 0.02109375 0.015625
3 0.434375 0.01796875 0.01015625 0.01484375
3 0.44609375 0.01640625 0.009375 0.0140625
3 0.45234375 0.06015625 0.0125 0.021875
3 0.42109375 0.00390625 0.01171875 0.00703125
4 0.44453125 0.14609375 0.00859375 0.01171875
4 0.4265625 0.10078125 0.01015625 0.0109375
4 0.41796875 0.08828125 0.00703125 0.00859375
4 0.4140625 0.07578125 0.0078125 0.009375
4 0.37265625 0.33203125 0.00859375 0.03203125
7 0.37109375 0.32421875 0.00546875 0.01640625
6 0.496875 0.22265625 0.00234375 0.015625
6 0.5015625 0.253125 0.00234375 0.015625
6 0.48046875 0.24921875 0.003125 0.015625
3 0.4796875 0.209375 0.03515625 0.05546875
6 0.4890625 0.14921875 0.00234375 0.01328125
4 0.509375 0.9234375 0.009375 0.03515625
7 0.50859375 0.91484375 0.0046875 0.01328125
3 0.5046875 0.79453125 0.03984375 0.103125
3 0.528125 0.69765625 0.03671875 0.08046875
3 0.55390625 0.64375 0.03359375 0.07890625
3 0.53125 0.57265625 0.0328125 0.0640625
3 0.50390625 0.50078125 0.02890625 0.06015625
3 0.4859375 0.44375 0.02578125 0.05
3 0.5296875 0.33125 0.02421875 0.03515625
10 0.5125 0.2890625 0.01953125 0.04453125
6 0.5328125 0.27890625 0.00390625 0.01640625
6 0.5125 0.21796875 0.00390625 0.0140625
6 0.50859375 0.25546875 0.003125 0.0140625
6 0.5078125 0.209375 0.00390625 0.01796875
6 0.553125 0.271875 0.00234375 0.015625
6 0.54765625 0.26875 0.00234375 0.009375
4 0.59609375 0.2921875 0.00546875 0.01796875
4 0.60234375 0.29375 0.00546875 0.01796875
4 0.6109375 0.2890625 0.00703125 0.01875
4 0.6203125 0.2875 0.00390625 0.01796875
6 0.54765625 0.29296875 0.00546875 0.01953125
3 0.5890625 0.74609375 0.03984375 0.090625
3 0.6421875 0.89453125 0.05390625 0.1140625
4 0.60703125 0.88515625 0.00859375 0.03671875
4 0.59375 0.865625 0.00703125 0.0265625
7 0.59375 0.859375 0.0046875 0.01171875
7 0.60703125 0.8734375 0.0046875 0.015625