10 0.421875 0.03046875 0.278125 0.0609375
6 0.159375 0.0875 0.090625 0.1171875
6 0.23046875 0.2703125 0.0640625 0.1
6 0.35625 0.31171875 0.0671875 0.1125
4 0.7703125 0.6640625 0.078125 0.0890625
6 0.840625 0.51953125 0.046875 0.071875
6 0.76015625 0.5359375 0.0484375 0.0765625
6 0.7890625 0.54921875 0.0703125 0.10625
7 0.63125 0.5828125 0.0234375 0.034375
7 0.63671875 0.57734375 0.0515625 0.0875
7 0.48984375 0.503125 0.059375 0.1046875
6 0.565625 0.38515625 0.053125 0.0984375
6 0.55 0.36015625 0.0625 0.1109375
4 0.5109375 0.38046875 0.084375 0.0890625
7 0.5171875 0.38671875 0.0328125 0.059375
7 0.49140625 0.371875 0.040625 0.06875
7 0.51171875 0.3796875 0.0703125 0.11875
6 0.48125 0.42734375 0.053125 0.096875