3 0.04375 0.878125 0.08671875 0.10546875
3 0.24765625 0.68359375 0.05703125 0.04453125
3 0.30625 0.57421875 0.0296875 0.01953125
10 0.1921875 0.58125 0.01953125 0.0265625
3 0.24375 0.48203125 0.00859375 0.00546875
3 0.21640625 0.47734375 0.00546875 0.00625
6 0.246875 0.48125 0.0015625 0.00625
6 0.2078125 0.47421875 0.0015625 0.00625
6 0.203125 0.4734375 0.0015625 0.0046875
6 0.4578125 0.60234375 0.00546875 0.025
9 0.55859375 0.59375 0.02421875 0.03671875
6 0.54375 0.61953125 0.0046875 0.025
6 0.5796875 0.621875 0.00390625 0.02421875
6 0.5828125 0.61875 0.0046875 0.02421875
6 0.5890625 0.621875 0.00546875 0.02578125
3 0.56484375 0.64921875 0.04453125 0.03046875
6 0.596875 0.61640625 0.00390625 0.02421875
6 0.60234375 0.61640625 0.00546875 0.028125
6 0.6265625 0.6140625 0.00390625 0.02421875
6 0.62421875 0.61171875 0.0046875 0.02890625
6 0.63046875 0.6109375 0.0046875 0.0265625
6 0.63359375 0.6125 0.00625 0.025
6 0.6359375 0.6109375 0.0046875 0.025
6 0.64453125 0.6125 0.00625 0.0265625
3 0.6546875 0.64921875 0.04609375 0.03515625
7 0.7078125 0.62578125 0.0078125 0.01953125
1 0.70703125 0.63359375 0.01328125 0.01796875
3 0.6921875 0.7390625 0.0671875 0.0484375