8 0.91953125 0.87578125 0.0875 0.0875
4 0.846875 0.76328125 0.05625 0.0484375
4 0.85234375 0.71640625 0.05625 0.05
3 0.6625 0.8 0.0953125 0.2703125
3 0.74296875 0.80625 0.121875 0.2078125
6 0.7546875 0.72109375 0.025 0.0859375
6 0.596875 0.95546875 0.0296875 0.0796875
6 0.5046875 0.978125 0.03125 0.04375
6 0.49921875 0.9375 0.0203125 0.0640625
6 0.51796875 0.87578125 0.025 0.096875
6 0.5421875 0.878125 0.0265625 0.0953125
6 0.58125 0.76640625 0.028125 0.0859375
6 0.59609375 0.73359375 0.0234375 0.0796875
6 0.5703125 0.74375 0.0203125 0.0703125
6 0.58046875 0.72734375 0.0234375 0.0734375
7 0.61640625 0.6390625 0.021875 0.046875
7 0.72734375 0.63828125 0.0203125 0.0703125
4 0.74921875 0.62890625 0.046875 0.0515625
6 0.72265625 0.5875 0.0203125 0.0765625
6 0.72421875 0.57734375 0.0203125 0.0734375
6 0.7140625 0.58046875 0.015625 0.04375
6 0.7078125 0.54609375 0.0203125 0.0640625
1 0.703125 0.5578125 0.0140625 0.053125
6 0.66640625 0.51640625 0.0203125 0.0609375
8 0.615625 0.65234375 0.0375 0.0984375
7 0.5625 0.6328125 0.0140625 0.0328125
6 0.559375 0.5953125 0.0203125 0.0609375
6 0.54375 0.59609375 0.0203125 0.0609375
4 0.521875 0.62421875 0.0234375 0.0703125
6 0.50234375 0.62890625 0.025 0.0796875
4 0.64375 0.521875 0.034375 0.0453125
6 0.61640625 0.51015625 0.0203125 0.0671875
7 0.6328125 0.48984375 0.01875 0.0453125
4 0.6328125 0.50234375 0.03125 0.0453125
7 0.6390625 0.4703125 0.01875 0.0484375
4 0.63828125 0.4765625 0.03125 0.0421875
6 0.68046875 0.43359375 0.0203125 0.0609375
6 0.70234375 0.421875 0.015625 0.05625
6 0.665625 0.4296875 0.0171875 0.0640625
7 0.615625 0.45546875 0.015625 0.05625
1 0.6171875 0.4609375 0.028125 0.0453125
6 0.60390625 0.47578125 0.0171875 0.059375
7 0.575 0.46953125 0.0171875 0.059375
1 0.575 0.47578125 0.015625 0.04375
6 0.6453125 0.39609375 0.0140625 0.05
6 0.62265625 0.38515625 0.015625 0.04375
7 0.5046875 0.43125 0.0171875 0.0328125
6 0.5265625 0.4125 0.0125 0.0484375
6 0.56953125 0.41875 0.015625 0.053125
6 0.58359375 0.41171875 0.0125 0.05
6 0.578125 0.39609375 0.015625 0.053125
6 0.56171875 0.39453125 0.0125 0.05
6 0.5671875 0.38359375 0.0125 0.04375
6 0.565625 0.3734375 0.015625 0.040625
6 0.55234375 0.39296875 0.0125 0.05
6 0.5546875 0.38515625 0.0078125 0.03125
3 0.61640625 0.42421875 0.0421875 0.0765625
10 0.59375 0.33671875 0.0359375 0.075
3 0.52421875 0.33671875 0.0390625 0.065625
6 0.50859375 0.38828125 0.0125 0.0453125
1 0.63203125 0.3046875 0.0359375 0.025
6 0.63203125 0.30859375 0.0171875 0.046875
6 0.66875 0.27109375 0.0078125 0.028125
10 0.80859375 0.3125 0.05625 0.059375
10 0.7203125 0.31796875 0.0625 0.0609375
6 0.8140625 0.25546875 0.0078125 0.03125
10 0.59765625 0.2890625 0.04375 0.05
6 0.65390625 0.275 0.009375 0.0265625
6 0.6390625 0.27421875 0.0078125 0.0265625
6 0.62734375 0.2765625 0.0078125 0.0265625
6 0.61796875 0.27578125 0.0078125 0.0265625
6 0.621875 0.26875 0.0078125 0.0265625
7 0.57421875 0.28359375 0.0109375 0.025
6 0.52890625 0.31015625 0.0125 0.03125
10 0.6453125 0.25703125 0.0375 0.0453125
10 0.63359375 0.2375 0.0265625 0.0421875
9 0.6015625 0.23828125 0.071875 0.0515625
6 0.53984375 0.29140625 0.0125 0.040625
6 0.52578125 0.2859375 0.0078125 0.0265625
4 0.5265625 0.28671875 0.0171875 0.021875
6 0.51328125 0.2890625 0.0109375 0.03125
6 0.53984375 0.25625 0.0109375 0.0296875
6 0.53203125 0.25234375 0.009375 0.034375
6 0.53984375 0.2515625 0.009375 0.034375
6 0.49921875 0.3421875 0.0125 0.0359375
6 0.490625 0.35078125 0.0125 0.0359375
6 0.4921875 0.33671875 0.0125 0.0359375
6 0.4796875 0.33671875 0.0125 0.034375
6 0.46796875 0.3140625 0.009375 0.0359375
7 0.4703125 0.29296875 0.0109375 0.025
4 0.47109375 0.303125 0.0171875 0.0296875
10 0.45 0.27109375 0.040625 0.04375
3 0.44140625 0.24609375 0.0484375 0.04375
4 0.4015625 0.36484375 0.015625 0.0359375
4 0.39140625 0.36015625 0.0109375 0.0265625
3 0.3828125 0.38359375 0.0328125 0.0375
10 0.3234375 0.39765625 0.06875 0.0515625
6 0.34765625 0.3609375 0.0125 0.040625
6 0.35 0.35078125 0.0125 0.04375
6 0.340625 0.35859375 0.0125 0.040625
6 0.33359375 0.35546875 0.0125 0.040625
6 0.31328125 0.4703125 0.0171875 0.040625
6 0.315625 0.48828125 0.01875 0.0546875
6 0.30859375 0.55625 0.015625 0.0390625
6 0.3609375 0.55 0.015625 0.0390625
6 0.3234375 0.54921875 0.0171875 0.0453125
6 0.3265625 0.5 0.01875 0.0546875
7 0.3796875 0.46015625 0.01875 0.0421875
6 0.3515625 0.53203125 0.015625 0.0484375
6 0.38515625 0.5359375 0.0140625 0.046875
6 0.3734375 0.51953125 0.015625 0.05625
6 0.46796875 0.49921875 0.015625 0.05625
7 0.446875 0.5203125 0.0171875 0.0453125
7 0.4984375 0.48828125 0.021875 0.0609375
1 0.5 0.4953125 0.0359375 0.0390625
4 0.446875 0.5296875 0.0375 0.0421875