6 0.4359375 0.4859375 0.02578125 0.1015625
6 0.49453125 0.46796875 0.02109375 0.08671875
6 0.48984375 0.34140625 0.01953125 0.07578125
6 0.40859375 0.1828125 0.00859375 0.04921875
6 0.51796875 0.30078125 0.01796875 0.06171875
6 0.4703125 0.22734375 0.01328125 0.046875
7 0.4734375 0.23671875 0.01328125 0.0359375
7 0.48515625 0.17734375 0.0109375 0.03203125
7 0.37109375 0.23046875 0.0125 0.0453125
7 0.540625 0.8109375 0.05234375 0.10390625
4 0.5484375 0.83828125 0.05 0.1640625
1 0.51171875 0.3640625 0.01484375 0.0609375
1 0.5015625 0.25546875 0.01484375 0.0453125
1 0.484375 0.18671875 0.01953125 0.02578125
4 0.37265625 0.24140625 0.01875 0.0390625
1 0.359375 0.17890625 0.01484375 0.025
1 0.3078125 0.18671875 0.02109375 0.02890625
1 0.30859375 0.153125 0.01015625 0.02109375
1 0.3203125 0.16953125 0.01640625 0.025
1 0.34609375 0.16484375 0.01015625 0.02421875
4 0.30078125 0.1359375 0.01015625 0.01640625
6 0.2734375 0.20390625 0.0109375 0.04921875
6 0.35703125 0.171875 0.00703125 0.03515625
6 0.30859375 0.18125 0.0125 0.03984375
6 0.353125 0.17734375 0.009375 0.03828125
7 0.3453125 0.153125 0.00703125 0.028125
7 0.33671875 0.15625 0.01171875 0.03203125
7 0.31953125 0.159375 0.01171875 0.03359375
7 0.30859375 0.140625 0.00625 0.02421875
7 0.3 0.1296875 0.00703125 0.021875
6 0.46953125 0.1203125 0.00546875 0.028125
6 0.46484375 0.115625 0.00546875 0.02890625
6 0.45078125 0.1140625 0.00625 0.0265625
6 0.4546875 0.1125 0.00546875 0.03046875
3 0.48671875 0.07109375 0.0265625 0.02109375
3 0.478125 0.05625 0.02578125 0.015625
3 0.4921875 0.0765625 0.0265625 0.021875
3 0.21796875 0.59765625 0.15078125 0.21953125
3 0.1109375 0.39921875 0.08671875 0.1140625
3 0.13203125 0.27734375 0.07734375 0.07890625
10 0.06875 0.353125 0.09765625 0.115625
3 0.03671875 0.31484375 0.0734375 0.0984375
3 0.04375 0.259375 0.07734375 0.06640625
3 0.203125 0.29765625 0.06640625 0.10859375
2 0.21328125 0.35859375 0.1953125 0.30703125
10 0.12421875 0.22109375 0.05078125 0.05859375
3 0.06875 0.2078125 0.04296875 0.046875
3 0.115625 0.196875 0.0359375 0.04453125
3 0.1390625 0.17578125 0.04296875 0.04453125
3 0.0953125 0.165625 0.05625 0.04296875
3 0.26015625 0.16171875 0.05390625 0.04453125
3 0.29375 0.15859375 0.0296875 0.04296875
3 0.284375 0.13203125 0.02578125 0.03515625
6 0.009375 0.2015625 0.01640625 0.04140625
6 0.3203125 0.10078125 0.021875 0.0234375
3 0.3484375 0.06953125 0.01640625 0.02109375
3 0.3640625 0.053125 0.01015625 0.015625
3 0.38515625 0.05 0.009375 0.01484375
3 0.38515625 0.06484375 0.01796875 0.01640625
6 0.14765625 0.13046875 0.00703125 0.034375
6 0.13359375 0.1359375 0.00703125 0.03359375
6 0.11953125 0.134375 0.00703125 0.03359375
6 0.1140625 0.13515625 0.00859375 0.03359375
6 0.1078125 0.13671875 0.00859375 0.02890625
6 0.10078125 0.13828125 0.0078125 0.03046875
6 0.09453125 0.13828125 0.00703125 0.02890625
6 0.08984375 0.1359375 0.009375 0.03359375
6 0.09765625 0.13125 0.00703125 0.03046875
6 0.1046875 0.1390625 0.0078125 0.02890625
6 0.109375 0.1359375 0.0078125 0.03125
6 0.109375 0.1359375 0.0109375 0.04140625
6 0.1140625 0.13125 0.009375 0.03671875
6 0.1203125 0.13125 0.0078125 0.03359375
6 0.125 0.13046875 0.00703125 0.034375
6 0.12734375 0.13046875 0.00703125 0.03125
6 0.13125 0.13203125 0.00703125 0.03125
6 0.13515625 0.13359375 0.00703125 0.03125
6 0.13515625 0.12890625 0.00703125 0.034375
6 0.1453125 0.1296875 0.0078125 0.03359375
7 0.1796875 0.10703125 0.00546875 0.021875
7 0.1921875 0.11328125 0.00703125 0.021875
7 0.190625 0.11171875 0.00703125 0.02109375
4 0.19296875 0.1171875 0.0109375 0.01953125
4 0.1828125 0.11171875 0.01328125 0.01796875
6 0.32265625 0.03125 0.003125 0.0109375
7 0.32734375 0.02734375 0.003125 0.00625
7 0.2828125 0.04140625 0.00390625 0.01015625
9 0.2609375 0.0484375 0.034375 0.02578125
3 0.271875 0.10078125 0.0234375 0.0359375
3 0.25 0.10625 0.02265625 0.0265625
3 0.22421875 0.10390625 0.02421875 0.02578125
3 0.24453125 0.09375 0.02109375 0.025
10 0.259375 0.0796875 0.01953125 0.028125
3 0.265625 0.09296875 0.01875 0.02578125
3 0.28984375 0.09296875 0.01953125 0.021875
3 0.3015625 0.08359375 0.01484375 0.0203125
3 0.3140625 0.07578125 0.01796875 0.01640625
9 0.27890625 0.0796875 0.02421875 0.02578125
3 0.28203125 0.06796875 0.01484375 0.0203125
3 0.29140625 0.075 0.0140625 0.01875
10 0.30078125 0.06796875 0.01484375 0.02109375
6 0.28671875 0.06171875 0.003125 0.015625
2 0.30390625 0.0484375 0.02890625 0.03359375
3 0.31015625 0.065625 0.01015625 0.01796875
3 0.31796875 0.06171875 0.01171875 0.01796875
3 0.325 0.05546875 0.01171875 0.01796875
3 0.3140625 0.0734375 0.0140625 0.01640625
9 0.33671875 0.05078125 0.01796875 0.02890625
9 0.3421875 0.03671875 0.01328125 0.0265625
10 0.3546875 0.04375 0.00859375 0.01640625
3 0.365625 0.040625 0.01015625 0.0140625
3 0.353125 0.03828125 0.00703125 0.01328125
3 0.35859375 0.03125 0.00703125 0.01328125
3 0.36796875 0.03203125 0.00625 0.01328125
3 0.3734375 0.03125 0.00703125 0.01328125
2 0.36875 0.01796875 0.01484375 0.025
2 0.38359375 0.0234375 0.00703125 0.01015625
3 0.38671875 0.0390625 0.0109375 0.01484375
10 0.39453125 0.07890625 0.02421875 0.0234375
3 0.4046875 0.07421875 0.02109375 0.021875
6 0.4078125 0.07734375 0.00546875 0.01953125
6 0.42890625 0.04609375 0.003125 0.01484375
6 0.42421875 0.04609375 0.003125 0.01484375
6 0.4203125 0.04921875 0.00390625 0.01484375
6 0.43828125 0.03125 0.00234375 0.01328125
6 0.440625 0.0296875 0.00234375 0.0109375
3 0.43515625 0.02890625 0.00625 0.01328125
3 0.446875 0.025 0.00703125 0.00703125
3 0.44921875 0.01640625 0.00546875 0.01015625
3 0.4234375 0.0265625 0.00625 0.01015625
3 0.41484375 0.0234375 0.00625 0.01171875
3 0.4046875 0.0234375 0.00703125 0.0109375
3 0.4109375 0.01640625 0.00625 0.0109375
3 0.446875 0.0234375 0.00546875 0.0109375
9 0.29375 0.034375 0.01953125 0.034375