10 0.88125 0.9390625 0.0265625 0.028125
6 0.54296875 0.990625 0.0125 0.00625
9 0.24375 0.06953125 0.125 0.0875
3 0.5546875 0.06015625 0.0359375 0.0234375
3 0.5734375 0.021875 0.028125 0.0265625
4 0.6390625 0.05859375 0.015625 0.0078125
4 0.63828125 0.053125 0.015625 0.0078125
4 0.64140625 0.04609375 0.0203125 0.0109375
4 0.6484375 0.03359375 0.0171875 0.0109375
4 0.6484375 0.0265625 0.0171875 0.0125
4 0.65078125 0.01796875 0.0171875 0.0140625
3 0.91640625 0.3484375 0.015625 0.0171875
10 0.896875 0.33671875 0.021875 0.01875
9 0.92734375 0.3171875 0.034375 0.0328125
8 0.70078125 0.25390625 0.015625 0.015625
4 0.70703125 0.27421875 0.0140625 0.0109375
4 0.68125 0.240625 0.0140625 0.009375
4 0.64453125 0.2296875 0.0171875 0.0140625
4 0.6640625 0.22578125 0.0140625 0.0109375
6 0.66015625 0.2234375 0.015625 0.0078125
3 0.66171875 0.25703125 0.0296875 0.028125
3 0.61328125 0.24140625 0.028125 0.028125
0 0.62421875 0.18671875 0.0234375 0.01875
4 0.6296875 0.1953125 0.0234375 0.01875
8 0.65234375 0.20625 0.028125 0.021875
8 0.6703125 0.1828125 0.0203125 0.01875
10 0.71796875 0.278125 0.0234375 0.01875
4 0.58203125 0.18359375 0.0171875 0.0109375
4 0.5875 0.1859375 0.0171875 0.0109375
4 0.6 0.19921875 0.0171875 0.0109375
4 0.59453125 0.19453125 0.0171875 0.0140625
4 0.58515625 0.00390625 0.0203125 0.0078125
4 0.584375 0.0109375 0.0203125 0.009375
4 0.59921875 0.0234375 0.021875 0.009375
4 0.6015625 0.01796875 0.0203125 0.009375
4 0.60625 0.0140625 0.0171875 0.009375
0 0.61015625 0.00859375 0.0296875 0.0171875
3 0.540625 0.29921875 0.040625 0.0328125
3 0.57578125 0.3109375 0.0359375 0.0203125
6 0.64375 0.28984375 0.0203125 0.009375