6 0.26015625 0.85 0.02734375 0.059375
6 0.496875 0.3890625 0.01015625 0.04375
6 0.38359375 0.40703125 0.01015625 0.03671875
6 0.38046875 0.32578125 0.01171875 0.03203125
6 0.3609375 0.29375 0.01015625 0.03125
6 0.5078125 0.02265625 0.0078125 0.0265625
6 0.35703125 0.3015625 0.00625 0.03984375
1 0.3015625 0.38984375 0.03359375 0.0390625
7 0.01171875 0.31171875 0.01171875 0.03125
4 0.015625 0.32265625 0.02734375 0.0265625
6 0.17734375 0.2921875 0.01640625 0.04140625
6 0.328125 0.559375 0.009375 0.05625
7 0.4 0.36875 0.01015625 0.03671875
4 0.40078125 0.384375 0.015625 0.04453125
7 0.3046875 0.33515625 0.0171875 0.03125
8 0.3265625 0.3375 0.03125 0.053125
8 0.35703125 0.40859375 0.02890625 0.08125
7 0.42421875 0.246875 0.009375 0.03203125
4 0.42265625 0.26171875 0.01171875 0.034375
3 0.44296875 0.17578125 0.03046875 0.05859375
7 0.328125 0.30234375 0.01171875 0.03984375
6 0.3609375 0.1625 0.00859375 0.02890625
6 0.3640625 0.15 0.00703125 0.03125
6 0.3625 0.09140625 0.0078125 0.03359375
6 0.3859375 0.10703125 0.00859375 0.03046875
6 0.3921875 0.08671875 0.00703125 0.02421875
7 0.4046875 0.07421875 0.00703125 0.025
1 0.40546875 0.090625 0.00703125 0.02421875
3 0.3859375 0.0453125 0.01484375 0.03671875
10 0.4140625 0.04453125 0.02109375 0.04609375
10 0.40625 0.0171875 0.01953125 0.03046875
7 0.52578125 0.09375 0.00859375 0.01953125
4 0.52421875 0.103125 0.01015625 0.0203125
2 0.5890625 0.08203125 0.02890625 0.1
3 0.578125 0.203125 0.02265625 0.06015625
3 0.615625 0.24921875 0.03046875 0.06875
10 0.571875 0.35390625 0.0328125 0.11015625
3 0.6546875 0.20859375 0.02578125 0.06953125
3 0.70234375 0.25625 0.034375 0.0765625
3 0.6921875 0.19453125 0.02890625 0.05390625
10 0.6921875 0.14296875 0.02890625 0.04609375
3 0.653125 0.1375 0.02578125 0.05625
3 0.6765625 0.12109375 0.01875 0.046875
3 0.68515625 0.084375 0.02421875 0.04140625
3 0.646875 0.08125 0.01796875 0.04140625
3 0.621875 0.08671875 0.0203125 0.04921875
3 0.62109375 0.04609375 0.01875 0.03828125
3 0.621875 0.015625 0.01796875 0.0296875
3 0.6453125 0.05078125 0.02265625 0.03671875
3 0.64453125 0.0265625 0.01875 0.02890625
3 0.646875 0.00859375 0.015625 0.0171875
3 0.671875 0.01484375 0.02265625 0.021875
3 0.671875 0.034375 0.02421875 0.03671875
3 0.675 0.05859375 0.0234375 0.0296875
10 0.61953125 0.5265625 0.04921875 0.153125
3 0.703125 0.5703125 0.0515625 0.13671875