3 0.34453125 0.08046875 0.1359375 0.1125
3 0.1203125 0.38203125 0.240625 0.2109375
3 0.50234375 0.5171875 0.1171875 0.0890625
3 0.57578125 0.4953125 0.090625 0.08125
3 0.634375 0.5109375 0.071875 0.0640625
3 0.63671875 0.3390625 0.05625 0.05
3 0.6125 0.31484375 0.059375 0.0546875
3 0.5484375 0.19375 0.059375 0.046875
3 0.53828125 0.1421875 0.059375 0.0515625
3 0.59296875 0.28046875 0.0609375 0.0515625
3 0.56953125 0.2453125 0.0578125 0.0484375
6 0.55625 0.21796875 0.0484375 0.025
6 0.5375 0.1984375 0.05 0.025
3 0.54765625 0.096875 0.0578125 0.0453125
9 0.5796875 0.0234375 0.06875 0.046875
3 0.37734375 0.753125 0.1203125 0.090625