3 0.04140625 0.865625 0.0828125 0.1625
3 0.1421875 0.83359375 0.1609375 0.1703125
3 0.06640625 0.66484375 0.1328125 0.1359375
6 0.37734375 0.72421875 0.0875 0.04375
6 0.51796875 0.71953125 0.084375 0.034375
6 0.509375 0.5765625 0.075 0.0421875
6 0.3109375 0.48671875 0.0828125 0.034375
6 0.30078125 0.4015625 0.09375 0.0421875
6 0.3515625 0.53359375 0.0578125 0.028125
7 0.5 0.63046875 0.0703125 0.0484375
7 0.28984375 0.340625 0.0625 0.040625
7 0.32421875 0.2953125 0.0625 0.040625
1 0.6078125 0.71953125 0.096875 0.0875
3 0.02265625 0.6984375 0.0453125 0.134375