6 0.0625 0.4171875 0.00546875 0.00625
6 0.0609375 0.41953125 0.00546875 0.00859375
7 0.04765625 0.49296875 0.00546875 0.0046875
3 0.12421875 0.47890625 0.0140625 0.03125
3 0.1359375 0.47578125 0.01171875 0.02890625
3 0.14609375 0.4875 0.00859375 0.03046875
3 0.15546875 0.49609375 0.009375 0.03203125
3 0.16796875 0.50625 0.01015625 0.0296875
3 0.190625 0.5171875 0.01015625 0.03046875
3 0.20078125 0.52421875 0.01015625 0.03203125
3 0.21171875 0.534375 0.00859375 0.02421875
3 0.22265625 0.53046875 0.01171875 0.03125
3 0.23515625 0.53671875 0.01015625 0.03125
3 0.26875 0.55703125 0.0203125 0.021875
3 0.2671875 0.5359375 0.0203125 0.01484375
3 0.26953125 0.515625 0.01953125 0.015625
3 0.2859375 0.4890625 0.01015625 0.03203125
3 0.28125 0.609375 0.00859375 0.025
3 0.28046875 0.64921875 0.00859375 0.03125
3 0.30703125 0.64921875 0.009375 0.03828125
3 0.27890625 0.69609375 0.00859375 0.03359375
3 0.27734375 0.74375 0.00859375 0.03984375
3 0.27578125 0.79453125 0.009375 0.0390625
3 0.27265625 0.84453125 0.01015625 0.040625
3 0.2703125 0.9015625 0.0109375 0.0390625
3 0.30546875 0.9265625 0.00859375 0.04453125
3 0.27109375 0.95546875 0.00859375 0.03359375
4 0.3140625 0.89375 0.0046875 0.00390625
1 0.31640625 0.70859375 0.00703125 0.00546875
1 0.31640625 0.7 0.00625 0.00390625
4 0.3171875 0.67578125 0.0046875 0.0046875
4 0.31796875 0.66953125 0.00625 0.0046875
3 0.30703125 0.69453125 0.00859375 0.0359375
3 0.2890625 0.428125 0.0078125 0.0296875
3 0.28828125 0.38984375 0.009375 0.028125
3 0.2890625 0.3609375 0.0078125 0.0265625
3 0.29140625 0.32890625 0.00703125 0.0265625
3 0.2921875 0.29921875 0.0078125 0.02578125
3 0.29375 0.271875 0.00703125 0.025
3 0.29375 0.246875 0.00703125 0.021875
3 0.29609375 0.18359375 0.00546875 0.021875
3 0.2953125 0.2125 0.00703125 0.02109375
3 0.296875 0.15625 0.00703125 0.0234375
3 0.29765625 0.13125 0.00625 0.021875
3 0.29921875 0.10703125 0.00625 0.01875
9 0.3 0.08359375 0.00703125 0.02890625
3 0.19609375 0.2109375 0.009375 0.028125
7 0.19921875 0.13125 0.00078125 0.003125
4 0.1984375 0.13203125 0.0015625 0.01015625
3 0.2125 0.07109375 0.00703125 0.0203125
4 0.3421875 0.43671875 0.00546875 0.00546875
4 0.3421875 0.44453125 0.00546875 0.00859375
10 0.3625 0.44453125 0.01484375 0.0234375
3 0.36015625 0.38984375 0.00703125 0.0296875
3 0.36015625 0.35859375 0.00703125 0.028125
3 0.3796875 0.31171875 0.00703125 0.02578125
3 0.359375 0.3140625 0.0078125 0.0265625
3 0.36015625 0.2859375 0.00703125 0.02578125
3 0.36015625 0.25859375 0.00703125 0.025
3 0.359375 0.23359375 0.00703125 0.0234375
3 0.359375 0.20078125 0.00703125 0.02421875
10 0.5515625 0.1390625 0.01015625 0.021875
6 0.5421875 0.071875 0.00234375 0.00625
4 0.56171875 0.07109375 0.00390625 0.00859375
6 0.34765625 0.67890625 0.0015625 0.003125
4 0.34765625 0.67890625 0.00234375 0.01328125
4 0.34765625 0.696875 0.003125 0.01484375
3 0.36015625 0.80703125 0.02265625 0.01796875
3 0.33828125 0.8890625 0.02265625 0.0203125
3 0.3375 0.9375 0.02109375 0.02109375
3 0.33828125 0.9625 0.02109375 0.01953125
3 0.4515625 0.4359375 0.01953125 0.01328125
3 0.5546875 0.4328125 0.01796875 0.0140625
3 0.49609375 0.43359375 0.02109375 0.0140625
10 0.5203125 0.434375 0.02109375 0.01796875