2 0.64140625 0.8453125 0.0875 0.096875
3 0.30390625 0.87421875 0.071875 0.0671875
10 0.29140625 0.80078125 0.0578125 0.0671875
3 0.39296875 0.778125 0.0515625 0.0484375
3 0.35859375 0.71484375 0.0359375 0.0625
4 0.98671875 0.48125 0.0125 0.0265625
7 0.9375 0.51640625 0.0109375 0.0171875
7 0.93671875 0.5140625 0.0078125 0.0125
4 0.96953125 0.49375 0.015625 0.0234375
8 0.9671875 0.4875 0.0203125 0.0203125
4 0.94453125 0.51171875 0.015625 0.0234375
4 0.91953125 0.50546875 0.0078125 0.01875
0 0.8953125 0.503125 0.025 0.034375
0 0.83125 0.4859375 0.0234375 0.0390625
0 0.82890625 0.503125 0.021875 0.0390625
0 0.8171875 0.50625 0.0234375 0.0359375
0 0.803125 0.50859375 0.0234375 0.040625
3 0.77265625 0.38984375 0.021875 0.0296875
9 0.7546875 0.36875 0.0296875 0.040625
0 0.76484375 0.48125 0.0171875 0.0390625
0 0.77421875 0.478125 0.0171875 0.0375
0 0.790625 0.4734375 0.0203125 0.0453125
8 0.76875 0.51875 0.0203125 0.0328125
8 0.77734375 0.51796875 0.015625 0.0265625
4 0.7953125 0.515625 0.015625 0.0265625
4 0.7890625 0.5203125 0.0125 0.0265625
4 0.8515625 0.52265625 0.0125 0.0234375
4 0.84453125 0.52578125 0.0140625 0.0234375
4 0.840625 0.52734375 0.0140625 0.025
4 0.8359375 0.5296875 0.0125 0.021875
4 0.83125 0.5296875 0.015625 0.021875
4 0.8265625 0.53125 0.0140625 0.0203125
4 0.81484375 0.53359375 0.0125 0.0234375
4 0.80859375 0.534375 0.0125 0.0234375
4 0.80390625 0.53515625 0.015625 0.025
4 0.790625 0.53671875 0.0140625 0.0265625
4 0.784375 0.53671875 0.0125 0.0265625
1 0.86015625 0.59296875 0.0078125 0.01875
4 0.8515625 0.590625 0.015625 0.028125
8 0.8421875 0.59296875 0.021875 0.0359375
4 0.83046875 0.58984375 0.015625 0.0265625
7 0.8765625 0.6515625 0.009375 0.025
7 0.87265625 0.6578125 0.0109375 0.015625
7 0.86796875 0.65234375 0.0078125 0.0125
8 0.871875 0.65703125 0.021875 0.0265625
9 0.84609375 0.63203125 0.084375 0.0703125
4 0.74921875 0.5078125 0.0109375 0.0171875
3 0.67109375 0.56953125 0.04375 0.0359375
10 0.62734375 0.5984375 0.040625 0.0359375
0 0.6234375 0.58203125 0.028125 0.03125
0 0.678125 0.52890625 0.0265625 0.040625
0 0.5984375 0.659375 0.028125 0.053125
3 0.54140625 0.646875 0.05 0.0421875
4 0.43125 0.68125 0.0078125 0.01875
8 0.42421875 0.68203125 0.0140625 0.0328125
4 0.234375 0.7015625 0.0125 0.0265625
8 0.22734375 0.72890625 0.034375 0.0328125
1 0.17578125 0.69921875 0.0171875 0.0171875
8 0.15859375 0.7578125 0.0359375 0.034375
7 0.1171875 0.72109375 0.0109375 0.0171875
4 0.07890625 0.73046875 0.021875 0.028125
8 0.05625 0.79296875 0.0375 0.0359375