6 0.0578125 0.51796875 0.01640625 0.0296875
6 0.13125 0.515625 0.0140625 0.02890625
6 0.13515625 0.48125 0.01640625 0.0234375
6 0.4375 0.52421875 0.009375 0.0234375
7 0.3609375 0.55078125 0.01328125 0.0234375
7 0.43125 0.590625 0.0109375 0.02109375
7 0.60390625 0.84609375 0.01328125 0.02421875
4 0.128125 0.42109375 0.01015625 0.05390625
4 0.14140625 0.42109375 0.01015625 0.05078125
4 0.1515625 0.41875 0.01015625 0.0515625
4 0.1640625 0.41796875 0.0125 0.0515625
4 0.13203125 0.3625 0.0125 0.0546875
4 0.14140625 0.36171875 0.0109375 0.05546875
4 0.15234375 0.36171875 0.01171875 0.0546875
4 0.1625 0.36015625 0.01171875 0.0515625
4 0.1734375 0.35625 0.0140625 0.05390625
4 0.22890625 0.35 0.01015625 0.05
4 0.2421875 0.34609375 0.01171875 0.05
4 0.25625 0.34453125 0.01015625 0.053125
4 0.26875 0.340625 0.01015625 0.053125
4 0.2859375 0.44765625 0.00859375 0.046875
4 0.28984375 0.3359375 0.01953125 0.0203125
4 0.3828125 0.44375 0.00859375 0.05
4 0.39296875 0.434375 0.00859375 0.0359375
4 0.36015625 0.5546875 0.03125 0.01875
4 0.43046875 0.59296875 0.03046875 0.0203125
6 0.321875 0.7578125 0.01484375 0.03203125
4 0.60078125 0.8484375 0.03359375 0.0234375
4 0.60625 0.46328125 0.01171875 0.046875
4 0.53828125 0.38671875 0.02578125 0.0234375
4 0.534375 0.3765625 0.02421875 0.015625
4 0.534375 0.353125 0.0234375 0.02421875
4 0.53046875 0.33828125 0.0265625 0.021875
4 0.534375 0.3640625 0.02421875 0.02109375
3 0.03125 0.71875 0.0625 0.06875
3 0.0140625 0.371875 0.028125 0.05625
3 0.38046875 0.50546875 0.0578125 0.05
3 0.56484375 0.46875 0.06875 0.06171875
3 0.64921875 0.459375 0.06640625 0.05703125
3 0.709375 0.540625 0.0390625 0.053125
0 0.7078125 0.43828125 0.04296875 0.0609375
3 0.5375 0.73125 0.06015625 0.06171875
4 0.3921875 0.30078125 0.00859375 0.0484375