3 0.5015625 0.79609375 0.1125 0.121875
3 0.478125 0.72890625 0.1078125 0.11875
10 0.559375 0.62578125 0.0703125 0.0953125
3 0.446875 0.54765625 0.0578125 0.0640625
3 0.44140625 0.5203125 0.071875 0.059375
3 0.44140625 0.48359375 0.0703125 0.059375
3 0.4375 0.45859375 0.0625 0.0515625
3 0.43203125 0.44140625 0.05625 0.0453125
3 0.42890625 0.41640625 0.0484375 0.0453125
3 0.5078125 0.459375 0.0609375 0.0609375
6 0.484375 0.49765625 0.0109375 0.0375
1 0.5125 0.49140625 0.0234375 0.025
3 0.32109375 0.46796875 0.0359375 0.0625
3 0.32578125 0.38984375 0.028125 0.0421875
3 0.42109375 0.36953125 0.0515625 0.0421875
10 0.4234375 0.3484375 0.0515625 0.0390625
3 0.41328125 0.32109375 0.04375 0.0375
9 0.4765625 0.34765625 0.05 0.0796875
3 0.4640625 0.31875 0.03125 0.0359375
3 0.3375 0.321875 0.021875 0.028125
3 0.340625 0.296875 0.0203125 0.028125
3 0.34375 0.26953125 0.015625 0.021875
3 0.33515625 0.25625 0.0296875 0.021875
3 0.4078125 0.303125 0.0390625 0.0265625
10 0.4046875 0.284375 0.034375 0.0359375
3 0.4859375 0.07578125 0.015625 0.009375
10 0.56171875 0.140625 0.0140625 0.0125
10 0.55 0.13828125 0.0125 0.0125
3 0.57265625 0.15078125 0.009375 0.0125
3 0.5765625 0.17578125 0.0125 0.0140625
3 0.56171875 0.1625 0.0078125 0.015625
3 0.54296875 0.17421875 0.0109375 0.0125
3 0.534375 0.16875 0.009375 0.0109375
3 0.52890625 0.16328125 0.009375 0.0109375
3 0.51796875 0.16328125 0.009375 0.009375
3 0.51875 0.178125 0.009375 0.0125
3 0.5109375 0.17109375 0.009375 0.0125
6 0.54296875 0.1625 0.003125 0.0109375
6 0.53671875 0.153125 0.003125 0.0109375
1 0.590625 0.16171875 0.0046875 0.00625
7 0.58984375 0.15859375 0.003125 0.009375
6 0.6203125 0.16015625 0.003125 0.0109375
6 0.6265625 0.1625 0.0015625 0.0125
6 0.6453125 0.17265625 0.0015625 0.0125
6 0.6453125 0.19140625 0.003125 0.015625
10 0.43046875 0.14921875 0.009375 0.009375
10 0.47890625 0.21484375 0.009375 0.0203125
4 0.4984375 0.2734375 0.0046875 0.009375
7 0.4984375 0.26171875 0.003125 0.00625
1 0.53125 0.3171875 0.003125 0.0125
7 0.5296875 0.3078125 0.003125 0.01875
4 0.5671875 0.3921875 0.0078125 0.025
4 0.5546875 0.3703125 0.00625 0.021875
6 0.50859375 0.36328125 0.00625 0.0296875
7 0.5546875 0.36171875 0.003125 0.01875
7 0.5671875 0.38515625 0.0078125 0.0234375
6 0.69140625 0.60078125 0.0109375 0.04375
6 0.68359375 0.60234375 0.0109375 0.0453125
6 0.75 0.721875 0.0140625 0.05625
6 0.73828125 0.72421875 0.0109375 0.059375
3 0.5640625 0.221875 0.015625 0.01875
2 0.66953125 0.1921875 0.0421875 0.0453125
2 0.71171875 0.21328125 0.0515625 0.0515625
2 0.76796875 0.2578125 0.071875 0.071875
2 0.78203125 0.24765625 0.0703125 0.0671875
10 0.78515625 0.321875 0.0328125 0.0453125
6 0.88203125 0.28046875 0.00625 0.021875