10 0.15234375 0.71796875 0.02109375 0.02109375
7 0.03515625 0.5671875 0.00859375 0.01015625
7 0.0484375 0.55546875 0.01015625 0.0140625
7 0.05234375 0.5484375 0.00546875 0.00859375
7 0.0625 0.540625 0.0046875 0.0109375
6 0.03203125 0.50390625 0.00703125 0.01015625
7 0.14375 0.4578125 0.00390625 0.0140625
3 0.27734375 0.01953125 0.00625 0.00625
3 0.24375 0.09375 0.00390625 0.009375
10 0.228125 0.11953125 0.0046875 0.0109375
3 0.22890625 0.15703125 0.00546875 0.01171875
6 0.2265625 0.084375 0.00234375 0.00703125
6 0.22421875 0.09921875 0.0015625 0.00703125
6 0.2265625 0.10703125 0.0015625 0.00703125
6 0.2234375 0.08046875 0.0015625 0.00859375
6 0.215625 0.3140625 0.00234375 0.01015625
6 0.2171875 0.309375 0.0015625 0.009375
10 0.2328125 0.29609375 0.0140625 0.01953125
3 0.2359375 0.31796875 0.0078125 0.01796875
7 0.23984375 0.59296875 0.00390625 0.009375
6 0.22265625 0.57578125 0.003125 0.0140625
6 0.22265625 0.56484375 0.003125 0.01484375
6 0.2078125 0.53359375 0.003125 0.015625
3 0.23125 0.63828125 0.01328125 0.03984375
3 0.2296875 0.59921875 0.0109375 0.03046875
3 0.2328125 0.56171875 0.01015625 0.0296875
3 0.2359375 0.5171875 0.009375 0.0265625
10 0.23515625 0.48671875 0.009375 0.025
3 0.3109375 0.1515625 0.00703125 0.0109375
3 0.31484375 0.16171875 0.00546875 0.009375
10 0.30703125 0.17265625 0.00625 0.0140625
10 0.31328125 0.2015625 0.00546875 0.01171875
3 0.31875 0.23515625 0.00546875 0.01328125
3 0.34296875 0.359375 0.009375 0.01796875
10 0.31953125 0.39140625 0.01796875 0.0203125
10 0.37265625 0.35078125 0.0125 0.01875
3 0.3984375 0.3625 0.0109375 0.02109375
9 0.440625 0.31875 0.01484375 0.02578125
2 0.40625 0.32265625 0.01171875 0.05625
6 0.39765625 0.47421875 0.00234375 0.0109375
2 0.71796875 0.60546875 0.021875 0.034375