3 0.28203125 0.2125 0.21875 0.16875
3 0.49140625 0.35390625 0.10625 0.084375
0 0.178125 0.55703125 0.221875 0.1421875
3 0.26484375 0.62109375 0.196875 0.1421875
3 0.4796875 0.528125 0.0796875 0.0625
5 0.43359375 0.590625 0.1734375 0.125
4 0.4671875 0.04375 0.0890625 0.0875
4 0.4828125 0.05546875 0.0828125 0.071875
0 0.53671875 0.1453125 0.1 0.0765625
7 0.51640625 0.178125 0.0828125 0.046875
8 0.53984375 0.17890625 0.0515625 0.0484375
8 0.59453125 0.2375 0.0546875 0.0625
1 0.5875 0.2078125 0.034375 0.028125
1 0.57578125 0.20703125 0.04375 0.0359375
1 0.5734375 0.1828125 0.05 0.040625
1 0.5546875 0.18203125 0.046875 0.0390625
4 0.58515625 0.203125 0.0515625 0.04375
8 0.57109375 0.190625 0.0578125 0.05
1 0.559375 0.1625 0.0484375 0.0453125
4 0.55 0.30234375 0.0515625 0.05
4 0.5453125 0.28359375 0.0375 0.034375
4 0.55078125 0.24296875 0.05 0.04375
6 0.55546875 0.40859375 0.0453125 0.0234375
7 0.4984375 0.48359375 0.046875 0.025
4 0.49296875 0.48125 0.0578125 0.028125
10 0.52890625 0.559375 0.1 0.059375
3 0.5734375 0.54765625 0.05 0.0359375
3 0.60234375 0.5265625 0.0453125 0.034375
6 0.60625 0.459375 0.0375 0.0171875
9 0.609375 0.44140625 0.0546875 0.0359375
10 0.62421875 0.4578125 0.0421875 0.0296875
3 0.6625 0.47265625 0.0265625 0.0265625
0 0.67109375 0.5046875 0.0171875 0.0125
0 0.67265625 0.51328125 0.0171875 0.009375
0 0.640625 0.51640625 0.0296875 0.01875
7 0.634375 0.52578125 0.0171875 0.009375
7 0.63046875 0.53515625 0.0171875 0.009375
7 0.65546875 0.53515625 0.0109375 0.00625
7 0.659375 0.53984375 0.009375 0.0046875
7 0.68203125 0.53359375 0.009375 0.0046875
7 0.68515625 0.5265625 0.00625 0.0046875
6 0.6828125 0.5296875 0.009375 0.0046875
4 0.68359375 0.52578125 0.00625 0.0046875
4 0.68046875 0.53125 0.009375 0.0046875
4 0.65234375 0.53515625 0.0125 0.0078125
4 0.65703125 0.53984375 0.009375 0.0046875
4 0.6265625 0.534375 0.0171875 0.009375
4 0.62890625 0.52421875 0.0203125 0.0109375
7 0.625 0.4859375 0.0234375 0.0140625
4 0.62109375 0.484375 0.0234375 0.0140625
4 0.625 0.53984375 0.015625 0.0078125
7 0.62890625 0.54140625 0.0125 0.00625
10 0.6765625 0.51171875 0.01875 0.015625
10 0.68828125 0.53359375 0.0109375 0.00625
0 0.69140625 0.528125 0.00625 0.0046875