10 0.25234375 0.08125 0.00390625 0.00546875
3 0.2359375 0.09921875 0.00234375 0.00625
3 0.23203125 0.13359375 0.003125 0.00625
10 0.2359375 0.15078125 0.00234375 0.00703125
10 0.2453125 0.1265625 0.003125 0.00703125
10 0.21484375 0.14609375 0.00390625 0.00859375
3 0.22109375 0.1296875 0.003125 0.00703125
2 0.21171875 0.18828125 0.00625 0.01640625
2 0.25 0.10625 0.0046875 0.0140625
9 0.22890625 0.19765625 0.00625 0.015625
9 0.1921875 0.26328125 0.00546875 0.015625
3 0.171875 0.34140625 0.00859375 0.0140625
9 0.13828125 0.39296875 0.03515625 0.05703125
6 0.15859375 0.31640625 0.00234375 0.00859375
6 0.1546875 0.3203125 0.00234375 0.00703125
3 0.18671875 0.29296875 0.00546875 0.01328125
3 0.21015625 0.27265625 0.00546875 0.01015625
3 0.22265625 0.23046875 0.00390625 0.00703125
3 0.196875 0.24765625 0.00390625 0.01015625
3 0.23046875 0.18046875 0.003125 0.00625
3 0.20078125 0.6765625 0.009375 0.0265625
3 0.2046875 0.64453125 0.009375 0.0265625
3 0.19140625 0.75546875 0.01015625 0.03359375
3 0.25 0.55703125 0.01484375 0.01328125
3 0.234375 0.53359375 0.00625 0.01875
3 0.2421875 0.53203125 0.00703125 0.015625
3 0.2515625 0.528125 0.00703125 0.015625
10 0.3328125 0.5640625 0.00625 0.0203125
6 0.1609375 0.615625 0.0046875 0.01015625
6 0.1890625 0.5859375 0.00234375 0.00703125
6 0.1859375 0.584375 0.00234375 0.00625
6 0.19609375 0.57578125 0.00234375 0.00859375
6 0.19453125 0.57109375 0.0015625 0.00859375
6 0.20546875 0.54921875 0.0015625 0.009375
6 0.06328125 0.51796875 0.00390625 0.009375
10 0.0375 0.48203125 0.01171875 0.01171875
3 0.51484375 0.39765625 0.0078125 0.015625
3 0.53359375 0.48125 0.01171875 0.0109375
3 0.51640625 0.4703125 0.01328125 0.01484375
3 0.51640625 0.46171875 0.0125 0.01328125
3 0.51640625 0.4546875 0.0125 0.01328125
3 0.5140625 0.446875 0.01015625 0.01015625
3 0.51171875 0.43828125 0.0125 0.0140625
3 0.51171875 0.428125 0.01015625 0.01171875
3 0.534375 0.48984375 0.01015625 0.009375
3 0.540625 0.471875 0.0078125 0.0140625
3 0.53828125 0.459375 0.00546875 0.009375
9 0.35859375 0.40234375 0.01953125 0.0140625