9 0.2171875 0.31796875 0.146875 0.2078125
3 0.28203125 0.19453125 0.090625 0.165625
10 0.415625 0.12890625 0.121875 0.18125
3 0.55 0.2625 0.059375 0.1140625
3 0.5875 0.22421875 0.0609375 0.1109375
3 0.6265625 0.1703125 0.06875 0.125
3 0.65234375 0.246875 0.0640625 0.06875
6 0.61796875 0.33828125 0.0234375 0.0546875
6 0.5015625 0.17109375 0.021875 0.05
6 0.43203125 0.21953125 0.025 0.0578125
6 0.34453125 0.4421875 0.0171875 0.0390625
6 0.29296875 0.446875 0.0203125 0.0453125
6 0.33671875 0.33203125 0.021875 0.0375
6 0.34140625 0.24296875 0.0171875 0.0390625
6 0.31953125 0.48671875 0.0171875 0.0390625
6 0.571875 0.4078125 0.01875 0.0453125
6 0.2703125 0.6875 0.0109375 0.0265625
3 0.225 0.55234375 0.0546875 0.0640625
3 0.4859375 0.4078125 0.0765625 0.0859375
3 0.51171875 0.296875 0.0640625 0.109375
10 0.4734375 0.32734375 0.0671875 0.1078125
10 0.440625 0.36484375 0.0609375 0.0984375
10 0.203125 0.46484375 0.065625 0.0875
10 0.15234375 0.5296875 0.0625 0.0859375
10 0.19296875 0.59765625 0.046875 0.053125
10 0.109375 0.74765625 0.0515625 0.0515625
10 0.10234375 0.7625 0.04375 0.0421875
6 0.1171875 0.83359375 0.0109375 0.025
6 0.221875 0.675 0.0125 0.03125
6 0.49609375 0.6484375 0.0125 0.03125
0 0.5328125 0.615625 0.0203125 0.0265625
1 0.50859375 0.61953125 0.0140625 0.0234375
4 0.5296875 0.6671875 0.009375 0.0171875
7 0.53359375 0.6734375 0.00625 0.015625
1 0.36796875 0.64140625 0.0125 0.0171875
4 0.36015625 0.64765625 0.015625 0.0203125
6 0.22265625 0.740625 0.0109375 0.025
3 0.0703125 0.81171875 0.0359375 0.0375
3 0.09296875 0.775 0.04375 0.0421875
3 0.06796875 0.784375 0.040625 0.0375
3 0.12421875 0.72890625 0.05 0.0546875
3 0.1390625 0.71328125 0.059375 0.05625
3 0.14765625 0.69921875 0.053125 0.0515625
3 0.059375 0.6765625 0.0375 0.053125
10 0.16640625 0.68515625 0.05625 0.0609375
3 0.146875 0.7609375 0.0421875 0.05
6 0.20859375 0.73984375 0.0140625 0.0265625
1 0.11484375 0.80234375 0.0125 0.0203125
1 0.0921875 0.7953125 0.0125 0.015625
4 0.1578125 0.8015625 0.015625 0.0171875
6 0.146875 0.79609375 0.0109375 0.025
4 0.2046875 0.7578125 0.01875 0.0234375
7 0.1859375 0.6671875 0.009375 0.0171875
7 0.19453125 0.6734375 0.0078125 0.01875
6 0.22265625 0.4796875 0.0125 0.028125
7 0.23203125 0.4015625 0.0171875 0.025
6 0.24765625 0.4171875 0.0171875 0.0390625
6 0.26015625 0.42265625 0.015625 0.0359375
6 0.2609375 0.44296875 0.01875 0.0359375
5 0.265625 0.4234375 0.01875 0.0296875
6 0.42109375 0.3421875 0.0203125 0.0390625
6 0.4890625 0.30078125 0.0171875 0.0375
6 0.47578125 0.2859375 0.0234375 0.04375
1 0.54921875 0.3703125 0.01875 0.0359375
4 0.628125 0.0421875 0.028125 0.0609375
7 0.628125 0.046875 0.021875 0.03125
6 0.61875 0.28203125 0.0234375 0.040625
7 0.46328125 0.45546875 0.0140625 0.0265625
7 0.4703125 0.46171875 0.0109375 0.025
7 0.475 0.46796875 0.0109375 0.0234375