6 0.64765625 0.90625 0.009375 0.0046875
6 0.65859375 0.89765625 0.009375 0.0046875
6 0.66796875 0.8671875 0.009375 0.0046875
6 0.71328125 0.75390625 0.009375 0.0046875
6 0.71953125 0.72890625 0.009375 0.0046875
3 0.6484375 0.73984375 0.0140625 0.0140625
3 0.62578125 0.82265625 0.0171875 0.0171875
3 0.58828125 0.97578125 0.0171875 0.0203125
3 0.546875 0.95234375 0.0203125 0.021875
3 0.5796875 0.8796875 0.0203125 0.0203125
9 0.53515625 0.9890625 0.0328125 0.021875
3 0.54765625 0.99765625 0.0109375 0.0046875
9 0.58046875 0.91875 0.0296875 0.0296875
7 0.621875 0.96171875 0.00625 0.003125
1 0.61953125 0.96171875 0.00625 0.00625
2 0.6046875 0.821875 0.0234375 0.025
3 0.62109375 0.77734375 0.015625 0.0140625
2 0.64609375 0.72109375 0.0265625 0.0234375
10 0.678125 0.690625 0.0171875 0.0171875
10 0.6671875 0.6640625 0.0171875 0.0171875
3 0.67734375 0.63125 0.0171875 0.0171875
3 0.696875 0.62734375 0.0140625 0.015625
10 0.703125 0.590625 0.0140625 0.0203125
9 0.7015625 0.578125 0.03125 0.0359375
3 0.703125 0.55078125 0.015625 0.015625
10 0.7171875 0.53984375 0.015625 0.0171875
2 0.7546875 0.521875 0.0171875 0.0234375
3 0.73203125 0.4984375 0.0140625 0.0140625
6 0.765625 0.60234375 0.00625 0.003125
6 0.80390625 0.5765625 0.009375 0.0046875
6 0.74296875 0.665625 0.00625 0.003125
6 0.75234375 0.64140625 0.009375 0.0046875
7 0.728125 0.690625 0.00625 0.0015625
1 0.725 0.690625 0.00625 0.0046875
1 0.5546875 0.50859375 0.009375 0.0078125
1 0.56015625 0.5125 0.009375 0.0078125
10 0.7328125 0.46796875 0.0171875 0.0171875
10 0.87734375 0.41328125 0.015625 0.0109375
3 0.86484375 0.4109375 0.0125 0.0109375
10 0.86875 0.40390625 0.015625 0.0078125
9 0.859375 0.3921875 0.0265625 0.0171875
3 0.8546875 0.4015625 0.015625 0.009375
3 0.84453125 0.39453125 0.0109375 0.0109375
2 0.83515625 0.384375 0.0265625 0.0140625
10 0.840625 0.39765625 0.01875 0.0109375
3 0.825 0.38671875 0.015625 0.0109375
3 0.8109375 0.37734375 0.015625 0.009375
3 0.815625 0.3734375 0.0140625 0.0078125
10 0.775 0.49140625 0.0140625 0.0140625
9 0.77265625 0.48046875 0.0203125 0.0234375
3 0.753125 0.478125 0.0109375 0.0125
3 0.7625 0.4671875 0.0078125 0.0125
3 0.7546875 0.46171875 0.0109375 0.0140625
10 0.7796875 0.471875 0.0125 0.0140625
3 0.7875 0.4703125 0.0078125 0.0125
3 0.7890625 0.453125 0.0109375 0.0125
3 0.78125 0.45390625 0.0109375 0.0109375
10 0.7734375 0.45703125 0.0140625 0.0140625
9 0.76875 0.45 0.0171875 0.0203125
9 0.7625 0.44140625 0.015625 0.01875
2 0.7359375 0.43984375 0.028125 0.0390625
3 0.76953125 0.43203125 0.0078125 0.0125
3 0.75078125 0.421875 0.0140625 0.0125
3 0.76171875 0.42109375 0.0140625 0.0125
3 0.77421875 0.4375 0.0109375 0.0125
3 0.77578125 0.440625 0.0109375 0.0109375
3 0.790625 0.4375 0.0109375 0.0109375
3 0.78515625 0.43046875 0.0109375 0.0109375
10 0.778125 0.42421875 0.0125 0.0140625
10 0.771875 0.4171875 0.0140625 0.0140625
6 0.375 0.39453125 0.009375 0.0046875
6 0.415625 0.42109375 0.009375 0.0046875
6 0.42265625 0.425 0.0125 0.0046875
6 0.42421875 0.428125 0.0125 0.0046875
6 0.425 0.421875 0.0109375 0.0046875
7 0.309375 0.32578125 0.009375 0.0046875
1 0.30703125 0.32734375 0.015625 0.0078125
3 0.746875 0.3265625 0.0140625 0.0140625
3 0.75078125 0.3515625 0.0125 0.0140625
3 0.75703125 0.30078125 0.0125 0.0171875
9 0.83828125 0.3765625 0.0359375 0.021875
9 0.66796875 0.29453125 0.0484375 0.0234375
3 0.66875 0.30859375 0.0265625 0.0140625