3 0.07265625 0.35234375 0.01484375 0.02890625
3 0.021875 0.20703125 0.0125 0.0203125
3 0.18671875 0.3375 0.015625 0.0234375
3 0.034375 0.05546875 0.00703125 0.01015625
3 0.07421875 0.0515625 0.00703125 0.009375
3 0.0765625 0.065625 0.00625 0.01015625
3 0.084375 0.0640625 0.00859375 0.009375
10 0.06796875 0.0640625 0.00703125 0.0140625
9 0.078125 0.07890625 0.01953125 0.01640625
3 0.06640625 0.053125 0.00625 0.00859375
3 0.0875 0.05390625 0.01171875 0.01015625
3 0.140625 0.04296875 0.0109375 0.00859375
10 0.15234375 0.03828125 0.00859375 0.00703125
3 0.1578125 0.04140625 0.01171875 0.00859375
3 0.13046875 0.053125 0.009375 0.00859375
3 0.12265625 0.04609375 0.0078125 0.009375
3 0.103125 0.05 0.01171875 0.0109375
10 0.18828125 0.128125 0.0140625 0.01328125
10 0.184375 0.1234375 0.01171875 0.01328125
3 0.17890625 0.11953125 0.01171875 0.0140625
3 0.175 0.11484375 0.0125 0.01328125
3 0.16875 0.10625 0.01171875 0.01328125
3 0.16328125 0.10234375 0.01171875 0.01171875
3 0.16015625 0.09765625 0.01171875 0.01015625
3 0.1578125 0.09375 0.01171875 0.01328125
3 0.2 0.14296875 0.0140625 0.01171875
6 0.11796875 0.0171875 0.00234375 0.00859375
6 0.0203125 0.0375 0.00234375 0.00859375
6 0.03203125 0.04453125 0.00234375 0.009375
6 0.05234375 0.084375 0.00234375 0.0109375
6 0.25546875 0.14609375 0.00234375 0.01015625
6 0.25234375 0.146875 0.00234375 0.009375
6 0.303125 0.21015625 0.00234375 0.0109375
6 0.3 0.20546875 0.00234375 0.01328125
6 0.303125 0.20546875 0.00234375 0.01015625
6 0.3109375 0.19765625 0.00234375 0.01015625
3 0.2296875 0.15078125 0.01171875 0.01171875
3 0.234375 0.15625 0.01171875 0.0109375
9 0.24609375 0.1609375 0.02109375 0.01953125
3 0.25234375 0.17734375 0.015625 0.01171875
3 0.25859375 0.1828125 0.015625 0.01171875
3 0.2671875 0.19453125 0.01328125 0.01171875
3 0.2234375 0.1703125 0.015625 0.01328125
3 0.22734375 0.17421875 0.015625 0.01171875
3 0.234375 0.1828125 0.01640625 0.0140625
3 0.240625 0.19296875 0.01484375 0.01328125
3 0.24765625 0.20078125 0.0140625 0.01484375
3 0.253125 0.20625 0.01484375 0.01484375
3 0.259375 0.21171875 0.01640625 0.01484375
3 0.2625 0.21484375 0.01640625 0.01484375
3 0.271875 0.2265625 0.0171875 0.0140625
3 0.2796875 0.23828125 0.01640625 0.01484375
3 0.28515625 0.24375 0.01484375 0.01484375
3 0.2921875 0.24921875 0.0140625 0.0140625
3 0.29609375 0.25625 0.015625 0.01796875
3 0.30234375 0.26171875 0.015625 0.01796875
3 0.3078125 0.26953125 0.0171875 0.01953125
3 0.31328125 0.27734375 0.01796875 0.02109375
3 0.31796875 0.28203125 0.01640625 0.01796875
3 0.33125 0.29140625 0.01953125 0.0234375
3 0.34296875 0.3078125 0.01796875 0.01796875
3 0.3359375 0.3015625 0.01953125 0.01796875
3 0.34921875 0.3140625 0.01796875 0.01796875
3 0.3546875 0.32265625 0.01484375 0.01796875
3 0.36796875 0.33828125 0.01796875 0.02109375
3 0.3765625 0.34765625 0.0171875 0.02109375
3 0.3828125 0.35546875 0.0171875 0.0203125
3 0.39921875 0.37578125 0.01796875 0.01953125
3 0.35546875 0.2890625 0.01953125 0.01796875
3 0.37265625 0.3078125 0.01796875 0.01796875
3 0.3828125 0.31875 0.01953125 0.01953125
3 0.38984375 0.3265625 0.0171875 0.0203125
10 0.41484375 0.346875 0.01640625 0.0203125
3 0.42890625 0.3640625 0.01953125 0.021875
3 0.43671875 0.37421875 0.01953125 0.01953125
3 0.45 0.38671875 0.0234375 0.021875
3 0.47109375 0.4109375 0.01953125 0.0234375
3 0.484375 0.42421875 0.01953125 0.0234375
3 0.5046875 0.44921875 0.02109375 0.02421875
3 0.52265625 0.478125 0.02265625 0.02578125
3 0.53203125 0.48828125 0.0203125 0.0234375
3 0.55 0.4984375 0.02265625 0.0265625
3 0.5625 0.52109375 0.02109375 0.028125
3 0.5765625 0.53828125 0.021875 0.028125
3 0.61328125 0.5765625 0.02109375 0.03203125
3 0.64765625 0.52734375 0.0296875 0.034375
3 0.6546875 0.5109375 0.03046875 0.03828125
3 0.6609375 0.49375 0.02890625 0.034375
3 0.67109375 0.48828125 0.028125 0.03515625
3 0.68828125 0.478125 0.02890625 0.0359375
3 0.70234375 0.46953125 0.028125 0.03984375
3 0.6984375 0.5125 0.01796875 0.03046875
3 0.71875 0.58359375 0.02109375 0.03984375
6 0.63515625 0.4546875 0.0046875 0.01640625
6 0.63515625 0.44765625 0.00390625 0.015625
6 0.7140625 0.56015625 0.00703125 0.01875
4 0.60390625 0.45078125 0.00859375 0.01640625
4 0.53359375 0.415625 0.00625 0.01171875
4 0.49375 0.39296875 0.00703125 0.01328125
6 0.4859375 0.39296875 0.00390625 0.0140625
6 0.4875 0.39609375 0.003125 0.01171875
3 0.41640625 0.30546875 0.01640625 0.01796875
3 0.40078125 0.290625 0.015625 0.01875
10 0.32109375 0.2140625 0.01171875 0.01640625
10 0.32265625 0.25 0.01796875 0.0203125
10 0.3046875 0.23046875 0.015625 0.01796875
3 0.2921875 0.21796875 0.01484375 0.01484375
8 0.29296875 0.20234375 0.009375 0.01015625
7 0.18359375 0.35625 0.00390625 0.009375
4 0.18359375 0.359375 0.00546875 0.01171875
9 0.2 0.65625 0.03203125 0.08203125
7 0.1296875 0.621875 0.00703125 0.01875
7 0.25390625 0.45234375 0.00390625 0.0140625
4 0.25390625 0.45546875 0.00703125 0.01484375
4 0.13046875 0.628125 0.00703125 0.02421875
9 0.39453125 0.6265625 0.04453125 0.065625
6 0.43984375 0.653125 0.00546875 0.02109375
6 0.31484375 0.51796875 0.00625 0.021875
6 0.3125 0.52890625 0.00546875 0.0203125
1 0.30703125 0.51796875 0.00703125 0.015625
0 0.64765625 0.6046875 0.0265625 0.0484375