2 0.4015625 0.46171875 0.11875 0.0484375
4 0.49375 0.63671875 0.03125 0.0296875
7 0.4921875 0.6359375 0.0328125 0.0171875
3 0.5328125 0.5421875 0.0515625 0.0421875
3 0.32265625 0.25078125 0.0625 0.0609375
2 0.36875 0.22421875 0.0921875 0.0875
3 0.3984375 0.22265625 0.0515625 0.05625
6 0.45703125 0.321875 0.025 0.009375
6 0.47734375 0.28359375 0.025 0.0125
6 0.58828125 0.29453125 0.025 0.009375
6 0.609375 0.3546875 0.0203125 0.0125
6 0.63203125 0.40546875 0.021875 0.0078125
6 0.6421875 0.39921875 0.0234375 0.0078125
6 0.64140625 0.41171875 0.021875 0.009375
6 0.6484375 0.41953125 0.0203125 0.009375
6 0.73359375 0.33359375 0.01875 0.009375
3 0.9 0.39296875 0.021875 0.01875
3 0.9109375 0.38203125 0.0203125 0.01875
9 0.91796875 0.353125 0.0390625 0.0359375
3 0.92109375 0.3671875 0.0203125 0.0171875
6 0.9171875 0.39453125 0.015625 0.00625