3 0.3375 0.42734375 0.090625 0.0765625
3 0.38671875 0.53984375 0.065625 0.0828125
8 0.509375 0.084375 0.053125 0.11875
7 0.446875 0.06875 0.0234375 0.0359375
6 0.52890625 0.2625 0.0203125 0.0421875
6 0.5421875 0.33671875 0.0203125 0.0515625
3 0.665625 0.4109375 0.0921875 0.0828125
3 0.3109375 0.84296875 0.0234375 0.046875
3 0.28203125 0.828125 0.025 0.0359375
3 0.17421875 0.82734375 0.0265625 0.0453125
10 0.184375 0.88515625 0.021875 0.0421875
10 0.1890625 0.915625 0.0203125 0.040625
9 0.19140625 0.94375 0.0265625 0.046875
2 0.253125 0.95703125 0.025 0.040625
4 0.36015625 0.8125 0.0125 0.03125
6 0.2875 0.9140625 0.009375 0.025
6 0.28671875 0.93046875 0.0078125 0.021875
6 0.6671875 0.17265625 0.0265625 0.0453125
7 0.64921875 0.2625 0.03125 0.0375
4 0.6546875 0.203125 0.04375 0.0578125
6 0.75234375 0.19140625 0.0234375 0.0390625
1 0.69609375 0.34296875 0.0375 0.0328125
10 0.56484375 0.3828125 0.0828125 0.0875
4 0.67890625 0.125 0.0484375 0.05625
4 0.70625 0.0875 0.0421875 0.046875
4 0.4484375 0.06796875 0.03125 0.0671875
5 0.08359375 0.284375 0.028125 0.034375
6 0.63125 0.55546875 0.01875 0.0421875
7 0.66171875 0.56640625 0.0203125 0.0484375
4 0.6578125 0.57109375 0.03125 0.0390625
1 0.54921875 0.6140625 0.0109375 0.034375
4 0.57265625 0.62265625 0.01875 0.0453125
6 0.05859375 0.53828125 0.021875 0.0484375