3 0.3875 0.875 0.05078125 0.1390625
3 0.42265625 0.63671875 0.034375 0.084375
3 0.484375 0.24375 0.01171875 0.0359375
3 0.7015625 0.621875 0.07109375 0.0546875
3 0.675 0.590625 0.06640625 0.05546875
4 0.54765625 0.759375 0.0140625 0.04140625
7 0.54765625 0.75234375 0.01171875 0.03203125
0 0.4640625 0.75625 0.02421875 0.07578125
3 0.63984375 0.67578125 0.03515625 0.11015625
4 0.64375 0.54921875 0.02109375 0.025
0 0.690625 0.5453125 0.015625 0.040625
6 0.66171875 0.528125 0.0078125 0.03203125
0 0.66796875 0.54453125 0.01796875 0.0484375
4 0.6703125 0.446875 0.00625 0.0296875
4 0.684375 0.4390625 0.0109375 0.02109375
0 0.57265625 0.47890625 0.0203125 0.04609375
6 0.55390625 0.453125 0.00625 0.02890625
6 0.54609375 0.446875 0.00546875 0.02890625
0 0.55390625 0.44296875 0.0140625 0.03828125
6 0.55 0.36171875 0.0046875 0.0234375
9 0.45625 0.41484375 0.0296875 0.08515625
1 0.58125 0.34609375 0.0140625 0.01640625
4 0.53671875 0.31953125 0.0078125 0.01875
7 0.5359375 0.3140625 0.00546875 0.01875
8 0.55703125 0.32421875 0.01171875 0.02890625
6 0.60859375 0.284375 0.0046875 0.0234375
0 0.50546875 0.196875 0.00859375 0.01953125
0 0.49140625 0.1671875 0.00703125 0.01796875
3 0.54375 0.20859375 0.01875 0.01796875
7 0.52890625 0.2109375 0.00390625 0.009375
4 0.52890625 0.215625 0.00546875 0.01484375
3 0.459375 0.13359375 0.01015625 0.015625
3 0.41015625 0.11875 0.01171875 0.0140625
3 0.40625 0.11484375 0.01640625 0.01328125
4 0.509375 0.14765625 0.00234375 0.01015625
7 0.509375 0.14453125 0.003125 0.01015625
3 0.33359375 0.0953125 0.01796875 0.01484375
8 0.82578125 0.94453125 0.05078125 0.05390625
4 0.8234375 0.91796875 0.0296875 0.03984375
4 0.8265625 0.90390625 0.03046875 0.0390625
4 0.67109375 0.39375 0.00703125 0.0203125
6 0.6015625 0.45625 0.00703125 0.03203125
3 0.5015625 0.11328125 0.0078125 0.01171875
3 0.51796875 0.10703125 0.00703125 0.01328125
3 0.52890625 0.109375 0.00703125 0.01171875
10 0.51640625 0.09140625 0.00703125 0.01484375
0 0.540625 0.1109375 0.00625 0.01328125
6 0.54921875 0.15078125 0.00234375 0.01328125
6 0.5421875 0.15078125 0.00234375 0.0109375
7 0.534375 0.15625 0.00390625 0.01015625
4 0.534375 0.15859375 0.00234375 0.01015625
6 0.540625 0.08125 0.00234375 0.01015625
4 0.509375 0.103125 0.00234375 0.00625
7 0.509375 0.10078125 0.00234375 0.00625
4 0.53203125 0.0640625 0.00234375 0.00546875
7 0.53203125 0.0609375 0.0015625 0.00546875
9 0.5078125 0.0703125 0.009375 0.021875
10 0.53359375 0.0390625 0.0046875 0.00859375
3 0.53203125 0.0296875 0.00390625 0.00546875
3 0.525 0.01796875 0.00703125 0.00625
9 0.52578125 0.03671875 0.00625 0.0140625
6 0.5203125 0.02734375 0.0015625 0.00625
3 0.534375 0.04921875 0.00390625 0.00703125
4 0.34296875 0.5984375 0.01171875 0.03984375
4 0.55 0.20390625 0.00546875 0.009375
4 0.53515625 0.05546875 0.00390625 0.00625
4 0.728125 0.57421875 0.02109375 0.02421875