9 0.0125 0.559375 0.025 0.04140625
9 0.01640625 0.52109375 0.0328125 0.04453125
2 0.25390625 0.8125 0.03671875 0.225
10 0.29375 0.58828125 0.01640625 0.053125
9 0.265625 0.55859375 0.02734375 0.10546875
9 0.40625 0.8734375 0.04453125 0.04296875
9 0.384375 0.725 0.04609375 0.0390625
9 0.390625 0.690625 0.03984375 0.03671875
9 0.27890625 0.246875 0.01328125 0.053125
9 0.28671875 0.1546875 0.0109375 0.040625
3 0.2921875 0.47421875 0.01328125 0.03984375
3 0.28125 0.359375 0.01015625 0.02890625
3 0.2890625 0.3015625 0.01015625 0.02578125
3 0.29296875 0.23359375 0.009375 0.02421875
9 0.29375 0.05625 0.0078125 0.0234375
10 0.2859375 0.071875 0.00625 0.01640625
3 0.29140625 0.10078125 0.00625 0.0140625
3 0.2859375 0.2046875 0.00859375 0.0203125
6 0.2984375 0.08125 0.00390625 0.01328125
6 0.15078125 0.2203125 0.00546875 0.01484375
6 0.1484375 0.22421875 0.00390625 0.01171875
6 0.14296875 0.22265625 0.00390625 0.01171875
6 0.17265625 0.12734375 0.00390625 0.0140625
0 0.3328125 0.01875 0.0109375 0.01328125
10 0.40234375 0.0140625 0.00859375 0.01015625
10 0.43125 0.01953125 0.00859375 0.01015625
10 0.38515625 0.6515625 0.03125 0.03984375
0 0.51015625 0.64375 0.025 0.053125
5 0.3515625 0.59921875 0.03515625 0.03203125
3 0.4046875 0.83046875 0.04296875 0.0453125
3 0.40234375 0.78125 0.04296875 0.03984375
3 0.52890625 0.76875 0.04609375 0.040625
3 0.53671875 0.81328125 0.04453125 0.0453125
10 0.54453125 0.85859375 0.04296875 0.0453125
4 0.58828125 0.78984375 0.01796875 0.01875
4 0.5703125 0.73125 0.01640625 0.01796875
4 0.5359375 0.671875 0.01640625 0.0140625
4 0.53671875 0.65078125 0.01484375 0.01953125
4 0.52578125 0.63046875 0.0125 0.01484375
4 0.50546875 0.61015625 0.01484375 0.0203125
4 0.50390625 0.59609375 0.00703125 0.0203125
4 0.5296875 0.60390625 0.01484375 0.0140625
4 0.51640625 0.59140625 0.00859375 0.025
8 0.51640625 0.55390625 0.0234375 0.01875
4 0.55 0.62109375 0.01171875 0.0109375
6 0.525 0.67421875 0.00390625 0.01953125
7 0.53515625 0.6734375 0.00546875 0.01875
7 0.52734375 0.6390625 0.00546875 0.01328125
1 0.49453125 0.6 0.00546875 0.01875
1 0.53125 0.5359375 0.0109375 0.0109375
6 0.5328125 0.53671875 0.00546875 0.01484375
4 0.08828125 0.38046875 0.01015625 0.0140625
6 0.0875 0.37890625 0.0046875 0.015625
4 0.14296875 0.31171875 0.00546875 0.01328125
6 0.14296875 0.3078125 0.00234375 0.01171875
6 0.321875 0.6359375 0.0046875 0.01796875
6 0.32421875 0.83203125 0.00546875 0.0234375
6 0.50859375 0.95703125 0.00703125 0.01796875
1 0.50859375 0.95859375 0.00390625 0.028125
4 0.48046875 0.490625 0.00625 0.025
4 0.4921875 0.49609375 0.00546875 0.025
4 0.53828125 0.48125 0.00625 0.01953125
7 0.49140625 0.49296875 0.00546875 0.01796875
7 0.48046875 0.48828125 0.00546875 0.015625
4 0.52421875 0.58671875 0.00703125 0.021875
4 0.52890625 0.58515625 0.00859375 0.02421875
7 0.4390625 0.48515625 0.00546875 0.01328125
6 0.46640625 0.425 0.00390625 0.01484375
6 0.47109375 0.41796875 0.00390625 0.01640625
7 0.47109375 0.40859375 0.00390625 0.0109375