2 0.053125 0.44296875 0.0578125 0.0265625
2 0.01328125 0.440625 0.02578125 0.0265625
2 0.02890625 0.415625 0.0578125 0.02890625
2 0.03125 0.38515625 0.04609375 0.03125
9 0.04609375 0.36484375 0.02578125 0.0203125
9 0.01796875 0.3609375 0.03203125 0.0234375
9 0.03984375 0.3375 0.04140625 0.0234375
9 0.02734375 0.30625 0.03515625 0.025
9 0.16875 0.36640625 0.01640625 0.0484375
9 0.1828125 0.36171875 0.01640625 0.05
3 0.19296875 0.3390625 0.0125 0.03671875
3 0.20234375 0.328125 0.01015625 0.02890625
9 0.24375 0.21796875 0.01328125 0.0546875
3 0.221875 0.50625 0.01015625 0.0359375
3 0.1515625 0.76171875 0.01328125 0.0359375
3 0.10078125 0.77421875 0.02109375 0.01640625
3 0.1015625 0.75390625 0.02265625 0.01796875
3 0.05859375 0.765625 0.021875 0.02890625
3 0.225 0.734375 0.0203125 0.01875
3 0.4953125 0.40546875 0.0109375 0.03515625
3 0.50546875 0.384375 0.0109375 0.03359375
3 0.51640625 0.38984375 0.01015625 0.03515625
3 0.528125 0.39375 0.0109375 0.03203125
3 0.71875 0.36953125 0.01484375 0.0359375
3 0.415625 0.95078125 0.01328125 0.040625
3 0.43828125 0.953125 0.01171875 0.0359375
3 0.26796875 0.9390625 0.02109375 0.021875
3 0.13515625 0.93828125 0.02578125 0.01796875
3 0.0484375 0.96484375 0.02421875 0.01484375
3 0.04140625 0.92890625 0.02265625 0.0203125
4 0.33828125 0.96328125 0.01015625 0.0109375