4 0.06484375 0.2671875 0.0234375 0.0203125
7 0.1140625 0.2671875 0.0375 0.0265625
6 0.15 0.27265625 0.0484375 0.028125
7 0.10234375 0.28046875 0.03125 0.021875
6 0.10859375 0.30078125 0.046875 0.0296875
1 0.09765625 0.29140625 0.0390625 0.0234375
6 0.1375 0.3125 0.0421875 0.025
6 0.1515625 0.309375 0.0484375 0.0265625
6 0.2265625 0.35546875 0.040625 0.0234375
1 0.00859375 0.64296875 0.0171875 0.0328125
7 0.02734375 0.63515625 0.040625 0.0234375
7 0.02890625 0.62734375 0.040625 0.0234375
4 0.08515625 0.59296875 0.046875 0.0296875
1 0.27421875 0.590625 0.0328125 0.0296875
3 0.0921875 0.534375 0.09375 0.0703125
10 0.12734375 0.459375 0.0921875 0.0609375
7 0.0546875 0.41015625 0.0421875 0.03125
7 0.059375 0.4359375 0.0390625 0.0265625
8 0.05078125 0.42890625 0.059375 0.0546875
6 0.22890625 0.428125 0.0359375 0.0203125
7 0.23046875 0.38203125 0.0375 0.025
1 0.2203125 0.38046875 0.0359375 0.0203125
7 0.28515625 0.359375 0.0234375 0.0171875
7 0.37734375 0.61953125 0.0390625 0.0453125
10 0.44921875 0.30625 0.053125 0.0546875
3 0.4671875 0.30859375 0.0390625 0.046875
3 0.47109375 0.32265625 0.0375 0.046875
3 0.4671875 0.26875 0.040625 0.0421875