3 0.30625 0.5015625 0.0546875 0.0671875
2 0.41484375 0.565625 0.0625 0.0828125
9 0.47578125 0.5796875 0.0546875 0.1203125
3 0.5203125 0.61796875 0.0515625 0.090625
10 0.53984375 0.63984375 0.0390625 0.09375
3 0.53359375 0.43671875 0.0515625 0.0578125
6 0.50625 0.44375 0.009375 0.03125
3 0.590625 0.475 0.0515625 0.0578125
6 0.640625 0.4765625 0.00625 0.021875
10 0.6828125 0.61015625 0.0640625 0.0703125
1 0.74765625 0.5390625 0.01875 0.028125
4 0.77890625 0.5703125 0.021875 0.034375
4 0.8 0.57265625 0.021875 0.0203125
4 0.92734375 0.6578125 0.028125 0.034375
1 0.96171875 0.66875 0.03125 0.0203125
3 0.934375 0.92109375 0.0765625 0.0640625
3 0.8703125 0.8484375 0.0671875 0.0609375
3 0.27734375 0.28203125 0.021875 0.040625
1 0.29609375 0.33828125 0.009375 0.021875
7 0.296875 0.33046875 0.0140625 0.01875
4 0.44453125 0.30625 0.015625 0.025