3 0.615625 0.646875 0.04375 0.015625
3 0.415625 0.6953125 0.0578125 0.01875
3 0.4125 0.7171875 0.05 0.0171875
3 0.31015625 0.6921875 0.0671875 0.0203125
3 0.86796875 0.71171875 0.021875 0.0109375
3 0.93203125 0.6640625 0.021875 0.0109375
3 0.94375 0.7 0.015625 0.0078125
3 0.896875 0.696875 0.0203125 0.0078125
10 0.78828125 0.65703125 0.034375 0.0125
3 0.6859375 0.69453125 0.0328125 0.0140625
10 0.684375 0.63515625 0.040625 0.0125
3 0.92421875 0.6828125 0.0203125 0.0109375
3 0.9703125 0.69609375 0.015625 0.009375
3 0.9828125 0.70859375 0.00625 0.00625