3 0.525 0.80078125 0.0671875 0.0984375
3 0.5046875 0.59296875 0.05625 0.053125
3 0.465625 0.5609375 0.0515625 0.0453125
3 0.4359375 0.521875 0.05 0.046875
10 0.43359375 0.46640625 0.0421875 0.040625
10 0.5046875 0.5 0.04375 0.0453125
0 0.4578125 0.4828125 0.0359375 0.0359375
0 0.4203125 0.56171875 0.0234375 0.034375
0 0.42578125 0.5953125 0.03125 0.046875
0 0.4375 0.70859375 0.0421875 0.0484375
0 0.48515625 0.72109375 0.046875 0.053125
0 0.490625 0.80078125 0.0375 0.0625
0 0.46875 0.79765625 0.040625 0.0828125
0 0.44140625 0.815625 0.05625 0.0609375
0 0.43984375 0.76875 0.0515625 0.0453125
6 0.45234375 0.49609375 0.0140625 0.025
6 0.440625 0.4953125 0.0125 0.0234375
6 0.41953125 0.7171875 0.0171875 0.0328125
7 0.584375 0.56953125 0.015625 0.0265625
4 0.58515625 0.57265625 0.0171875 0.03125
7 0.484375 0.35234375 0.0109375 0.0203125
7 0.5203125 0.28203125 0.0109375 0.0203125
7 0.50546875 0.1875 0.0078125 0.0140625
7 0.4984375 0.14921875 0.0078125 0.0140625
6 0.4375 0.36015625 0.0125 0.0234375
4 0.4015625 0.33515625 0.0125 0.0203125
4 0.41015625 0.353125 0.0109375 0.0171875
4 0.40703125 0.3578125 0.015625 0.021875
4 0.4203125 0.35546875 0.0140625 0.0203125
4 0.42734375 0.3609375 0.0171875 0.01875
10 0.44296875 0.3453125 0.0328125 0.034375
3 0.4640625 0.3203125 0.0375 0.0359375
3 0.4765625 0.34921875 0.040625 0.0375
4 0.48359375 0.32890625 0.01875 0.01875
0 0.46328125 0.334375 0.0265625 0.025
0 0.50234375 0.30234375 0.025 0.0296875
8 0.575 0.309375 0.0140625 0.0234375
8 0.50546875 0.190625 0.0125 0.0203125
0 0.4921875 0.109375 0.0171875 0.021875
4 0.50078125 0.12109375 0.0109375 0.0109375
4 0.4984375 0.15078125 0.0078125 0.0140625
4 0.51171875 0.20546875 0.009375 0.0140625
4 0.5234375 0.2484375 0.009375 0.0140625
4 0.5203125 0.28359375 0.0109375 0.015625
6 0.52265625 0.2515625 0.0125 0.0234375
6 0.52578125 0.246875 0.0109375 0.0203125
10 0.5453125 0.296875 0.025 0.0390625
7 0.571875 0.30234375 0.0109375 0.015625
9 0.55703125 0.25546875 0.0484375 0.0578125
9 0.49765625 0.28203125 0.034375 0.034375
4 0.52890625 0.1859375 0.0109375 0.0203125
0 0.5203125 0.165625 0.0140625 0.025
4 0.45390625 0.0578125 0.009375 0.0125
0 0.46484375 0.04375 0.009375 0.0140625
0 0.48046875 0.0765625 0.0109375 0.0171875
1 0.490625 0.09921875 0.0109375 0.0109375
7 0.490625 0.09375 0.0078125 0.0109375
10 0.509375 0.059375 0.015625 0.021875
3 0.559375 0.1421875 0.01875 0.028125
3 0.525 0.0578125 0.0140625 0.0171875
3 0.51796875 0.04453125 0.0140625 0.0171875
0 0.50859375 0.03046875 0.0109375 0.0171875
6 0.51484375 0.0359375 0.0046875 0.00625
6 0.45 0.00390625 0.00625 0.0078125
3 0.48984375 0.00234375 0.0140625 0.0046875
4 0.45390625 0.00078125 0.0046875 0.0015625
1 0.4703125 0.05625 0.00625 0.009375
0 0.56875 0.0015625 0.009375 0.003125
0 0.5734375 0.00625 0.009375 0.0125
0 0.584375 0.01328125 0.0109375 0.0171875
0 0.5875 0.0171875 0.0140625 0.0171875
0 0.59453125 0.0234375 0.0109375 0.0203125
3 0.59609375 0.0125 0.0140625 0.0203125
3 0.61796875 0.01328125 0.021875 0.0171875
3 0.62265625 0.01484375 0.01875 0.0171875
10 0.628125 0.0265625 0.021875 0.0203125
3 0.640625 0.04453125 0.0265625 0.025
3 0.66953125 0.04140625 0.025 0.01875
3 0.66171875 0.07890625 0.0265625 0.021875
3 0.67734375 0.09453125 0.0265625 0.025
0 0.63671875 0.05625 0.01875 0.01875
0 0.6640625 0.0328125 0.01875 0.01875
4 0.621875 0.06875 0.00625 0.009375
7 0.6203125 0.06640625 0.00625 0.0125
7 0.65859375 0.0640625 0.0046875 0.00625
7 0.66171875 0.0625 0.00625 0.0109375
8 0.66015625 0.065625 0.0109375 0.0109375
4 0.6578125 0.09453125 0.0109375 0.0203125
9 0.82265625 0.60390625 0.0921875 0.1484375