3 0.97734375 0.69609375 0.0453125 0.0609375
3 0.896875 0.546875 0.053125 0.05
3 0.86875 0.54609375 0.0546875 0.0484375
3 0.78359375 0.575 0.0421875 0.04375
6 0.76015625 0.62578125 0.025 0.0109375
7 0.75625 0.62109375 0.009375 0.0046875
3 0.7890625 0.7109375 0.0375 0.040625
3 0.7578125 0.71015625 0.0328125 0.0359375
3 0.440625 0.7875 0.01875 0.015625
3 0.44375 0.778125 0.01875 0.015625
3 0.446875 0.77265625 0.01875 0.015625
3 0.4515625 0.765625 0.01875 0.01875
3 0.45234375 0.7578125 0.0234375 0.0234375
3 0.428125 0.78359375 0.0171875 0.01875
3 0.4265625 0.76640625 0.0171875 0.0203125
6 0.428125 0.79609375 0.0140625 0.00625
6 0.4203125 0.80859375 0.0171875 0.009375
10 0.41171875 0.8234375 0.021875 0.01875
3 0.39453125 0.825 0.01875 0.01875
3 0.43671875 0.84296875 0.01875 0.01875
3 0.44765625 0.8546875 0.01875 0.01875
3 0.46875 0.875 0.021875 0.01875
9 0.30078125 0.84921875 0.01875 0.0234375
2 0.3234375 0.97421875 0.0234375 0.0234375
9 0.33984375 0.8265625 0.0265625 0.0296875
6 0.54296875 0.1359375 0.0203125 0.0109375
3 0.5328125 0.159375 0.034375 0.021875
3 0.56953125 0.153125 0.034375 0.021875
3 0.62109375 0.07578125 0.046875 0.0265625
3 0.74609375 0.0390625 0.053125 0.0328125
3 0.79453125 0.02421875 0.053125 0.0296875
3 0.45546875 0.0125 0.0328125 0.025
10 0.4140625 0.04296875 0.0265625 0.03125
3 0.40625 0.0453125 0.0203125 0.025