10 0.01640625 0.93828125 0.01484375 0.03125
3 0.00546875 0.940625 0.01015625 0.0234375
3 0.028125 0.9359375 0.01171875 0.034375
3 0.040625 0.92734375 0.01015625 0.0265625
3 0.0515625 0.9265625 0.01171875 0.03359375
3 0.0625 0.92890625 0.0109375 0.03203125
3 0.44296875 0.9640625 0.01796875 0.01640625
3 0.42265625 0.86953125 0.0140625 0.02890625
3 0.41875 0.8453125 0.0140625 0.02421875
10 0.41484375 0.815625 0.01484375 0.0203125
3 0.40390625 0.8015625 0.015625 0.0203125
10 0.403125 0.784375 0.015625 0.01953125
3 0.3953125 0.76875 0.01640625 0.01875
3 0.3921875 0.75625 0.01484375 0.021875
3 0.3859375 0.73515625 0.01484375 0.02578125
3 0.38046875 0.71328125 0.01484375 0.02421875
3 0.37734375 0.6984375 0.015625 0.021875
9 0.3734375 0.68515625 0.01484375 0.0203125
3 0.3703125 0.66953125 0.0171875 0.0203125
3 0.428125 0.66171875 0.015625 0.01484375
3 0.41953125 0.64296875 0.015625 0.0203125
3 0.41171875 0.60546875 0.01640625 0.02109375
3 0.296875 0.59453125 0.015625 0.01875
3 0.31796875 0.58359375 0.01796875 0.01640625
3 0.29609375 0.47890625 0.009375 0.0265625
9 0.29921875 0.56484375 0.01796875 0.01640625
6 0.17890625 0.66171875 0.00390625 0.00546875
6 0.1765625 0.6578125 0.00390625 0.00625
6 0.17421875 0.65390625 0.00390625 0.0046875
6 0.2734375 0.590625 0.00390625 0.00625
6 0.27734375 0.60390625 0.00234375 0.0046875
6 0.27421875 0.61328125 0.00234375 0.00546875
6 0.27734375 0.61328125 0.003125 0.0046875
6 0.28046875 0.60078125 0.003125 0.0046875
6 0.28046875 0.58671875 0.003125 0.00546875
6 0.2828125 0.59140625 0.003125 0.00390625
6 0.2859375 0.5859375 0.00234375 0.00546875
6 0.28828125 0.58828125 0.003125 0.00546875
6 0.29453125 0.58046875 0.00390625 0.00625
6 0.3359375 0.56484375 0.00234375 0.00546875
6 0.33828125 0.56171875 0.003125 0.00859375
6 0.34296875 0.56953125 0.003125 0.00546875
6 0.3390625 0.57578125 0.00234375 0.00625
6 0.309375 0.56640625 0.003125 0.003125
6 0.38515625 0.6421875 0.00234375 0.0046875
6 0.38671875 0.640625 0.003125 0.0046875
6 0.41796875 0.77421875 0.003125 0.009375
6 0.42109375 0.77421875 0.0015625 0.00625
6 0.4203125 0.7859375 0.00234375 0.00859375
6 0.434375 0.828125 0.00234375 0.00859375
6 0.4234375 0.771875 0.00234375 0.00703125