10 0.13046875 0.85859375 0.05 0.04375
10 0.178125 0.80625 0.0578125 0.0453125
10 0.22265625 0.7546875 0.065625 0.05
10 0.371875 0.68125 0.0859375 0.0609375
10 0.44921875 0.61875 0.0859375 0.0625
3 0.42578125 0.58359375 0.0734375 0.0625
3 0.34921875 0.65078125 0.06875 0.053125
3 0.2859375 0.7078125 0.059375 0.0484375
3 0.30625 0.73515625 0.059375 0.0421875
3 0.25 0.78984375 0.05625 0.046875
6 0.67890625 0.6015625 0.03125 0.0125
6 0.6296875 0.55 0.034375 0.0125
6 0.22109375 0.2671875 0.021875 0.0078125
6 0.321875 0.6015625 0.028125 0.0125
6 0.27734375 0.9046875 0.028125 0.0125
6 0.28203125 0.909375 0.025 0.0109375
6 0.20390625 0.721875 0.025 0.0046875
6 0.153125 0.775 0.028125 0.009375
6 0.15 0.7796875 0.025 0.0078125
6 0.10390625 0.821875 0.01875 0.0078125
6 0.05703125 0.87890625 0.021875 0.0078125