6 0.27109375 0.7734375 0.01328125 0.03984375
10 0.209375 0.86875 0.06171875 0.2
6 0.26875 0.47578125 0.0125 0.04609375
6 0.31484375 0.440625 0.01015625 0.04296875
6 0.31484375 0.38203125 0.01171875 0.03671875
6 0.3140625 0.34453125 0.00859375 0.04453125
6 0.2984375 0.36171875 0.01171875 0.03984375
6 0.1828125 0.53046875 0.01328125 0.0453125
2 0.35625 0.29609375 0.05390625 0.2203125
3 0.484375 0.3046875 0.03203125 0.07421875
2 0.3734375 0.115625 0.03671875 0.15390625
6 0.32421875 0.2828125 0.0109375 0.04140625
6 0.328125 0.3796875 0.00859375 0.03671875
6 0.39609375 0.07421875 0.00546875 0.03125
7 0.35234375 0.07265625 0.00703125 0.015625
4 0.35234375 0.084375 0.00625 0.0203125
3 0.34453125 0.0234375 0.01875 0.040625
6 0.375 0.00859375 0.00625 0.0171875
10 0.51640625 0.21171875 0.0328125 0.06484375
10 0.6078125 0.21953125 0.05859375 0.05546875
9 0.51484375 0.07265625 0.0265625 0.065625
3 0.4828125 0.79375 0.04609375 0.17109375
3 0.70390625 0.3640625 0.05078125 0.05859375
3 0.69453125 0.32421875 0.06953125 0.05546875
3 0.6328125 0.1890625 0.0640625 0.0546875
3 0.6 0.15625 0.05546875 0.053125
3 0.54609375 0.12265625 0.02421875 0.046875
3 0.6125 0.13125 0.05546875 0.04296875
3 0.590625 0.109375 0.04765625 0.04375
3 0.58125 0.07421875 0.03125 0.0515625
4 0.69609375 0.23203125 0.01875 0.0265625
1 0.62265625 0.096875 0.01796875 0.0234375
4 0.6265625 0.05546875 0.01796875 0.02421875
6 0.55859375 0.0609375 0.00703125 0.0296875
3 0.63828125 0.0109375 0.01953125 0.02109375
3 0.67265625 0.75703125 0.07578125 0.16875
3 0.709375 0.75234375 0.03984375 0.15625
3 0.67421875 0.584375 0.059375 0.1265625
3 0.6703125 0.48046875 0.090625 0.06953125
6 0.709375 0.50078125 0.015625 0.05625
10 0.63046875 0.58515625 0.0671875 0.14609375