4 0.296875 0.0546875 0.021875 0.0171875
3 0.3453125 0.04296875 0.0453125 0.04375
6 0.3953125 0.04609375 0.0234375 0.015625
6 0.425 0.01953125 0.028125 0.0203125
6 0.46953125 0.1546875 0.034375 0.0171875
10 0.4421875 0.15078125 0.0578125 0.0515625
4 0.4046875 0.04453125 0.0265625 0.01875
8 0.4328125 0.01953125 0.0359375 0.03125
9 0.3171875 0.140625 0.05 0.05625
9 0.29765625 0.21171875 0.05 0.0453125
4 0.26875 0.1859375 0.01875 0.0171875
5 0.26640625 0.26484375 0.059375 0.0515625
3 0.19296875 0.3515625 0.025 0.028125
3 0.2046875 0.36484375 0.0265625 0.025
5 0.178125 0.4 0.05 0.0375
6 0.18203125 0.5203125 0.0109375 0.00625
10 0.2390625 0.48984375 0.0234375 0.015625
10 0.26015625 0.471875 0.0265625 0.0171875
3 0.2640625 0.48359375 0.0265625 0.01875
3 0.26953125 0.4953125 0.025 0.01875
10 0.23515625 0.53671875 0.0234375 0.0203125
9 0.20390625 0.55546875 0.01875 0.015625
0 0.41328125 0.3921875 0.034375 0.0296875
3 0.4515625 0.36328125 0.0453125 0.0359375
3 0.49765625 0.35546875 0.046875 0.0546875
8 0.50546875 0.39765625 0.0328125 0.0328125
6 0.6609375 0.31015625 0.0265625 0.0171875
6 0.65625 0.3046875 0.0375 0.0203125
0 0.9125 0.41640625 0.06875 0.0578125
4 0.88359375 0.4171875 0.0421875 0.0375
4 0.8421875 0.43671875 0.0421875 0.0359375
4 0.83671875 0.43359375 0.0359375 0.034375
4 0.81328125 0.45 0.0328125 0.0296875
1 0.80078125 0.45390625 0.0359375 0.03125
7 0.78359375 0.41171875 0.0359375 0.0234375
7 0.7703125 0.41953125 0.0234375 0.015625
8 0.7859375 0.4140625 0.0625 0.0375
4 0.79140625 0.38359375 0.0359375 0.03125
6 0.76484375 0.3921875 0.046875 0.021875
4 0.796875 0.3609375 0.0375 0.0359375
7 0.740625 0.40234375 0.0296875 0.01875
7 0.73984375 0.39609375 0.0328125 0.01875
6 0.70625 0.4203125 0.0390625 0.0203125
6 0.72578125 0.484375 0.040625 0.021875
6 0.703125 0.49140625 0.034375 0.01875
7 0.765625 0.46640625 0.034375 0.01875
1 0.7 0.48515625 0.0234375 0.0203125
8 0.715625 0.378125 0.0453125 0.0546875
8 0.69765625 0.38671875 0.0359375 0.0375
8 0.6609375 0.4046875 0.0390625 0.0453125
1 0.659375 0.4890625 0.0359375 0.0359375
0 0.6265625 0.425 0.0515625 0.04375
8 0.6109375 0.50546875 0.0546875 0.0328125
4 0.571875 0.4421875 0.0296875 0.0265625
7 0.51953125 0.50078125 0.0234375 0.0125
4 0.52421875 0.49921875 0.0265625 0.0171875
4 0.5140625 0.5171875 0.0234375 0.0203125
6 0.48515625 0.484375 0.0265625 0.0140625
6 0.4765625 0.4890625 0.025 0.0140625
6 0.47578125 0.4859375 0.028125 0.015625
8 0.47578125 0.5109375 0.028125 0.0171875
7 0.46640625 0.5140625 0.015625 0.0109375
7 0.45078125 0.496875 0.0171875 0.0125
8 0.45390625 0.496875 0.0234375 0.015625
8 0.4734375 0.48046875 0.040625 0.0234375
6 0.42578125 0.53359375 0.0234375 0.0140625
0 0.37734375 0.540625 0.0265625 0.015625
4 0.41796875 0.55 0.021875 0.0171875
4 0.40859375 0.55078125 0.0171875 0.0140625
4 0.3640625 0.525 0.0171875 0.0109375
7 0.3546875 0.53046875 0.00625 0.0046875
7 0.35078125 0.53046875 0.0109375 0.00625
7 0.35546875 0.5375 0.0125 0.00625
7 0.35078125 0.53828125 0.01875 0.0109375
4 0.353125 0.5375 0.0203125 0.0125
4 0.35390625 0.53046875 0.0140625 0.0078125
4 0.33359375 0.55078125 0.015625 0.009375
4 0.31640625 0.565625 0.0125 0.0078125
7 0.3125 0.5671875 0.015625 0.0078125
7 0.3296875 0.55234375 0.0140625 0.009375
0 0.3171875 0.5796875 0.025 0.0171875
5 0.19375 0.56484375 0.025 0.0265625
5 0.18828125 0.54453125 0.025 0.025
4 0.31171875 0.5890625 0.0109375 0.009375
4 0.3078125 0.58984375 0.0109375 0.009375
4 0.25546875 0.57578125 0.009375 0.0046875
4 0.2734375 0.57578125 0.0109375 0.00625
4 0.27421875 0.5625 0.0125 0.00625
4 0.303125 0.590625 0.009375 0.00625
6 0.29765625 0.58984375 0.0125 0.00625
7 0.26953125 0.57734375 0.0125 0.00625
7 0.27421875 0.5625 0.009375 0.00625
7 0.27265625 0.56328125 0.0109375 0.00625
8 0.2859375 0.59921875 0.0171875 0.01875
6 0.2546875 0.5734375 0.015625 0.0078125
8 0.2578125 0.56640625 0.015625 0.0140625
8 0.253125 0.59375 0.015625 0.0109375
0 0.25703125 0.60390625 0.0171875 0.015625
0 0.24921875 0.6 0.0203125 0.0203125
0 0.246875 0.60078125 0.0171875 0.0140625
6 0.2390625 0.60390625 0.0109375 0.00625
6 0.2375 0.6 0.0125 0.00625
6 0.23359375 0.60078125 0.0109375 0.00625
7 0.22265625 0.58671875 0.009375 0.00625
7 0.22265625 0.59765625 0.009375 0.00625
4 0.2234375 0.59765625 0.0109375 0.00625
4 0.225 0.58671875 0.009375 0.00625
7 0.19765625 0.60078125 0.00625 0.0046875
7 0.16640625 0.61484375 0.0046875 0.003125
7 0.15546875 0.61796875 0.00625 0.0046875
7 0.15703125 0.6140625 0.00625 0.0046875
7 0.1546875 0.621875 0.00625 0.003125
3 0.1296875 0.6265625 0.00625 0.0046875
4 0.15 0.6234375 0.00625 0.003125
4 0.15625 0.62109375 0.0046875 0.0046875
4 0.15625 0.6171875 0.0046875 0.0046875
4 0.1578125 0.6140625 0.00625 0.0046875
4 0.16796875 0.61484375 0.00625 0.003125
4 0.1984375 0.60078125 0.00625 0.0046875
6 0.18984375 0.6 0.009375 0.00625
8 0.190625 0.60234375 0.009375 0.00625
10 0.56875 0.025 0.084375 0.05