3 0.27421875 0.78984375 0.12265625 0.109375
3 0.3015625 0.63359375 0.0984375 0.09375
3 0.3234375 0.5265625 0.0828125 0.06640625
10 0.34375 0.409375 0.0734375 0.071875
3 0.50703125 0.41328125 0.06796875 0.04609375
10 0.54453125 0.359375 0.05390625 0.05390625
3 0.36640625 0.30859375 0.04921875 0.03984375
3 0.375 0.240625 0.0421875 0.02890625
3 0.3359375 0.24296875 0.02421875 0.04296875
3 0.44375 0.18984375 0.01328125 0.03359375
3 0.465625 0.17421875 0.01640625 0.02890625
3 0.12421875 0.16328125 0.03359375 0.03515625
6 0.01484375 0.2109375 0.00703125 0.03359375
6 0.0828125 0.1640625 0.01015625 0.02890625
6 0.13046875 0.13671875 0.00703125 0.021875
6 0.13515625 0.1375 0.00625 0.025
10 0.28125 0.0484375 0.0171875 0.028125
2 0.30234375 0.03125 0.01484375 0.03046875
3 0.31328125 0.0265625 0.009375 0.01640625
6 0.37578125 0.10546875 0.00390625 0.01875
6 0.32421875 0.2609375 0.00703125 0.02890625
6 0.32109375 0.29453125 0.00703125 0.03125
6 0.4046875 0.29296875 0.00703125 0.02109375
6 0.40234375 0.278125 0.00703125 0.02578125
6 0.38828125 0.2265625 0.00546875 0.01875
3 0.3609375 0.3890625 0.06015625 0.040625
3 0.35625 0.36640625 0.06171875 0.03671875
6 0.3828125 0.10625 0.0046875 0.01640625
6 0.4390625 0.25859375 0.00703125 0.03359375
6 0.421875 0.11796875 0.00390625 0.01328125
6 0.425 0.11953125 0.003125 0.0109375
6 0.45859375 0.146875 0.00546875 0.01875
6 0.43046875 0.15 0.00390625 0.0203125
3 0.39140625 0.19765625 0.03359375 0.0265625
3 0.39296875 0.18203125 0.03671875 0.021875
10 0.390625 0.165625 0.03359375 0.0234375
3 0.3921875 0.14453125 0.0328125 0.02421875
3 0.39453125 0.1265625 0.02734375 0.0203125
3 0.4015625 0.12109375 0.02109375 0.01796875
3 0.39921875 0.1078125 0.02265625 0.02109375
3 0.40234375 0.09296875 0.01796875 0.01796875
3 0.4046875 0.0859375 0.01796875 0.01171875
3 0.40234375 0.08125 0.01875 0.015625
3 0.41796875 0.084375 0.00703125 0.01640625
3 0.428125 0.084375 0.01015625 0.01796875
3 0.4375 0.084375 0.00703125 0.01796875
10 0.4484375 0.0859375 0.0109375 0.0234375
3 0.4421875 0.0703125 0.0140625 0.01875
3 0.41875 0.06875 0.00703125 0.01640625
3 0.43671875 0.09921875 0.0109375 0.0140625
3 0.4375 0.10859375 0.01015625 0.015625
3 0.434375 0.11796875 0.01015625 0.01953125
3 0.4390625 0.12578125 0.0140625 0.02578125
3 0.440625 0.1484375 0.01328125 0.0203125
3 0.4453125 0.16796875 0.01796875 0.028125
3 0.47734375 0.075 0.01171875 0.01640625
3 0.48671875 0.07421875 0.009375 0.015625
3 0.478125 0.121875 0.02578125 0.01640625
3 0.4796875 0.128125 0.02265625 0.01640625
3 0.47578125 0.13203125 0.02578125 0.01875
3 0.490625 0.159375 0.0234375 0.01640625
10 0.50234375 0.2 0.03203125 0.0296875
3 0.49765625 0.1796875 0.02578125 0.01875
3 0.49296875 0.178125 0.03671875 0.02109375
3 0.49609375 0.17109375 0.02734375 0.0203125
3 0.4703125 0.22578125 0.04296875 0.025
3 0.46328125 0.2421875 0.04140625 0.0265625
3 0.46640625 0.25625 0.04140625 0.02421875
3 0.46640625 0.26484375 0.0390625 0.0203125
10 0.4734375 0.2734375 0.04453125 0.03671875
3 0.47578125 0.296875 0.05234375 0.0296875
3 0.48046875 0.31953125 0.05390625 0.0390625
3 0.48671875 0.35703125 0.0578125 0.034375
3 0.49296875 0.378125 0.06328125 0.034375
6 0.44609375 0.49921875 0.01328125 0.046875
9 0.5734375 0.31796875 0.06015625 0.05
3 0.5703125 0.28359375 0.046875 0.04296875
3 0.46953125 0.096875 0.02421875 0.025
6 0.36015625 0.14609375 0.00703125 0.02109375
6 0.02109375 0.215625 0.01015625 0.03125
3 0.39296875 0.07421875 0.01640625 0.01875