9 0.134375 0.13828125 0.0796875 0.115625
3 0.2484375 0.28515625 0.04375 0.096875
3 0.29921875 0.434375 0.025 0.0453125
3 0.39375 0.57421875 0.0203125 0.0296875
3 0.3203125 0.584375 0.015625 0.0171875
6 0.32109375 0.59453125 0.0046875 0.00625
6 0.31796875 0.5890625 0.0046875 0.00625
3 0.359375 0.6453125 0.00625 0.009375
6 0.353125 0.65703125 0.0046875 0.00625
6 0.39609375 0.6765625 0.0046875 0.009375
6 0.39375 0.6921875 0.0046875 0.00625
3 0.35859375 0.6546875 0.0046875 0.009375
3 0.37265625 0.67890625 0.0046875 0.00625
3 0.4109375 0.6796875 0.009375 0.015625
10 0.39765625 0.70234375 0.0046875 0.00625
3 0.40703125 0.721875 0.0046875 0.00625
3 0.39765625 0.71171875 0.003125 0.003125
9 0.3984375 0.71484375 0.0078125 0.0109375
3 0.3828125 0.69765625 0.0046875 0.00625
3 0.371875 0.68828125 0.0046875 0.00625
3 0.41015625 0.7296875 0.003125 0.0046875
3 0.40703125 0.72890625 0.003125 0.003125
10 0.40234375 0.721875 0.003125 0.0046875
6 0.4328125 0.74375 0.003125 0.0046875
6 0.4296875 0.74765625 0.003125 0.003125
6 0.44765625 0.73203125 0.003125 0.0046875
6 0.565625 0.84453125 0.0046875 0.00625
6 0.55859375 0.84140625 0.0046875 0.009375
6 0.55390625 0.8359375 0.0046875 0.009375
3 0.60859375 0.87734375 0.0234375 0.03125
3 0.5703125 0.82734375 0.0234375 0.0328125
3 0.603125 0.87265625 0.01875 0.025
3 0.596875 0.8703125 0.0203125 0.0265625
3 0.59140625 0.8671875 0.0203125 0.0265625
3 0.58203125 0.86171875 0.0203125 0.0265625
3 0.58046875 0.86015625 0.015625 0.0203125
10 0.5671875 0.85234375 0.0203125 0.0265625
3 0.5625 0.8484375 0.015625 0.025
3 0.55859375 0.8484375 0.0203125 0.0265625
3 0.5609375 0.82109375 0.0203125 0.0265625
3 0.55625 0.8203125 0.0171875 0.0296875
3 0.553125 0.81953125 0.01875 0.0296875
3 0.55234375 0.821875 0.0171875 0.0296875
3 0.546875 0.81640625 0.015625 0.021875
3 0.54296875 0.815625 0.015625 0.0234375
3 0.5390625 0.81171875 0.015625 0.0234375
3 0.53359375 0.8109375 0.015625 0.0234375
3 0.52890625 0.809375 0.015625 0.0234375
3 0.5265625 0.80859375 0.015625 0.0234375
3 0.52421875 0.8078125 0.015625 0.0234375
3 0.6765625 0.9171875 0.034375 0.0390625
3 0.65390625 0.903125 0.0296875 0.0375