3 0.21328125 0.95546875 0.0265625 0.03359375
3 0.18515625 0.94296875 0.05078125 0.05859375
3 0.2421875 0.90234375 0.04296875 0.084375
3 0.22265625 0.87734375 0.0484375 0.09375
3 0.20390625 0.84921875 0.04609375 0.0953125
3 0.1875 0.8125 0.04296875 0.084375
3 0.1671875 0.784375 0.04921875 0.08203125
3 0.1546875 0.759375 0.0453125 0.071875
3 0.1375 0.734375 0.04921875 0.08046875
3 0.12109375 0.7109375 0.04453125 0.0734375
3 0.10703125 0.68359375 0.04453125 0.07421875
3 0.0890625 0.66171875 0.046875 0.07890625
3 0.07421875 0.63984375 0.05234375 0.078125
3 0.1625 0.93046875 0.040625 0.08046875
3 0.15 0.89375 0.05 0.08984375
3 0.1296875 0.86953125 0.053125 0.09375
3 0.1125 0.83203125 0.046875 0.08359375
3 0.09375 0.8109375 0.04609375 0.0796875
3 0.078125 0.78203125 0.04609375 0.08203125
3 0.06015625 0.7546875 0.04765625 0.07421875
3 0.0421875 0.73515625 0.04921875 0.07578125
3 0.0203125 0.70078125 0.040625 0.0828125
3 0.2109375 0.51171875 0.05234375 0.075
3 0.2984375 0.7109375 0.06953125 0.11171875
3 0.27265625 0.77578125 0.053125 0.08984375
9 0.67890625 0.8140625 0.10078125 0.1515625
3 0.6203125 0.6859375 0.02265625 0.075
3 0.64453125 0.6921875 0.025 0.07109375
4 0.66796875 0.6984375 0.00859375 0.02890625
4 0.609375 0.63203125 0.01484375 0.01796875
4 0.50234375 0.5890625 0.02109375 0.03046875
7 0.50078125 0.58828125 0.00859375 0.01640625
7 0.15546875 0.30390625 0.03046875 0.03984375
4 0.2046875 0.26328125 0.0078125 0.0234375
9 0.0859375 0.2078125 0.03359375 0.05078125
10 0.10390625 0.1796875 0.02421875 0.040625
9 0.14765625 0.1875 0.05703125 0.08203125
3 0.053125 0.16796875 0.02890625 0.03828125
6 0.03046875 0.05859375 0.00859375 0.0203125
6 0.084375 0.08203125 0.00625 0.015625
7 0.096875 0.08359375 0.00390625 0.01640625
4 0.09765625 0.0890625 0.00703125 0.015625
3 0.09296875 0.05078125 0.03046875 0.025
6 0.23828125 0.21953125 0.00390625 0.01640625
3 0.28984375 0.303125 0.02578125 0.05078125
3 0.31015625 0.3140625 0.021875 0.05
3 0.3265625 0.3390625 0.02734375 0.05
3 0.38203125 0.3921875 0.02734375 0.053125
8 0.41015625 0.40546875 0.00859375 0.04296875
8 0.42109375 0.41953125 0.01015625 0.034375
3 0.43671875 0.45078125 0.01796875 0.05859375
4 0.35 0.36953125 0.0109375 0.02578125
7 0.6046875 0.54140625 0.00546875 0.0140625
7 0.678125 0.6046875 0.0078125 0.01484375
7 0.67578125 0.59140625 0.00859375 0.01953125
7 0.6609375 0.6 0.00859375 0.01328125
7 0.68671875 0.603125 0.00703125 0.0140625
7 0.72265625 0.65078125 0.01015625 0.0140625