6 0.44140625 0.08984375 0.1171875 0.04375
6 0.33203125 0.1640625 0.0734375 0.028125
6 0.296875 0.25546875 0.053125 0.015625
6 0.31015625 0.28359375 0.0796875 0.0265625
6 0.3171875 0.3125 0.0734375 0.021875
6 0.2859375 0.34453125 0.06875 0.01875
6 0.48671875 0.36328125 0.1390625 0.034375
6 0.35078125 0.39453125 0.0609375 0.028125
6 0.384375 0.36171875 0.0984375 0.0265625
6 0.3734375 0.35234375 0.0890625 0.0265625
6 0.42734375 0.10859375 0.1234375 0.04375
6 0.55625 0.20546875 0.15 0.0578125
6 0.56484375 0.228125 0.121875 0.034375
6 0.47734375 0.01875 0.1328125 0.0375
6 0.61875 0.04140625 0.1546875 0.0578125
6 0.6203125 0.17109375 0.175 0.0546875
6 0.64765625 0.234375 0.1484375 0.0453125
6 0.63828125 0.2984375 0.1546875 0.0515625
6 0.6421875 0.38359375 0.15625 0.0421875
6 0.6234375 0.4734375 0.1578125 0.0484375
6 0.66171875 0.5046875 0.15625 0.0421875
6 0.64921875 0.57421875 0.1703125 0.046875
6 0.646875 0.62265625 0.171875 0.059375
6 0.6546875 0.66328125 0.1375 0.0421875
6 0.63984375 0.703125 0.1828125 0.046875
6 0.90078125 0.6765625 0.121875 0.040625
6 0.38203125 0.690625 0.0828125 0.040625
7 0.36015625 0.5109375 0.0734375 0.0296875
7 0.3578125 0.4921875 0.0609375 0.03125
7 0.33984375 0.5375 0.0546875 0.025
6 0.25546875 0.34921875 0.05 0.0125
6 0.45703125 0.02734375 0.0875 0.0296875
7 0.5609375 0.1734375 0.0828125 0.0328125