4 0.08203125 0.096875 0.00625 0.00546875
7 0.08046875 0.09609375 0.003125 0.00859375
3 0.2484375 0.078125 0.01640625 0.01015625
3 0.3484375 0.08828125 0.01484375 0.01171875
3 0.40703125 0.0453125 0.0046875 0.009375
3 0.434375 0.06015625 0.00546875 0.009375
3 0.41015625 0.065625 0.00625 0.0109375
3 0.4109375 0.078125 0.00703125 0.0109375
9 0.43125 0.08125 0.00859375 0.01796875
4 0.4578125 0.02890625 0.00234375 0.0046875
4 0.44765625 0.03828125 0.0015625 0.0046875
7 0.4453125 0.05 0.0015625 0.00546875
0 0.44453125 0.053125 0.0046875 0.01015625
3 0.52109375 0.05 0.01484375 0.0109375
10 0.55546875 0.05078125 0.01171875 0.0140625
3 0.67421875 0.08125 0.01171875 0.01171875
3 0.6625 0.0953125 0.0125 0.01640625
3 0.63515625 0.08828125 0.0109375 0.01328125
6 0.38515625 0.15078125 0.00234375 0.01640625
6 0.40703125 0.1140625 0.00234375 0.01328125
6 0.40859375 0.11328125 0.00234375 0.0140625
7 0.415625 0.11328125 0.0015625 0.01171875
4 0.41640625 0.11796875 0.00390625 0.0109375
4 0.4375 0.11171875 0.00234375 0.00859375
7 0.43671875 0.10859375 0.00234375 0.0109375
3 0.4296875 0.103125 0.00859375 0.0140625
3 0.41640625 0.13359375 0.00859375 0.015625
3 0.4328125 0.12890625 0.0078125 0.01484375
3 0.434375 0.14296875 0.00859375 0.01171875
9 0.43515625 0.15859375 0.01171875 0.02578125
3 0.415625 0.1609375 0.0109375 0.0203125
3 0.43359375 0.1828125 0.01015625 0.01796875
3 0.41640625 0.19140625 0.01171875 0.02109375
4 0.4078125 0.215625 0.00390625 0.01328125
7 0.40703125 0.2109375 0.00390625 0.0140625
10 0.44296875 0.2375 0.01171875 0.0265625
10 0.41953125 0.28671875 0.0171875 0.053125
10 0.42421875 0.39921875 0.01796875 0.053125
10 0.4328125 0.57578125 0.02109375 0.0703125
3 0.42734375 0.73359375 0.0296875 0.090625
3 0.49765625 0.77578125 0.0359375 0.090625
3 0.5640625 0.92890625 0.04453125 0.10078125
3 0.03359375 0.9953125 0.0671875 0.009375
4 0.5421875 0.6890625 0.01015625 0.03515625
7 0.5421875 0.68046875 0.00859375 0.0234375
10 0.2234375 0.01953125 0.009375 0.009375
3 0.29375 0.00546875 0.00703125 0.00625
7 0.4578125 0.02734375 0.00234375 0.00625
7 0.44765625 0.034375 0.00234375 0.00625