6 0.03203125 0.90859375 0.0515625 0.1265625
6 0.24609375 0.9375 0.034375 0.06953125
6 0.10234375 0.91171875 0.02734375 0.1203125
6 0.10703125 0.86796875 0.0328125 0.134375
6 0.16015625 0.6390625 0.0203125 0.084375
6 0.24453125 0.6390625 0.01328125 0.08046875
6 0.28203125 0.64375 0.01015625 0.084375
6 0.14609375 0.48671875 0.009375 0.05390625
6 0.15859375 0.48828125 0.01015625 0.053125
4 0.14453125 0.58046875 0.01484375 0.059375
4 0.16640625 0.5125 0.021875 0.03828125
0 0.18203125 0.471875 0.04375 0.0734375
6 0.2 0.48671875 0.00859375 0.04921875
6 0.20703125 0.478125 0.01015625 0.05859375
6 0.30625 0.609375 0.01171875 0.07578125
5 0.328125 0.65546875 0.01796875 0.065625
1 0.40546875 0.52578125 0.01328125 0.0609375
6 0.46328125 0.54921875 0.01015625 0.05390625
6 0.47109375 0.546875 0.00859375 0.05703125
6 0.44765625 0.41875 0.00390625 0.02890625
6 0.43984375 0.4390625 0.00390625 0.03359375
6 0.446875 0.44296875 0.0046875 0.03125
6 0.465625 0.45546875 0.00546875 0.0390625
6 0.45703125 0.4203125 0.00390625 0.0296875
6 0.46796875 0.4328125 0.0046875 0.03046875
6 0.47578125 0.440625 0.00546875 0.03046875
6 0.4890625 0.43828125 0.003125 0.03203125
6 0.48828125 0.43359375 0.00546875 0.03359375
6 0.44375 0.375 0.00234375 0.0203125
6 0.44609375 0.37578125 0.003125 0.01875
6 0.4484375 0.37421875 0.003125 0.01875
6 0.45859375 0.3578125 0.00234375 0.01796875
3 0.46171875 0.35234375 0.01484375 0.0140625
1 0.3078125 0.471875 0.0234375 0.025
5 0.29140625 0.5640625 0.01484375 0.04921875
4 0.3828125 0.4359375 0.015625 0.01953125
4 0.3953125 0.41328125 0.01328125 0.01875
4 0.40078125 0.3984375 0.01328125 0.015625
5 0.2453125 0.35546875 0.03671875 0.03515625
9 0.2140625 0.3203125 0.02109375 0.021875
9 0.23515625 0.32109375 0.01796875 0.0234375
9 0.27578125 0.31640625 0.03203125 0.01796875
7 0.40625 0.52421875 0.0109375 0.05390625