3 0.465625 0.60625 0.046875 0.04375
3 0.353125 0.6125 0.0515625 0.059375
3 0.32578125 0.61171875 0.046875 0.0578125
3 0.25390625 0.6875 0.04375 0.0609375
3 0.31953125 0.91328125 0.053125 0.08125
3 0.375 0.8609375 0.0515625 0.0921875
3 0.3484375 0.8890625 0.0515625 0.0859375
3 0.703125 0.2046875 0.0296875 0.025
3 0.69296875 0.19921875 0.0328125 0.0265625
3 0.75859375 0.2328125 0.034375 0.0296875
3 0.77265625 0.24140625 0.0328125 0.0296875
3 0.784375 0.2484375 0.03125 0.028125
3 0.8375 0.2703125 0.0375 0.0296875
3 0.6171875 0.1578125 0.028125 0.025
10 0.6 0.1484375 0.0234375 0.0234375
3 0.58671875 0.1375 0.025 0.021875
3 0.57578125 0.1328125 0.021875 0.0234375
3 0.5625 0.12890625 0.0203125 0.0203125
3 0.55859375 0.1203125 0.01875 0.0171875
3 0.553125 0.11875 0.0234375 0.0203125
3 0.33828125 0.20859375 0.01875 0.01875
3 0.28984375 0.12578125 0.0140625 0.0140625
3 0.47109375 0.03046875 0.015625 0.0125
3 0.46015625 0.02421875 0.0140625 0.0125
3 0.465625 0.02890625 0.0125 0.0125
3 0.4515625 0.0203125 0.0140625 0.0125
3 0.45546875 0.02421875 0.0125 0.0125
6 0.240625 0.74296875 0.01875 0.03125
6 0.20703125 0.74921875 0.015625 0.0296875
6 0.30859375 0.74375 0.0171875 0.0296875