3 0.0109375 0.06171875 0.021875 0.0484375
3 0.07265625 0.10390625 0.03984375 0.06640625
6 0.184375 0.115625 0.01015625 0.03828125
6 0.23515625 0.05859375 0.00390625 0.021875
6 0.23984375 0.18515625 0.00546875 0.01875
6 0.19609375 0.2046875 0.00625 0.021875
4 0.20546875 0.3609375 0.01328125 0.0296875
4 0.196875 0.4171875 0.0171875 0.03046875
7 0.2015625 0.35546875 0.00546875 0.01328125
7 0.19453125 0.41171875 0.00703125 0.01953125
6 0.26328125 0.42109375 0.00625 0.028125
9 0.20078125 0.703125 0.084375 0.14140625
3 0.12265625 0.8234375 0.07734375 0.12890625
3 0.35703125 0.8984375 0.09453125 0.1453125
6 0.31640625 0.60078125 0.00859375 0.01796875
6 0.3171875 0.61796875 0.00546875 0.015625
6 0.32734375 0.596875 0.0078125 0.015625
6 0.3625 0.61640625 0.00703125 0.0296875
6 0.31640625 0.65703125 0.00859375 0.025
6 0.4015625 0.490625 0.01015625 0.03203125
6 0.37265625 0.55 0.00625 0.02578125
6 0.43515625 0.46640625 0.00546875 0.03125
6 0.44921875 0.4671875 0.00625 0.0265625
6 0.42734375 0.4890625 0.00625 0.025
6 0.2890625 0.35625 0.00859375 0.0265625
6 0.2859375 0.4140625 0.0078125 0.025
6 0.334375 0.40625 0.00625 0.02890625
6 0.28203125 0.3984375 0.00703125 0.021875
6 0.290625 0.13125 0.00390625 0.0140625
6 0.34140625 0.08046875 0.003125 0.01640625
6 0.353125 0.03046875 0.00703125 0.02890625
6 0.28515625 0.01640625 0.00390625 0.015625
6 0.4203125 0.01015625 0.0078125 0.0203125
6 0.4328125 0.1859375 0.00390625 0.0109375
6 0.48125 0.06484375 0.00234375 0.01484375
3 0.47421875 0.30625 0.04765625 0.0734375
3 0.52265625 0.24140625 0.03984375 0.0703125
3 0.6015625 0.12109375 0.04140625 0.06484375
3 0.55703125 0.1890625 0.03984375 0.0640625
3 0.6296875 0.0796875 0.03515625 0.05703125
3 0.66171875 0.03828125 0.0359375 0.05390625
4 0.6515625 0.11484375 0.01484375 0.0203125
3 0.690625 0.0125 0.03359375 0.0234375
4 0.66953125 0.11328125 0.01484375 0.01953125
7 0.653125 0.10859375 0.00546875 0.01015625
7 0.671875 0.10703125 0.00546875 0.015625
4 0.11171875 0.03203125 0.01015625 0.021875
6 0.26484375 0.3328125 0.00859375 0.0265625