3 0.59296875 0.15 0.040625 0.0609375
3 0.4328125 0.42578125 0.0203125 0.0234375
10 0.46171875 0.53125 0.025 0.025
3 0.45234375 0.53671875 0.0125 0.015625
3 0.4484375 0.54375 0.009375 0.0125
3 0.44453125 0.55 0.0125 0.015625
3 0.4515625 0.55703125 0.0140625 0.0171875
3 0.41875 0.61328125 0.015625 0.0140625
3 0.41796875 0.61640625 0.01875 0.015625
3 0.41640625 0.62109375 0.015625 0.0125
3 0.415625 0.6234375 0.015625 0.0125
3 0.4140625 0.6421875 0.0109375 0.009375
3 0.41171875 0.64453125 0.0078125 0.0078125
10 0.42734375 0.64921875 0.009375 0.0109375
3 0.415625 0.65625 0.00625 0.0078125
3 0.40546875 0.646875 0.0125 0.0125
3 0.403125 0.6484375 0.0109375 0.009375
3 0.4140625 0.65703125 0.0078125 0.0078125
3 0.396875 0.6640625 0.0078125 0.0078125
3 0.403125 0.66015625 0.00625 0.0078125
3 0.40703125 0.659375 0.0078125 0.0078125
3 0.403125 0.65234375 0.0078125 0.0078125
10 0.37890625 0.67109375 0.009375 0.009375
9 0.4671875 0.56015625 0.01875 0.0296875
3 0.4625 0.5734375 0.009375 0.0109375
3 0.621875 0.0609375 0.05625 0.0828125
6 0.40234375 0.2765625 0.0125 0.025