2 0.16015625 0.18359375 0.00546875 0.01796875
2 0.165625 0.18359375 0.00703125 0.015625
2 0.15 0.19140625 0.01328125 0.0109375
3 0.17578125 0.18203125 0.003125 0.00703125
3 0.13984375 0.2015625 0.00546875 0.00625
3 0.14921875 0.19765625 0.00703125 0.0046875
3 0.15234375 0.20078125 0.00546875 0.00546875
3 0.15625 0.196875 0.00625 0.00546875
3 0.2015625 0.27421875 0.00390625 0.00859375
3 0.2203125 0.275 0.00546875 0.0109375
3 0.20546875 0.5984375 0.00703125 0.01875
3 0.20390625 0.62265625 0.00625 0.01953125
3 0.203125 0.64375 0.00625 0.0203125
3 0.1890625 0.65859375 0.01171875 0.01640625
3 0.17578125 0.66875 0.01015625 0.01640625
3 0.20390625 0.66953125 0.00859375 0.021875
3 0.20859375 0.69296875 0.00859375 0.0203125
3 0.2109375 0.715625 0.00703125 0.02109375
3 0.21875 0.75546875 0.00859375 0.0234375
3 0.22265625 0.78125 0.00859375 0.021875
3 0.22734375 0.80859375 0.00859375 0.0265625
3 0.23203125 0.84296875 0.00859375 0.02890625
3 0.23828125 0.88203125 0.00859375 0.028125
10 0.16328125 0.9 0.015625 0.02421875
3 0.16328125 0.8765625 0.01640625 0.02421875
3 0.18671875 0.8625 0.01640625 0.0265625
3 0.2015625 0.8328125 0.01640625 0.0234375
3 0.18671875 0.83203125 0.01796875 0.025
6 0.2265625 0.86328125 0.00234375 0.00625
6 0.2296875 0.86171875 0.00234375 0.00625
6 0.20078125 0.8765625 0.00234375 0.0109375
6 0.1984375 0.88125 0.003125 0.009375
6 0.17265625 0.6890625 0.00390625 0.0109375
6 0.1453125 0.621875 0.00234375 0.00625
6 0.14453125 0.64375 0.003125 0.00625
6 0.146875 0.64296875 0.00390625 0.00625
6 0.14375 0.62890625 0.00234375 0.00625
6 0.14296875 0.628125 0.00234375 0.0046875
6 0.13984375 0.62890625 0.00234375 0.00546875
6 0.14140625 0.6328125 0.00234375 0.00625
10 0.16875 0.63125 0.009375 0.01875
10 0.1890625 0.62109375 0.00546875 0.0203125
3 0.54609375 0.5671875 0.01171875 0.0140625
6 0.209375 0.52890625 0.00234375 0.00859375
6 0.2109375 0.528125 0.00234375 0.00625
6 0.20234375 0.4984375 0.00234375 0.00625
6 0.20390625 0.49921875 0.00234375 0.00859375
6 0.20546875 0.5 0.00234375 0.00703125
6 0.209375 0.509375 0.0015625 0.00625
6 0.2109375 0.509375 0.00234375 0.00703125
6 0.20859375 0.49609375 0.0015625 0.00625
6 0.21015625 0.49609375 0.0015625 0.00625
6 0.20859375 0.48515625 0.0015625 0.00703125
6 0.21015625 0.484375 0.00234375 0.00703125
6 0.2125 0.484375 0.0015625 0.00859375
6 0.2125 0.47265625 0.0015625 0.00859375
6 0.21484375 0.47265625 0.00234375 0.00859375
6 0.2109375 0.5015625 0.0015625 0.00703125
3 0.11875 0.46484375 0.00546875 0.01640625
3 0.12578125 0.46328125 0.00546875 0.0140625
3 0.1296875 0.49140625 0.00703125 0.01640625
3 0.13671875 0.49140625 0.00703125 0.01640625
3 0.14375 0.48984375 0.00546875 0.01484375
3 0.15234375 0.484375 0.00703125 0.01640625
3 0.13515625 0.459375 0.00546875 0.015625
3 0.14609375 0.4546875 0.0046875 0.01484375
3 0.15390625 0.45390625 0.00703125 0.01484375
3 0.1609375 0.45234375 0.00625 0.015625
3 0.159375 0.48125 0.00859375 0.01640625
3 0.16796875 0.44921875 0.00546875 0.01484375
9 0.16953125 0.35703125 0.00703125 0.0265625
3 0.0359375 0.31875 0.0109375 0.00703125
3 0.03828125 0.31328125 0.01171875 0.00625
3 0.040625 0.30859375 0.0109375 0.00625
3 0.0125 0.30625 0.01015625 0.015625
9 0.02109375 0.296875 0.01328125 0.01015625
6 0.22109375 0.29453125 0.0015625 0.00625
6 0.228125 0.25625 0.0015625 0.00546875
6 0.22578125 0.271875 0.00234375 0.00390625
6 0.22265625 0.29375 0.00234375 0.00625
6 0.22421875 0.29453125 0.00234375 0.00546875
6 0.225 0.29453125 0.0015625 0.0046875
6 0.2234375 0.31796875 0.0015625 0.00625
6 0.225 0.31796875 0.0015625 0.00546875
6 0.221875 0.33046875 0.0015625 0.00625
6 0.2234375 0.33046875 0.00234375 0.00625
6 0.2171875 0.3484375 0.00234375 0.00546875
6 0.2203125 0.3453125 0.0015625 0.00546875
6 0.215625 0.35546875 0.0015625 0.00625
6 0.2171875 0.35390625 0.00234375 0.00625
6 0.21953125 0.353125 0.00234375 0.00625