9 0.76171875 0.578125 0.0828125 0.0734375
3 0.7078125 0.48984375 0.06875 0.071875
8 0.56953125 0.5578125 0.028125 0.03125
10 0.50546875 0.62734375 0.0578125 0.0578125
3 0.4453125 0.728125 0.0578125 0.0609375
10 0.371875 0.6203125 0.0546875 0.0515625
10 0.490625 0.43671875 0.0578125 0.0578125
3 0.44609375 0.496875 0.05625 0.059375
8 0.46640625 0.37890625 0.028125 0.0296875
3 0.31484375 0.3265625 0.075 0.05
3 0.40234375 0.28203125 0.0625 0.065625
3 0.37890625 0.23203125 0.053125 0.05625
3 0.2765625 0.2609375 0.0734375 0.053125
3 0.065625 0.4078125 0.0609375 0.05
3 0.55546875 0.93203125 0.0546875 0.065625
9 0.5921875 0.9296875 0.0703125 0.08125
9 0.6921875 0.81015625 0.1375 0.1671875
9 0.64296875 0.36953125 0.0859375 0.096875
3 0.540625 0.18359375 0.065625 0.071875
6 0.50078125 0.08984375 0.025 0.01875
10 0.29140625 0.06953125 0.0640625 0.065625