3 0.0859375 0.29921875 0.0625 0.075
3 0.125 0.33359375 0.103125 0.0859375
3 0.17578125 0.37109375 0.0859375 0.0734375
10 0.22421875 0.3984375 0.075 0.0625
3 0.2625 0.42578125 0.0734375 0.0703125
3 0.303125 0.4546875 0.075 0.0671875
3 0.3390625 0.48046875 0.071875 0.065625
4 0.37734375 0.48046875 0.0296875 0.0265625
10 0.38046875 0.50859375 0.06875 0.059375
3 0.4234375 0.525 0.059375 0.059375
6 0.4171875 0.48671875 0.0296875 0.015625
6 0.41875 0.46953125 0.0328125 0.015625
6 0.428125 0.48046875 0.03125 0.0125
6 0.4375 0.47109375 0.0296875 0.0140625
6 0.4453125 0.48203125 0.0328125 0.0140625
7 0.41015625 0.43515625 0.0171875 0.0125
7 0.43046875 0.4453125 0.0125 0.0109375
7 0.384375 0.4203125 0.0203125 0.009375
7 0.378125 0.40625 0.025 0.0140625
7 0.40390625 0.39296875 0.0203125 0.0125
6 0.46953125 0.55234375 0.034375 0.0125
6 0.46875 0.5453125 0.028125 0.0125
7 0.46484375 0.53671875 0.03125 0.015625
4 0.4609375 0.53671875 0.0296875 0.021875
6 0.4578125 0.66484375 0.025 0.0109375
6 0.46171875 0.6703125 0.0265625 0.0109375
6 0.46875 0.67265625 0.0265625 0.0109375
3 0.4953125 0.6421875 0.0578125 0.05625
4 0.50859375 0.6 0.01875 0.0234375
7 0.50859375 0.5984375 0.028125 0.0140625
3 0.52578125 0.6046875 0.0484375 0.0515625
10 0.5484375 0.62421875 0.0625 0.059375
3 0.565625 0.63359375 0.0453125 0.0515625
3 0.584375 0.64375 0.0453125 0.05
10 0.6015625 0.65546875 0.0484375 0.0515625
4 0.6359375 0.65390625 0.0234375 0.0171875
7 0.640625 0.65625 0.0203125 0.009375
6 0.6625 0.634375 0.0203125 0.009375
7 0.68203125 0.703125 0.0125 0.0078125
6 0.71328125 0.7 0.025 0.0109375
6 0.71953125 0.69453125 0.025 0.0078125
7 0.7296875 0.6890625 0.021875 0.0109375
6 0.71796875 0.67734375 0.0234375 0.0109375
3 0.7046875 0.7265625 0.034375 0.0359375
3 0.71875 0.734375 0.0296875 0.0359375
3 0.77578125 0.77578125 0.0296875 0.034375
3 0.79921875 0.7796875 0.0390625 0.0328125
3 0.875 0.79765625 0.0234375 0.0265625
3 0.88359375 0.803125 0.0234375 0.025
3 0.84375 0.82578125 0.028125 0.01875
3 0.85625 0.83515625 0.021875 0.015625
10 0.8703125 0.8421875 0.0265625 0.0171875
3 0.18671875 0.596875 0.121875 0.0703125
4 0.34453125 0.6296875 0.0453125 0.021875
4 0.38046875 0.6609375 0.0375 0.01875
6 0.0125 0.88359375 0.025 0.0234375
6 0.03203125 0.88515625 0.0359375 0.0203125
6 0.03203125 0.87578125 0.040625 0.0234375
6 0.05703125 0.8765625 0.0328125 0.01875
4 0.05546875 0.86953125 0.0453125 0.025
3 0.0546875 0.84375 0.109375 0.0625
3 0.09140625 0.81484375 0.1203125 0.0609375
4 0.1375 0.84140625 0.0359375 0.0171875
1 0.134375 0.89140625 0.0421875 0.0203125
7 0.14375 0.89375 0.0234375 0.0140625
6 0.21875 0.87109375 0.0359375 0.01875
6 0.23125 0.87265625 0.0390625 0.0203125
7 0.19140625 0.9375 0.0171875 0.0140625
7 0.221875 0.94140625 0.015625 0.0125
7 0.228125 0.93828125 0.0171875 0.009375
10 0.3109375 0.87109375 0.0859375 0.046875
7 0.35859375 0.93671875 0.0171875 0.0125
7 0.365625 0.934375 0.021875 0.015625
7 0.396875 0.95546875 0.0203125 0.0125
7 0.39453125 0.9640625 0.0203125 0.015625
7 0.40625 0.96640625 0.021875 0.0140625
7 0.4140625 0.95703125 0.0171875 0.009375
7 0.40546875 0.9515625 0.0203125 0.0109375
6 0.41640625 0.9109375 0.0328125 0.015625
6 0.38828125 0.98359375 0.028125 0.0125
6 0.50390625 0.9265625 0.028125 0.015625
7 0.4828125 0.946875 0.0140625 0.009375
7 0.47265625 0.94765625 0.0171875 0.009375
7 0.471875 0.9578125 0.0203125 0.009375
7 0.48515625 0.95390625 0.0140625 0.009375
7 0.48203125 0.96015625 0.0171875 0.009375
7 0.4640625 0.97421875 0.0171875 0.015625
7 0.45390625 0.990625 0.021875 0.0109375
7 0.48203125 0.984375 0.015625 0.009375
7 0.47421875 0.97578125 0.0140625 0.0125
7 0.48359375 0.97734375 0.0171875 0.0109375
7 0.49140625 0.97578125 0.021875 0.0140625
7 0.5078125 0.96171875 0.015625 0.0125
7 0.51875 0.96484375 0.0140625 0.009375
7 0.521875 0.96015625 0.015625 0.0109375
7 0.5375 0.9625 0.0140625 0.009375
7 0.55625 0.9703125 0.0140625 0.0109375
7 0.55859375 0.97734375 0.0140625 0.009375
7 0.56640625 0.971875 0.0109375 0.0078125
7 0.56015625 0.9625 0.0125 0.0078125
7 0.56875 0.9640625 0.0140625 0.009375
7 0.584375 0.996875 0.015625 0.00625
7 0.59921875 0.99609375 0.0140625 0.0078125
7 0.6 0.99296875 0.0125 0.0078125
7 0.6 0.9875 0.015625 0.009375
7 0.6109375 0.9890625 0.0125 0.0078125
7 0.6234375 0.9953125 0.0140625 0.009375
7 0.62109375 0.98984375 0.0109375 0.0078125
7 0.6296875 0.99140625 0.0109375 0.0078125
7 0.625 0.984375 0.0140625 0.009375
7 0.61953125 0.9984375 0.0140625 0.003125
7 0.6484375 0.9796875 0.0171875 0.009375
7 0.65234375 0.975 0.0140625 0.009375
7 0.63984375 0.99765625 0.0109375 0.0046875
7 0.63984375 0.99296875 0.0125 0.0078125
7 0.646875 0.99296875 0.009375 0.00625
4 0.56328125 0.9171875 0.01875 0.0171875
3 0.59609375 0.92421875 0.046875 0.03125
3 0.88203125 0.93046875 0.025 0.0140625
3 0.875 0.91171875 0.0203125 0.0140625
3 0.903125 0.921875 0.0203125 0.015625