9 0.0625 0.175 0.125 0.109375
3 0.16796875 0.2609375 0.11875 0.121875
6 0.046875 0.278125 0.0375 0.0671875
6 0.059375 0.290625 0.0390625 0.0625
6 0.06875 0.3 0.04375 0.06875
3 0.284375 0.42421875 0.090625 0.0796875
8 0.2796875 0.31171875 0.0765625 0.08125
3 0.41484375 0.4109375 0.078125 0.075
9 0.58203125 0.38125 0.0859375 0.09375
9 0.59765625 0.43671875 0.0734375 0.0828125
8 0.46640625 0.50234375 0.05625 0.059375
4 0.37421875 0.54140625 0.0234375 0.0296875
4 0.37890625 0.5421875 0.0265625 0.0296875
7 0.40078125 0.5375 0.01875 0.0296875
9 0.4390625 0.55625 0.1546875 0.11875
9 0.42734375 0.5875 0.0796875 0.06875
9 0.43828125 0.578125 0.103125 0.0828125
9 0.48203125 0.63359375 0.05625 0.0515625
4 0.48203125 0.6578125 0.021875 0.0234375
3 0.49296875 0.659375 0.0375 0.034375
4 0.50625 0.68515625 0.015625 0.015625
4 0.50078125 0.6984375 0.0125 0.0203125
3 0.53046875 0.68828125 0.0359375 0.0328125
3 0.546875 0.721875 0.0296875 0.0234375
3 0.56875 0.7265625 0.0296875 0.0265625
8 0.56484375 0.50859375 0.0296875 0.04375
7 0.56875 0.51796875 0.0125 0.0171875
9 0.6203125 0.54765625 0.0453125 0.0640625
0 0.6296875 0.6015625 0.03125 0.034375
3 0.634375 0.72421875 0.0140625 0.0203125
9 0.60078125 0.72578125 0.021875 0.03125
6 0.57265625 0.75 0.00625 0.009375
6 0.58046875 0.7484375 0.0078125 0.0125
5 0.5828125 0.734375 0.0203125 0.021875
0 0.5890625 0.74140625 0.0140625 0.0171875
3 0.5890625 0.76484375 0.0265625 0.021875
10 0.5921875 0.76875 0.0265625 0.021875
0 0.603125 0.775 0.015625 0.0140625
9 0.6625 0.74375 0.0234375 0.034375
4 0.659375 0.759375 0.00625 0.009375
7 0.659375 0.7609375 0.0078125 0.0125
7 0.659375 0.775 0.003125 0.00625
4 0.6578125 0.7734375 0.0046875 0.00625
3 0.6671875 0.7578125 0.0109375 0.015625
9 0.65234375 0.79296875 0.021875 0.0296875
9 0.6265625 0.79609375 0.0515625 0.0375
10 0.6421875 0.79921875 0.0125 0.015625
3 0.64609375 0.80625 0.0125 0.0125
3 0.63125 0.81328125 0.009375 0.0109375
10 0.63828125 0.81015625 0.009375 0.0125
9 0.6734375 0.78046875 0.01875 0.0265625
9 0.6765625 0.7875 0.0171875 0.025
8 0.678125 0.77421875 0.00625 0.0109375