3 0.2046875 0.01875 0.0125 0.0078125
3 0.20703125 0.0375 0.0125 0.0125
3 0.18359375 0.0296875 0.009375 0.009375
3 0.19296875 0.02734375 0.00625 0.0078125
3 0.19609375 0.025 0.009375 0.009375
3 0.1984375 0.021875 0.009375 0.009375
3 0.33515625 0.8796875 0.021875 0.028125
3 0.36640625 0.88984375 0.0203125 0.0296875
3 0.36015625 0.91171875 0.021875 0.03125
3 0.35625 0.925 0.0234375 0.0296875
3 0.35390625 0.9359375 0.0234375 0.0234375
3 0.37578125 0.95390625 0.025 0.0265625
3 0.40234375 0.96796875 0.0265625 0.028125
3 0.3046875 0.9671875 0.0203125 0.0234375
3 0.49375 0.9921875 0.028125 0.015625
3 0.50390625 0.98203125 0.0296875 0.0359375
3 0.521875 0.971875 0.0296875 0.0453125
3 0.5578125 0.90859375 0.0328125 0.0421875
3 0.46796875 0.8875 0.0296875 0.0328125
3 0.39375 0.85078125 0.0265625 0.03125
3 0.34609375 0.75625 0.0265625 0.0140625
9 0.3390625 0.7421875 0.025 0.0125
10 0.328125 0.72578125 0.0234375 0.0140625
3 0.3203125 0.7125 0.0265625 0.0171875
3 0.30859375 0.68984375 0.0265625 0.0140625
3 0.3546875 0.99296875 0.021875 0.0140625
3 0.42734375 0.96328125 0.03125 0.0296875
3 0.38203125 0.8953125 0.021875 0.0234375
9 0.43359375 0.896875 0.0375 0.0453125
9 0.32109375 0.9921875 0.0453125 0.015625
9 0.328125 0.97734375 0.046875 0.0453125
9 0.31640625 0.92578125 0.04375 0.0546875
9 0.33515625 0.96015625 0.0546875 0.05625
3 0.3078125 0.9640625 0.0203125 0.021875
3 0.31015625 0.95703125 0.0203125 0.0234375
3 0.5390625 0.9515625 0.0296875 0.04375
3 0.5765625 0.88515625 0.034375 0.0515625
9 0.3828125 0.93046875 0.0328125 0.034375
9 0.3625 0.8171875 0.053125 0.0546875
4 0.4203125 0.85546875 0.015625 0.0140625
7 0.4171875 0.85625 0.01875 0.0078125
9 0.49140625 0.771875 0.0765625 0.10625
10 0.67109375 0.74921875 0.05625 0.040625
3 0.69453125 0.7 0.046875 0.0515625
10 0.7171875 0.6609375 0.0515625 0.046875
3 0.58203125 0.64140625 0.0390625 0.0390625
3 0.68515625 0.5546875 0.0484375 0.0484375
3 0.7546875 0.44609375 0.053125 0.053125
3 0.64609375 0.365625 0.0421875 0.046875
3 0.671875 0.3015625 0.0484375 0.0484375
3 0.95 0.315625 0.0828125 0.034375
6 0.74140625 0.09375 0.03125 0.0140625
6 0.7484375 0.08515625 0.03125 0.0125
6 0.73984375 0.0734375 0.034375 0.0140625
9 0.525 0.59765625 0.071875 0.053125
6 0.67734375 0.8 0.03125 0.009375
7 0.653125 0.68515625 0.0203125 0.0078125
4 0.659375 0.68515625 0.0203125 0.0140625
6 0.81875 0.6 0.0359375 0.0109375
6 0.81484375 0.5796875 0.025 0.0078125
6 0.8421875 0.57890625 0.028125 0.0078125
6 0.83515625 0.571875 0.015625 0.0046875
6 0.8265625 0.5703125 0.028125 0.0078125
6 0.93203125 0.35 0.03125 0.0109375
6 0.91953125 0.39453125 0.034375 0.0109375
6 0.9109375 0.40390625 0.034375 0.0109375
4 0.9203125 0.37421875 0.0359375 0.0265625
4 0.9046875 0.40625 0.0265625 0.0234375
4 0.94765625 0.34296875 0.0375 0.0171875
3 0.878125 0.39765625 0.053125 0.05
3 0.83046875 0.48515625 0.05 0.059375
10 0.665625 0.48828125 0.0578125 0.04375
3 0.48125 0.06953125 0.0296875 0.040625
3 0.49609375 0.01953125 0.0328125 0.0390625
3 0.42578125 0.2484375 0.028125 0.0359375
3 0.3640625 0.4703125 0.0234375 0.028125