10 0.309375 0.11171875 0.159375 0.0890625
3 0.1546875 0.47890625 0.1546875 0.0828125
3 0.621875 0.5484375 0.0390625 0.0296875
3 0.584375 0.3125 0.05625 0.04375
3 0.4921875 0.23203125 0.0734375 0.05625
3 0.20078125 0.0203125 0.1140625 0.040625
6 0.43125 0.0921875 0.046875 0.021875
6 0.45859375 0.1046875 0.0390625 0.0203125
3 0.58671875 0.2453125 0.05 0.059375
1 0.503125 0.15546875 0.0296875 0.01875
0 0.43671875 0.63125 0.0328125 0.0328125
4 0.51484375 0.659375 0.0296875 0.01875
10 0.63203125 0.58203125 0.0453125 0.0328125
3 0.665625 0.58125 0.0328125 0.0265625
3 0.60625 0.25546875 0.046875 0.05625
3 0.63046875 0.265625 0.04375 0.05
3 0.6921875 0.315625 0.0390625 0.046875
10 0.67265625 0.3 0.04375 0.040625
4 0.68046875 0.27890625 0.0234375 0.0140625
3 0.740625 0.359375 0.0296875 0.0359375
3 0.81640625 0.415625 0.0171875 0.0265625
3 0.825 0.50625 0.0171875 0.0109375
3 0.765625 0.55859375 0.0234375 0.0140625
3 0.81328125 0.55 0.0171875 0.0125
6 0.5546875 0.63515625 0.0296875 0.0125
6 0.75546875 0.41796875 0.0171875 0.009375
6 0.79375 0.428125 0.015625 0.009375
6 0.796875 0.4234375 0.015625 0.00625
6 0.64375 0.51015625 0.0234375 0.0109375
4 0.65078125 0.44453125 0.021875 0.0109375
7 0.6578125 0.4453125 0.0203125 0.009375
10 0.7078125 0.3265625 0.0390625 0.05
3 0.721875 0.3359375 0.028125 0.0375
4 0.753125 0.3359375 0.0203125 0.0125
3 0.75625 0.37265625 0.0234375 0.0296875
3 0.82578125 0.42421875 0.0203125 0.0265625
10 0.76875 0.38046875 0.0375 0.0375
10 0.7734375 0.3859375 0.01875 0.021875
3 0.75625 0.43671875 0.0234375 0.0140625
3 0.7921875 0.5578125 0.01875 0.01875
3 0.8296875 0.546875 0.0125 0.0078125
10 0.7859375 0.4015625 0.0375 0.021875
3 0.83515625 0.43515625 0.01875 0.021875
3 0.8890625 0.50234375 0.0109375 0.0078125
3 0.8859375 0.5203125 0.0078125 0.0078125
6 0.84609375 0.52890625 0.009375 0.0046875
6 0.81796875 0.4734375 0.015625 0.00625
3 0.8453125 0.54375 0.0109375 0.009375
10 0.85546875 0.54140625 0.0203125 0.0125
6 0.85625 0.5359375 0.009375 0.0046875
2 0.89453125 0.5109375 0.0171875 0.009375
10 0.1484375 0.1734375 0.128125 0.096875