10 0.003125 0.0359375 0.00625 0.009375
10 0.01484375 0.0359375 0.0125 0.0109375
10 0.04453125 0.0375 0.0125 0.009375
3 0.03125 0.0375 0.009375 0.009375
10 0.0609375 0.03671875 0.0125 0.0109375
10 0.07578125 0.03515625 0.009375 0.0125
10 0.08671875 0.03515625 0.009375 0.0125
3 0.09765625 0.021875 0.0109375 0.009375
3 0.0921875 0.03671875 0.00625 0.0125
3 0.09765625 0.03671875 0.00625 0.0125
3 0.11875 0.03671875 0.00625 0.0140625
3 0.1359375 0.03828125 0.00625 0.0125
3 0.14609375 0.0375 0.00625 0.0109375
10 0.1046875 0.03515625 0.00625 0.0140625
10 0.125 0.0359375 0.00625 0.0125
10 0.153125 0.03828125 0.00625 0.0125
10 0.16328125 0.03828125 0.0078125 0.0140625
2 0.1015625 0.0828125 0.03125 0.0234375
3 0.13203125 0.08359375 0.0125 0.009375
3 0.1375 0.09140625 0.0125 0.009375
10 0.2140625 0.0375 0.00625 0.0125
10 0.228125 0.03828125 0.00625 0.0140625
10 0.234375 0.0390625 0.00625 0.0125
10 0.240625 0.0390625 0.00625 0.0140625
3 0.1671875 0.08828125 0.009375 0.009375
3 0.19296875 0.096875 0.0125 0.009375
3 0.278125 0.11484375 0.0109375 0.0125
10 0.2421875 0.10234375 0.0125 0.0109375
2 0.29375 0.13359375 0.0109375 0.028125
9 0.2578125 0.15234375 0.015625 0.015625
2 0.0546875 0.2171875 0.0375 0.0296875
6 0.08203125 0.21796875 0.003125 0.00625
6 0.06640625 0.25546875 0.003125 0.00625
6 0.11328125 0.2625 0.003125 0.00625
6 0.1171875 0.2640625 0.003125 0.0046875
6 0.13046875 0.2671875 0.003125 0.00625
6 0.1328125 0.26953125 0.003125 0.00625
6 0.103125 0.2609375 0.003125 0.00625
6 0.10546875 0.259375 0.0015625 0.00625
10 0.07890625 0.3390625 0.0125 0.0140625
10 0.01484375 0.35390625 0.0140625 0.015625
10 0.025 0.43828125 0.0125 0.015625
9 0.00703125 0.371875 0.0140625 0.03125
2 0.02265625 0.48046875 0.0390625 0.0515625
2 0.146875 0.5890625 0.0453125 0.0359375
3 0.0984375 0.5015625 0.015625 0.015625
3 0.16953125 0.44375 0.0125 0.0140625
10 0.16953125 0.309375 0.015625 0.0140625
9 0.16328125 0.28984375 0.021875 0.0203125
6 0.19296875 0.23359375 0.003125 0.009375
6 0.1953125 0.234375 0.0015625 0.009375
3 0.26875 0.6578125 0.0109375 0.034375
2 0.29296875 0.71015625 0.0140625 0.05
10 0.29609375 0.64140625 0.0109375 0.0375
10 0.29921875 0.5828125 0.0109375 0.034375
10 0.30078125 0.5390625 0.0109375 0.034375
3 0.23359375 0.53125 0.015625 0.0125
3 0.2359375 0.44140625 0.0125 0.0109375
10 0.25625 0.365625 0.0125 0.0109375
3 0.2734375 0.36875 0.0125 0.0125
3 0.303125 0.48671875 0.0109375 0.028125
10 0.3046875 0.44453125 0.009375 0.0265625
3 0.290625 0.290625 0.00625 0.0203125
3 0.3109375 0.29296875 0.00625 0.0203125
3 0.29765625 0.1828125 0.00625 0.015625
3 0.30546875 0.22890625 0.00625 0.01875
3 0.315625 0.15234375 0.00625 0.01875
3 0.30234375 0.0375 0.00625 0.0140625
2 0.3390625 0.0140625 0.00625 0.0171875
2 0.35546875 0.02421875 0.0171875 0.0125
2 0.353125 0.03359375 0.015625 0.015625
2 0.35625 0.040625 0.01875 0.01875
2 0.35546875 0.04921875 0.0171875 0.0203125
2 0.38203125 0.04296875 0.009375 0.0375
2 0.390625 0.08125 0.028125 0.0203125
2 0.39140625 0.07421875 0.0296875 0.021875
5 0.40859375 0.00859375 0.009375 0.009375
3 0.409375 0.01953125 0.0109375 0.009375
3 0.41015625 0.0265625 0.009375 0.009375
10 0.41171875 0.0390625 0.0109375 0.009375
10 0.4484375 0.01015625 0.0078125 0.009375
10 0.446875 0.01328125 0.0109375 0.0109375
3 0.446875 0.02109375 0.009375 0.009375
9 0.446875 0.03828125 0.0171875 0.015625
6 0.46484375 0.0375 0.003125 0.00625
6 0.5359375 0.01484375 0.0015625 0.00625
7 0.5328125 0.05390625 0.003125 0.0046875
6 0.5328125 0.025 0.0015625 0.00625
6 0.51796875 0.0328125 0.0015625 0.00625
3 0.42890625 0.109375 0.0109375 0.009375
10 0.44296875 0.109375 0.009375 0.009375
10 0.45625 0.1109375 0.0125 0.0109375
5 0.70078125 0.2359375 0.009375 0.00625
5 0.6859375 0.23671875 0.0078125 0.00625
10 0.715625 0.2578125 0.009375 0.015625
10 0.70859375 0.2578125 0.009375 0.0125
3 0.70234375 0.2578125 0.009375 0.015625
3 0.69140625 0.26171875 0.009375 0.0125
3 0.7109375 0.4984375 0.015625 0.01875
3 0.63359375 0.59140625 0.0140625 0.01875
3 0.61640625 0.6140625 0.015625 0.021875
6 0.60078125 0.678125 0.003125 0.0046875
6 0.609375 0.66640625 0.003125 0.00625
3 0.575 0.6640625 0.01875 0.025
10 0.59296875 0.64765625 0.0171875 0.025
2 0.54921875 0.7 0.0421875 0.0546875
10 0.68125 0.30859375 0.0125 0.0109375
3 0.66875 0.32421875 0.0125 0.0109375
3 0.68984375 0.38203125 0.0125 0.0125
3 0.66875 0.35625 0.0140625 0.0140625
10 0.6453125 0.325 0.0140625 0.0125
3 0.621875 0.31640625 0.0125 0.0125
3 0.6265625 0.34140625 0.0125 0.0125
10 0.62890625 0.37421875 0.0125 0.0125
10 0.60546875 0.4359375 0.0125 0.015625
3 0.58984375 0.3234375 0.0140625 0.0125
3 0.59765625 0.3421875 0.0125 0.0109375
3 0.41875 0.51328125 0.015625 0.0125
10 0.5546875 0.44921875 0.0125 0.015625
10 0.51640625 0.42109375 0.015625 0.015625
10 0.5421875 0.3671875 0.015625 0.0125
10 0.47578125 0.37109375 0.015625 0.015625
10 0.32734375 0.490625 0.015625 0.015625
10 0.32265625 0.38515625 0.0171875 0.015625
10 0.33515625 0.44453125 0.015625 0.0125
10 0.33046875 0.5125 0.0125 0.0125
10 0.35078125 0.4890625 0.015625 0.0140625
10 0.365625 0.53515625 0.0171875 0.015625
4 0.365625 0.4921875 0.0078125 0.00625
7 0.36484375 0.49140625 0.003125 0.00625
3 0.37421875 0.44765625 0.015625 0.0109375
3 0.44453125 0.3484375 0.0140625 0.0109375
3 0.528125 0.33359375 0.0125 0.009375
3 0.5609375 0.334375 0.0125 0.0109375
3 0.46796875 0.26796875 0.0125 0.0125
5 0.4703125 0.27890625 0.0078125 0.01875
9 0.46953125 0.2515625 0.015625 0.015625
9 0.575 0.23515625 0.034375 0.025
9 0.61015625 0.23671875 0.025 0.0234375
5 0.6359375 0.23828125 0.021875 0.0203125
5 0.56328125 0.2609375 0.009375 0.01875
10 0.4875 0.2828125 0.0078125 0.021875
10 0.534375 0.259375 0.0125 0.0125
10 0.534375 0.24921875 0.0125 0.015625
3 0.534375 0.23984375 0.0125 0.0125