3 0.33359375 0.903125 0.0546875 0.078125
3 0.3828125 0.83984375 0.0375 0.0546875
3 0.42109375 0.86484375 0.0421875 0.0609375
3 0.5015625 0.9359375 0.059375 0.071875
3 0.4125 0.7671875 0.0296875 0.04375
3 0.43515625 0.7703125 0.0296875 0.040625
3 0.48515625 0.7640625 0.0296875 0.034375
3 0.50234375 0.74375 0.0234375 0.028125
3 0.5015625 0.6921875 0.0203125 0.021875
3 0.45390625 0.69296875 0.0203125 0.0265625
3 0.4296875 0.70234375 0.0203125 0.0265625
3 0.43984375 0.671875 0.015625 0.0203125
3 0.459375 0.665625 0.01875 0.025
3 0.44765625 0.64765625 0.015625 0.0203125
3 0.46328125 0.646875 0.0140625 0.0171875
3 0.484375 0.63984375 0.0140625 0.0171875
9 0.5 0.646875 0.0203125 0.028125
9 0.4859375 0.615625 0.009375 0.0109375
3 0.46640625 0.625 0.0140625 0.0171875
3 0.465625 0.6171875 0.0109375 0.015625
10 0.46953125 0.60703125 0.009375 0.0125
3 0.46015625 0.603125 0.009375 0.0140625
3 0.4609375 0.59375 0.009375 0.0109375
3 0.45390625 0.59140625 0.0109375 0.0140625
3 0.45390625 0.63046875 0.0109375 0.015625
3 0.50390625 0.603125 0.009375 0.0125
3 0.496875 0.58359375 0.0046875 0.00625
3 0.48984375 0.5828125 0.009375 0.0109375
3 0.48984375 0.56640625 0.009375 0.0109375
3 0.4828125 0.5578125 0.009375 0.0109375
3 0.48125 0.54765625 0.0078125 0.0078125
3 0.47421875 0.5359375 0.0078125 0.0078125
2 0.4921875 0.54609375 0.015625 0.0140625
3 0.1453125 0.63671875 0.0359375 0.0359375
3 0.128125 0.628125 0.0328125 0.034375
3 0.11640625 0.61953125 0.0359375 0.0359375
3 0.10390625 0.61015625 0.0359375 0.0359375
3 0.18828125 0.60859375 0.025 0.0296875
3 0.17578125 0.60078125 0.0265625 0.0296875
3 0.16015625 0.5953125 0.03125 0.0296875
3 0.1484375 0.58671875 0.0296875 0.0296875
3 0.1328125 0.5796875 0.0296875 0.03125
3 0.121875 0.57265625 0.0265625 0.025
3 0.11171875 0.56484375 0.0265625 0.028125
3 0.09765625 0.55703125 0.028125 0.0265625
3 0.0859375 0.55078125 0.0265625 0.028125
3 0.08671875 0.6015625 0.0359375 0.034375
3 0.0734375 0.59140625 0.0296875 0.0328125
3 0.046875 0.59375 0.0375 0.03125
3 0.05546875 0.584375 0.0328125 0.0296875
3 0.0484375 0.57734375 0.034375 0.03125
3 0.034375 0.56796875 0.034375 0.0328125
3 0.02109375 0.559375 0.0359375 0.0359375
3 0.06875 0.5421875 0.0234375 0.028125
3 0.05625 0.53359375 0.021875 0.025
3 0.04375 0.52734375 0.01875 0.021875
3 0.03359375 0.51953125 0.021875 0.0265625
3 0.0203125 0.51328125 0.025 0.025
3 0.00859375 0.5078125 0.0171875 0.021875
3 0.003125 0.50078125 0.00625 0.0234375
3 0.20078125 0.61796875 0.025 0.0265625