3 0.79765625 0.86796875 0.2234375 0.134375
3 0.86484375 0.58203125 0.2515625 0.125
3 0.89609375 0.46875 0.1765625 0.109375
4 0.73984375 0.31640625 0.084375 0.046875
1 0.7859375 0.2796875 0.0984375 0.053125
10 0.6765625 0.5296875 0.2078125 0.109375
10 0.61015625 0.6609375 0.1328125 0.0734375
10 0.4390625 0.8953125 0.0953125 0.06875
3 0.60234375 0.86875 0.15625 0.103125
3 0.3765625 0.678125 0.11875 0.0703125
9 0.43515625 0.70703125 0.2109375 0.0984375
8 0.41796875 0.83828125 0.046875 0.028125
7 0.409375 0.84296875 0.040625 0.0234375
3 0.3328125 0.859375 0.1015625 0.0640625
3 0.28671875 0.9 0.08125 0.053125
3 0.2359375 0.86796875 0.075 0.05
3 0.23046875 0.9 0.06875 0.0453125
3 0.17734375 0.90390625 0.0578125 0.040625
3 0.1375 0.909375 0.0546875 0.0390625
3 0.10859375 0.90859375 0.025 0.0296875
3 0.21484375 0.771875 0.0734375 0.0453125
3 0.1125 0.80234375 0.0484375 0.0328125
3 0.12578125 0.7703125 0.059375 0.0359375
3 0.16015625 0.78828125 0.0609375 0.040625
10 0.06875 0.71640625 0.0625 0.0625
6 0.0921875 0.765625 0.034375 0.015625
6 0.0890625 0.7578125 0.03125 0.0125
6 0.18359375 0.75234375 0.04375 0.0203125
6 0.08828125 0.7015625 0.03125 0.0140625
4 0.09140625 0.696875 0.0328125 0.0234375
6 0.11328125 0.68984375 0.0296875 0.0140625
6 0.1203125 0.68671875 0.0296875 0.0140625
6 0.11875 0.70703125 0.0390625 0.01875
6 0.1484375 0.6734375 0.0359375 0.015625
4 0.121875 0.6578125 0.0265625 0.0265625
6 0.17421875 0.73984375 0.0421875 0.021875
6 0.20859375 0.71953125 0.0390625 0.01875
3 0.28046875 0.628125 0.078125 0.0890625
3 0.2078125 0.70703125 0.071875 0.05
6 0.20546875 0.67421875 0.0296875 0.0140625
6 0.18515625 0.6859375 0.0359375 0.0171875
6 0.16484375 0.71953125 0.034375 0.015625
6 0.1640625 0.728125 0.0390625 0.0171875
6 0.54375 0.5109375 0.0546875 0.0265625
6 0.5359375 0.52890625 0.05625 0.0296875
6 0.509375 0.52578125 0.05625 0.03125
1 0.42890625 0.53671875 0.0578125 0.040625
6 0.428125 0.53828125 0.0515625 0.0265625
4 0.43359375 0.49765625 0.0484375 0.0328125
6 0.3765625 0.615625 0.046875 0.0234375
6 0.37578125 0.58515625 0.0421875 0.0203125
6 0.4078125 0.50078125 0.0359375 0.0203125
6 0.39765625 0.49453125 0.0375 0.025
6 0.36875 0.5421875 0.028125 0.015625
4 0.38515625 0.5328125 0.040625 0.0171875
1 0.35703125 0.55234375 0.0375 0.0328125