3 0.79609375 0.22578125 0.040625 0.028125
3 0.6765625 0.303125 0.0359375 0.021875
3 0.6484375 0.32265625 0.0296875 0.01875
3 0.5671875 0.29765625 0.025 0.0125
3 0.5625 0.31015625 0.0265625 0.0125
3 0.54921875 0.34296875 0.0265625 0.015625
3 0.53671875 0.36640625 0.0171875 0.0140625
3 0.5984375 0.39609375 0.028125 0.01875
3 0.5609375 0.39765625 0.0265625 0.0171875
3 0.646875 0.1734375 0.028125 0.021875
3 0.56328125 0.12265625 0.0234375 0.015625
3 0.62109375 0.134375 0.0296875 0.01875
3 0.65 0.115625 0.0328125 0.01875
3 0.65390625 0.09921875 0.0328125 0.01875
3 0.55703125 0.175 0.0234375 0.0203125
3 0.5765625 0.23828125 0.0234375 0.0171875
3 0.55546875 0.22421875 0.0171875 0.021875
3 0.5375 0.225 0.0234375 0.0203125
3 0.68046875 0.12421875 0.0359375 0.0203125
3 0.66015625 0.08359375 0.0375 0.01875
10 0.66328125 0.153125 0.0296875 0.0203125
10 0.61484375 0.1046875 0.0390625 0.021875
10 0.58828125 0.175 0.0203125 0.0203125
3 0.59765625 0.14921875 0.0265625 0.01875
9 0.69609375 0.10546875 0.0390625 0.0203125
9 0.7703125 0.10625 0.0734375 0.0359375
2 0.74296875 0.12890625 0.1046875 0.059375
9 0.5140625 0.10234375 0.059375 0.0359375
3 0.51640625 0.12265625 0.0234375 0.0171875
3 0.4734375 0.0984375 0.0203125 0.0140625
8 0.44375 0.09453125 0.015625 0.0109375
4 0.52265625 0.06953125 0.0109375 0.0140625
4 0.54921875 0.240625 0.0125 0.0046875
3 0.54765625 0.17265625 0.0203125 0.021875
3 0.521875 0.215625 0.0203125 0.01875
3 0.53046875 0.2203125 0.0234375 0.01875
3 0.515625 0.21015625 0.021875 0.0171875
3 0.49296875 0.18828125 0.0171875 0.0140625
3 0.47578125 0.20078125 0.0171875 0.0140625
3 0.528125 0.165625 0.025 0.0234375
3 0.53984375 0.16796875 0.0203125 0.0203125
3 0.5203125 0.1609375 0.0203125 0.0203125
3 0.509375 0.15 0.021875 0.01875
10 0.496875 0.1953125 0.0171875 0.0171875
10 0.48828125 0.1828125 0.0171875 0.015625
10 0.5125 0.15625 0.025 0.021875
9 0.48828125 0.1578125 0.0234375 0.0234375
9 0.4796875 0.17578125 0.0328125 0.028125
6 0.534375 0.1953125 0.0125 0.0046875
6 0.53828125 0.2046875 0.0109375 0.0046875
4 0.55625 0.18828125 0.0125 0.0078125
4 0.5578125 0.19375 0.0125 0.0046875
4 0.5015625 0.17109375 0.009375 0.0046875
4 0.503125 0.18046875 0.00625 0.0046875
7 0.49921875 0.171875 0.00625 0.003125
4 0.534375 0.19609375 0.009375 0.009375
6 0.40546875 0.09140625 0.009375 0.0046875
6 0.40859375 0.1234375 0.009375 0.003125
6 0.4078125 0.13203125 0.009375 0.0046875
6 0.4109375 0.12109375 0.00625 0.0015625
0 0.37890625 0.07890625 0.0125 0.0046875
3 0.3328125 0.09765625 0.009375 0.0078125
3 0.30234375 0.08515625 0.009375 0.0078125
3 0.26640625 0.09296875 0.00625 0.003125
3 0.2828125 0.1375 0.009375 0.0046875
3 0.2875 0.12265625 0.0109375 0.0140625
3 0.79921875 0.50078125 0.046875 0.021875
3 0.79296875 0.54140625 0.040625 0.0203125
3 0.80546875 0.55546875 0.0390625 0.01875
3 0.8421875 0.58359375 0.0421875 0.0234375
3 0.86328125 0.59765625 0.046875 0.0234375
10 0.5296875 0.3765625 0.025 0.015625
10 0.42890625 0.47109375 0.0171875 0.0109375
3 0.5296875 0.40234375 0.021875 0.0171875
10 0.53359375 0.434375 0.025 0.0125
9 0.5171875 0.42265625 0.075 0.0421875
9 0.478125 0.465625 0.071875 0.0375
9 0.4390625 0.49765625 0.0234375 0.0125
9 0.40078125 0.496875 0.0203125 0.0109375
3 0.3453125 0.546875 0.009375 0.0078125
3 0.3765625 0.51953125 0.0109375 0.009375
3 0.321875 0.56953125 0.00625 0.00625
3 0.309375 0.58125 0.00625 0.0046875
3 0.3171875 0.575 0.00625 0.0046875
3 0.36796875 0.52578125 0.0109375 0.0078125
3 0.3640625 0.53203125 0.009375 0.0078125
3 0.35703125 0.53515625 0.009375 0.0078125
3 0.39296875 0.5046875 0.009375 0.0078125
3 0.340625 0.5515625 0.009375 0.0078125
3 0.33671875 0.55625 0.009375 0.0078125
3 0.3015625 0.5890625 0.00625 0.003125
6 0.38828125 0.52578125 0.00625 0.0015625
6 0.38828125 0.528125 0.009375 0.0046875
10 0.634375 0.5078125 0.0265625 0.025
10 0.62578125 0.5125 0.0203125 0.01875
10 0.5921875 0.5265625 0.0140625 0.0203125
10 0.57265625 0.5328125 0.0203125 0.0171875
10 0.62109375 0.5140625 0.0234375 0.0203125
3 0.615625 0.52109375 0.0234375 0.0203125
3 0.5703125 0.53671875 0.0203125 0.0171875
3 0.6078125 0.5796875 0.0234375 0.0234375
3 0.61796875 0.57578125 0.0171875 0.0203125
3 0.6390625 0.571875 0.0203125 0.0234375
3 0.6484375 0.56796875 0.0203125 0.0234375
3 0.6703125 0.55703125 0.0234375 0.0234375
3 0.65859375 0.565625 0.021875 0.0265625
10 0.5984375 0.5828125 0.025 0.0234375
9 0.62734375 0.575 0.0203125 0.0234375
9 0.60546875 0.521875 0.0203125 0.0203125
0 0.54296875 0.55 0.0234375 0.0140625
6 0.74375 0.415625 0.0140625 0.0046875
6 0.84140625 0.3921875 0.0140625 0.00625
7 0.896875 0.38984375 0.009375 0.0046875
7 0.87421875 0.32421875 0.0140625 0.0078125
4 0.875 0.32578125 0.03125 0.009375
4 0.9015625 0.3890625 0.0203125 0.00625
6 0.690625 0.45859375 0.0125 0.0046875
7 0.65078125 0.425 0.009375 0.0046875
4 0.653125 0.42421875 0.0109375 0.0046875
10 0.68984375 0.31640625 0.0375 0.01875
3 0.5578125 0.321875 0.0265625 0.0140625
10 0.5515625 0.33203125 0.0265625 0.0125
3 0.521875 0.31875 0.0203125 0.015625
10 0.5109375 0.334375 0.0171875 0.0171875
10 0.49609375 0.3484375 0.0171875 0.0140625
10 0.48515625 0.3515625 0.0203125 0.0140625
6 0.50546875 0.384375 0.009375 0.0046875
6 0.52421875 0.296875 0.00625 0.003125
6 0.525 0.29453125 0.009375 0.003125
4 0.53828125 0.296875 0.0109375 0.0078125
4 0.5359375 0.35703125 0.009375 0.0046875
3 0.48671875 0.36484375 0.0171875 0.015625
3 0.5015625 0.340625 0.0140625 0.0171875
3 0.5171875 0.32578125 0.0171875 0.0171875
0 0.54921875 0.3859375 0.01875 0.0078125
9 0.64765625 0.33984375 0.0421875 0.0265625
9 0.628125 0.37578125 0.0421875 0.0234375
9 0.6171875 0.340625 0.0390625 0.0203125
9 0.59375 0.37265625 0.0734375 0.0390625
2 0.67421875 0.34609375 0.075 0.040625
3 0.43671875 0.4828125 0.0171875 0.0109375
3 0.42109375 0.48046875 0.015625 0.0109375
4 0.46953125 0.4484375 0.009375 0.0046875
4 0.4609375 0.45390625 0.009375 0.0078125
7 0.4671875 0.44921875 0.00625 0.003125
7 0.4578125 0.453125 0.00625 0.003125
3 0.26875 0.6375 0.00625 0.003125
3 0.259375 0.6375 0.00625 0.003125
7 0.4796875 0.4421875 0.00625 0.003125
3 0.26328125 0.08125 0.0109375 0.0140625
3 0.19921875 0.1140625 0.00625 0.003125
3 0.21640625 0.1125 0.0046875 0.003125
3 0.2328125 0.10859375 0.00625 0.0046875
9 0.55546875 0.41953125 0.0515625 0.0265625
4 0.6734375 0.29375 0.0125 0.00625
7 0.6703125 0.29453125 0.00625 0.003125