9 0.55390625 0.12578125 0.05078125 0.10859375
10 0.6359375 0.26953125 0.04296875 0.08828125
3 0.70703125 0.53359375 0.04453125 0.11640625
3 0.56796875 0.0671875 0.034375 0.053125
3 0.7015625 0.153125 0.04375 0.078125
6 0.33515625 0.19921875 0.00625 0.025
6 0.33984375 0.19921875 0.00703125 0.025
6 0.321875 0.671875 0.00859375 0.03203125
6 0.32890625 0.67421875 0.01015625 0.03359375
7 0.34296875 0.571875 0.01171875 0.0234375
7 0.340625 0.56328125 0.0140625 0.0234375
6 0.546875 0.4859375 0.009375 0.03046875
6 0.53515625 0.45078125 0.009375 0.0265625
6 0.51328125 0.378125 0.00703125 0.01796875
6 0.5234375 0.3390625 0.00546875 0.02578125
6 0.52890625 0.34453125 0.009375 0.0265625
6 0.396875 0.09375 0.00625 0.01796875
6 0.39296875 0.08515625 0.00546875 0.01484375
6 0.3109375 0.01328125 0.00546875 0.0203125
6 0.48671875 0.18125 0.00546875 0.025
6 0.49140625 0.18125 0.00625 0.02890625
7 0.38515625 0.35625 0.00625 0.0140625
7 0.390625 0.34765625 0.0078125 0.015625
7 0.34609375 0.43984375 0.01015625 0.01875
7 0.34609375 0.42109375 0.009375 0.01875
6 0.534375 0.309375 0.01328125 0.02109375
6 0.51484375 0.2171875 0.0125 0.02109375
7 0.34140625 0.31171875 0.0046875 0.01875