3 0.60234375 0.03515625 0.01171875 0.01875
10 0.634375 0.06015625 0.0203125 0.02421875
10 0.66015625 0.121875 0.0296875 0.0359375
10 0.6640625 0.15078125 0.03671875 0.03046875
3 0.634375 0.16796875 0.0453125 0.034375
4 0.684375 0.1796875 0.01640625 0.01640625
7 0.684375 0.17109375 0.00703125 0.01953125
9 0.6546875 0.1921875 0.05703125 0.06796875
6 0.58125 0.1359375 0.0046875 0.0265625
4 0.56015625 0.1453125 0.00390625 0.01875
6 0.56015625 0.1421875 0.00703125 0.0234375
3 0.584375 0.15859375 0.02578125 0.028125
10 0.53984375 0.11015625 0.0140625 0.03125
7 0.54609375 0.12578125 0.00546875 0.02109375
4 0.54609375 0.13046875 0.00390625 0.01953125
6 0.521875 0.1046875 0.00390625 0.021875
3 0.5140625 0.11015625 0.01484375 0.028125
3 0.51328125 0.134375 0.01640625 0.028125
3 0.5140625 0.15625 0.01484375 0.02890625
3 0.509375 0.178125 0.01796875 0.03515625
7 0.528125 0.11796875 0.0046875 0.015625
8 0.528125 0.12109375 0.0078125 0.02421875
6 0.503125 0.2 0.00625 0.0296875
3 0.5421875 0.17734375 0.0171875 0.03046875
6 0.55234375 0.18828125 0.00546875 0.03203125
6 0.5625 0.19140625 0.00625 0.03125
6 0.56796875 0.190625 0.00546875 0.03203125
6 0.57578125 0.2453125 0.00625 0.03515625
8 0.58671875 0.23984375 0.01640625 0.0515625
6 0.5125 0.2515625 0.00703125 0.034375
7 0.5546875 0.25859375 0.00703125 0.0296875
1 0.5546875 0.265625 0.00390625 0.0265625
8 0.559375 0.296875 0.01484375 0.03515625
7 0.55703125 0.28359375 0.0078125 0.0203125
6 0.5796875 0.3203125 0.00703125 0.03515625
3 0.496875 0.31171875 0.02421875 0.06328125
4 0.51953125 0.29375 0.00703125 0.0265625
7 0.51953125 0.284375 0.00859375 0.034375
4 0.53125 0.290625 0.00546875 0.0265625
7 0.53046875 0.28125 0.0078125 0.03203125
6 0.5625 0.38671875 0.00859375 0.0453125
6 0.5625 0.3734375 0.00859375 0.04609375
6 0.57734375 0.38203125 0.00859375 0.04296875
6 0.5875 0.36328125 0.00703125 0.0359375
9 0.59453125 0.39140625 0.02890625 0.071875
9 0.59609375 0.46875 0.0375 0.0984375
10 0.475 0.5046875 0.03046875 0.078125
9 0.45703125 0.4265625 0.06640625 0.08203125
9 0.446875 0.85078125 0.05859375 0.18671875
8 0.5109375 0.89375 0.0234375 0.10859375
7 0.51015625 0.89140625 0.0203125 0.06484375
4 0.6234375 0.60703125 0.02265625 0.0453125
6 0.553125 0.59453125 0.01328125 0.06484375
6 0.56484375 0.61640625 0.01015625 0.05703125
6 0.578125 0.62109375 0.01015625 0.059375
6 0.634375 0.65390625 0.01484375 0.03359375
7 0.64921875 0.81953125 0.01796875 0.03984375
10 0.6984375 0.79921875 0.13125 0.10078125
3 0.640625 0.97265625 0.07421875 0.05390625
9 0.640625 0.28359375 0.04140625 0.128125
10 0.62109375 0.2171875 0.01875 0.053125
6 0.59296875 0.20390625 0.00546875 0.03515625
6 0.5984375 0.21953125 0.00703125 0.03671875