9 0.8578125 0.70703125 0.04453125 0.11484375
3 0.98046875 0.64375 0.03046875 0.05625
3 0.91953125 0.44375 0.02890625 0.03984375
3 0.96328125 0.4859375 0.02890625 0.0515625
3 0.98671875 0.51171875 0.02109375 0.05078125
3 0.99140625 0.42421875 0.01171875 0.0390625
3 0.9125 0.35625 0.02578125 0.040625
6 0.821875 0.1921875 0.00546875 0.01953125
6 0.87421875 0.128125 0.0046875 0.01875
6 0.86796875 0.11953125 0.00546875 0.01640625
3 0.29140625 0.72421875 0.03671875 0.0609375
3 0.2703125 0.55 0.03828125 0.04609375
3 0.36328125 0.43984375 0.03359375 0.040625
6 0.48828125 0.46875 0.00703125 0.02578125
6 0.56171875 0.259375 0.0046875 0.0203125
6 0.56484375 0.2734375 0.003125 0.0203125
3 0.49140625 0.26171875 0.03046875 0.02890625
3 0.4984375 0.24921875 0.028125 0.0265625
3 0.409375 0.30546875 0.0296875 0.03515625
8 0.44453125 0.246875 0.015625 0.0234375
10 0.40546875 0.21484375 0.021875 0.0296875
3 0.39453125 0.20625 0.021875 0.028125
3 0.6265625 0.09375 0.01640625 0.0234375
3 0.64453125 0.08203125 0.02109375 0.01796875
3 0.66484375 0.06796875 0.02109375 0.0203125
3 0.66015625 0.0296875 0.01796875 0.01875
3 0.67421875 0.01953125 0.01953125 0.01640625
6 0.14375 0.39140625 0.00703125 0.0203125
6 0.15 0.390625 0.0046875 0.0140625
3 0.10546875 0.43828125 0.02421875 0.04140625
3 0.06640625 0.34453125 0.02265625 0.034375
0 0.00546875 0.2765625 0.0109375 0.02890625
10 0.01484375 0.615625 0.02890625 0.05546875
3 0.0171875 0.65546875 0.034375 0.0515625
3 0.03046875 0.71015625 0.0609375 0.0734375
2 0.30859375 0.94296875 0.07265625 0.109375