2 0.48515625 0.79921875 0.09765625 0.3453125
3 0.478125 0.55 0.04765625 0.0703125
3 0.01171875 0.71953125 0.02265625 0.059375
3 0.06640625 0.65703125 0.08671875 0.06796875
3 0.171875 0.62578125 0.0703125 0.06328125
10 0.26328125 0.58828125 0.059375 0.06484375
3 0.328125 0.565625 0.04921875 0.05
3 0.390625 0.5453125 0.04609375 0.04609375
3 0.5296875 0.5015625 0.02734375 0.0546875
3 0.00703125 0.4234375 0.01328125 0.02421875
10 0.06640625 0.40078125 0.03984375 0.025
10 0.08984375 0.3859375 0.02421875 0.0203125
3 0.11484375 0.38046875 0.025 0.02109375
3 0.15390625 0.3546875 0.02890625 0.02421875
3 0.17734375 0.34609375 0.02421875 0.0203125
3 0.15234375 0.25625 0.00703125 0.01171875
3 0.20078125 0.30546875 0.02265625 0.01171875
3 0.21796875 0.296875 0.02265625 0.01484375
3 0.20625 0.28359375 0.0171875 0.01328125
10 0.18046875 0.27109375 0.0171875 0.01484375
3 0.16796875 0.2625 0.01171875 0.01015625
3 0.19765625 0.27109375 0.01640625 0.01171875
3 0.18203125 0.25546875 0.0125 0.0109375
3 0.1828125 0.24140625 0.01171875 0.009375
6 0.25390625 0.32578125 0.00390625 0.01796875
6 0.25859375 0.328125 0.00390625 0.01484375
6 0.2765625 0.32421875 0.003125 0.015625
2 0.2796875 0.30703125 0.03515625 0.025
3 0.25625 0.2859375 0.01484375 0.01171875
3 0.25078125 0.28125 0.01796875 0.01328125
3 0.24453125 0.27578125 0.01640625 0.01171875
4 0.4484375 0.43203125 0.01015625 0.02578125
3 0.475 0.421875 0.03203125 0.034375
3 0.3515625 0.32578125 0.01484375 0.021875
3 0.403125 0.3640625 0.02109375 0.02578125
3 0.49296875 0.3984375 0.03515625 0.03671875
3 0.3734375 0.34296875 0.0109375 0.015625
6 0.68828125 0.6625 0.01328125 0.04921875
6 0.6953125 0.6625 0.00859375 0.0453125
7 0.44921875 0.43203125 0.009375 0.02109375
3 0.55703125 0.41640625 0.03984375 0.03671875
3 0.65546875 0.490625 0.08203125 0.07109375
6 0.71015625 0.41875 0.00546875 0.015625