1 0.20078125 0.75859375 0.059375 0.0703125
1 0.25234375 0.69921875 0.05625 0.0640625
3 0.26484375 0.65390625 0.146875 0.1328125
3 0.35078125 0.60859375 0.121875 0.103125
8 0.29609375 0.6109375 0.084375 0.0703125
6 0.4234375 0.78671875 0.0515625 0.090625
3 0.43125 0.67734375 0.0875 0.1109375
7 0.578125 0.9796875 0.040625 0.040625
4 0.571875 0.9421875 0.04375 0.0859375
6 0.6390625 0.8546875 0.0390625 0.08125
10 0.5046875 0.84765625 0.15 0.15
3 0.57734375 0.84140625 0.1421875 0.128125
3 0.63984375 0.81171875 0.1515625 0.1296875
10 0.51015625 0.7515625 0.1421875 0.15
10 0.57578125 0.69609375 0.115625 0.125
4 0.67734375 0.7640625 0.0609375 0.0703125
1 0.63203125 0.71015625 0.0421875 0.059375
10 0.671875 0.67734375 0.1421875 0.128125
10 0.575 0.62890625 0.0796875 0.10625
10 0.6546875 0.63359375 0.1046875 0.1015625
8 0.746875 0.696875 0.053125 0.0609375
10 0.64375 0.61015625 0.0859375 0.084375
10 0.703125 0.57265625 0.0921875 0.0859375
3 0.71796875 0.56328125 0.0875 0.0734375
3 0.6203125 0.55546875 0.0625 0.0671875
3 0.478125 0.4984375 0.0734375 0.071875
3 0.51328125 0.4625 0.0625 0.0546875
3 0.53125 0.45859375 0.0671875 0.059375
10 0.4984375 0.47265625 0.078125 0.0765625
3 0.68515625 0.53046875 0.0765625 0.065625
10 0.728125 0.52421875 0.065625 0.071875
3 0.73359375 0.51171875 0.075 0.0671875
3 0.72265625 0.49453125 0.05 0.0453125
3 0.73984375 0.49296875 0.0515625 0.046875
3 0.734375 0.484375 0.0578125 0.053125
3 0.57734375 0.471875 0.04375 0.0515625
10 0.57109375 0.41484375 0.071875 0.065625
10 0.5828125 0.41171875 0.0609375 0.0625
3 0.6015625 0.403125 0.0546875 0.046875
3 0.6046875 0.38828125 0.053125 0.0390625
3 0.61484375 0.38046875 0.046875 0.0375
3 0.63125 0.37890625 0.0515625 0.0421875
3 0.63203125 0.37265625 0.05 0.040625
3 0.63125 0.35703125 0.04375 0.0359375
3 0.73828125 0.46796875 0.040625 0.0359375
3 0.74375 0.453125 0.0546875 0.04375
3 0.74765625 0.446875 0.0578125 0.0453125
3 0.71171875 0.41875 0.0328125 0.0359375
10 0.72578125 0.3953125 0.0265625 0.034375
10 0.753125 0.43203125 0.046875 0.0390625
10 0.753125 0.4265625 0.04375 0.0390625
10 0.6453125 0.35390625 0.0390625 0.0359375
10 0.71015625 0.37734375 0.0234375 0.0328125
6 0.69921875 0.3984375 0.01875 0.0328125
3 0.759375 0.41484375 0.05 0.040625
10 0.76015625 0.4078125 0.0453125 0.040625
10 0.76015625 0.4 0.0453125 0.040625
10 0.75859375 0.39453125 0.0453125 0.0390625
10 0.7546875 0.3859375 0.046875 0.0359375
10 0.7640625 0.38203125 0.034375 0.0328125
10 0.7671875 0.3796875 0.0328125 0.0296875
10 0.7671875 0.37734375 0.0328125 0.0296875
10 0.765625 0.371875 0.0375 0.0328125
10 0.77265625 0.36328125 0.0328125 0.028125
10 0.7703125 0.359375 0.03125 0.028125
3 0.76953125 0.35859375 0.0359375 0.0296875
3 0.76953125 0.353125 0.03125 0.0296875
3 0.7734375 0.34921875 0.0375 0.03125
10 0.7796875 0.34140625 0.0359375 0.0296875
10 0.78125 0.3359375 0.0265625 0.025
10 0.7875 0.31171875 0.025 0.021875
3 0.77578125 0.328125 0.0265625 0.025
3 0.78828125 0.29765625 0.0234375 0.0203125
7 0.78046875 0.2953125 0.00625 0.0125
1 0.7765625 0.303125 0.009375 0.0109375
9 0.7703125 0.28984375 0.021875 0.028125
9 0.74375 0.28125 0.01875 0.0265625
9 0.67265625 0.3390625 0.059375 0.0625
3 0.68671875 0.33203125 0.0359375 0.028125
3 0.69296875 0.32890625 0.0296875 0.025
10 0.6953125 0.32109375 0.0328125 0.0296875
3 0.696875 0.31953125 0.034375 0.0265625
10 0.70078125 0.30859375 0.040625 0.0359375
3 0.70703125 0.30859375 0.03125 0.028125
10 0.7203125 0.29375 0.0234375 0.0234375
3 0.7234375 0.2890625 0.025 0.01875
10 0.7296875 0.27734375 0.0140625 0.0203125
6 0.73203125 0.3109375 0.009375 0.01875