3 0.353125 0.734375 0.0375 0.046875
1 0.46484375 0.7515625 0.015625 0.015625
1 0.475 0.753125 0.01875 0.015625
8 0.478125 0.75078125 0.015625 0.0171875
3 0.18984375 0.03203125 0.0828125 0.0640625
3 0.22890625 0.08984375 0.071875 0.0609375
3 0.10234375 0.10859375 0.0171875 0.05
3 0.12890625 0.0609375 0.0375 0.0578125
3 0.1625 0.09921875 0.0890625 0.0640625
3 0.1328125 0.1359375 0.0609375 0.0671875
3 0.16953125 0.16328125 0.059375 0.0671875
3 0.19921875 0.18359375 0.0515625 0.0625
3 0.225 0.2109375 0.0546875 0.0625
3 0.26015625 0.22890625 0.059375 0.05625
3 0.275 0.153125 0.0640625 0.05
6 0.18125 0.06328125 0.0234375 0.0125
6 0.19609375 0.09921875 0.025 0.0140625
6 0.21015625 0.10234375 0.0265625 0.015625
3 0.065625 0.234375 0.01875 0.034375
3 0.37578125 0.27265625 0.059375 0.0484375
9 0.42734375 0.30234375 0.075 0.0671875
3 0.4515625 0.3390625 0.053125 0.040625
9 0.48515625 0.36953125 0.05625 0.0421875
3 0.559375 0.41328125 0.0375 0.025
3 0.5859375 0.4171875 0.0359375 0.040625
3 0.6 0.42265625 0.0296875 0.0359375
3 0.615625 0.45 0.040625 0.025
3 0.640625 0.459375 0.034375 0.025
3 0.66640625 0.46953125 0.0328125 0.021875
3 0.68515625 0.465625 0.03125 0.0203125
3 0.75078125 0.50390625 0.025 0.0265625
3 0.7625 0.478125 0.0296875 0.0328125
3 0.3265625 0.2109375 0.071875 0.0609375
3 0.715625 0.50390625 0.03125 0.0203125
10 0.7375 0.52109375 0.0265625 0.01875
3 0.55859375 0.45234375 0.0390625 0.0265625
3 0.58828125 0.46640625 0.0375 0.0234375
3 0.61171875 0.48359375 0.034375 0.0234375
3 0.640625 0.50078125 0.028125 0.0203125