3 0.296875 0.9578125 0.05625 0.0328125
3 0.44375 0.9859375 0.021875 0.028125
9 0.35546875 0.98359375 0.065625 0.0328125
2 0.11796875 0.78671875 0.128125 0.040625
4 0.11953125 0.76171875 0.034375 0.00625
7 0.1234375 0.7609375 0.015625 0.00625
3 0.5203125 0.92421875 0.0390625 0.015625
6 0.4890625 0.91171875 0.0203125 0.00625
6 0.490625 0.8796875 0.01875 0.00625
6 0.57109375 0.38359375 0.015625 0.0046875
6 0.56328125 0.40859375 0.015625 0.003125
6 0.56640625 0.41015625 0.015625 0.003125
6 0.57109375 0.4109375 0.009375 0.0046875
6 0.6859375 0.984375 0.0125 0.003125
6 0.684375 0.9921875 0.0109375 0.0046875
6 0.66953125 0.96015625 0.009375 0.0046875
6 0.6828125 0.996875 0.009375 0.0046875
3 0.66640625 0.9953125 0.015625 0.009375
10 0.7328125 0.7140625 0.0125 0.00625
4 0.66328125 0.75390625 0.0140625 0.003125
4 0.66875 0.75078125 0.009375 0.003125
4 0.7046875 0.7359375 0.0125 0.0046875
4 0.7265625 0.72578125 0.009375 0.003125
4 0.73046875 0.7328125 0.009375 0.003125
4 0.83359375 0.7 0.009375 0.003125
7 0.72734375 0.725 0.00625 0.003125
7 0.73125 0.7328125 0.00625 0.003125