2 0.4453125 0.58984375 0.04296875 0.14296875
3 0.3921875 0.45859375 0.01796875 0.03984375
3 0.40625 0.4171875 0.01640625 0.034375
10 0.478125 0.36328125 0.01796875 0.03671875
3 0.42578125 0.240625 0.0125 0.01796875
3 0.29296875 0.1984375 0.00859375 0.0109375
3 0.31953125 0.1953125 0.009375 0.01328125
3 0.34453125 0.19296875 0.0078125 0.01171875
3 0.38828125 0.19140625 0.009375 0.01484375
10 0.334375 0.1671875 0.0078125 0.015625
4 0.51953125 0.17890625 0.00546875 0.0109375
7 0.51953125 0.17578125 0.00390625 0.009375
3 0.2953125 0.16484375 0.00859375 0.0109375
3 0.23203125 0.13046875 0.00859375 0.01015625
9 0.2140625 0.134375 0.01328125 0.0203125
9 0.675 0.13671875 0.02421875 0.01796875
9 0.65703125 0.12890625 0.01953125 0.01796875
3 0.6625 0.1359375 0.00859375 0.00859375
3 0.42265625 0.0640625 0.00703125 0.00703125
3 0.4640625 0.04296875 0.00546875 0.00625
9 0.4953125 0.10703125 0.01953125 0.0140625
3 0.5125 0.11171875 0.0078125 0.01015625
9 0.4828125 0.03671875 0.00859375 0.01015625