3 0.61640625 0.7921875 0.03046875 0.103125
3 0.721875 0.8015625 0.03671875 0.1015625
3 0.709375 0.71328125 0.03359375 0.0859375
3 0.44375 0.48671875 0.021875 0.0515625
3 0.57109375 0.43359375 0.04453125 0.0359375
3 0.57890625 0.41328125 0.04453125 0.03125
3 0.56875 0.375 0.03828125 0.0296875
3 0.56796875 0.3546875 0.03515625 0.02421875
10 0.68828125 0.44453125 0.03828125 0.04296875
3 0.57265625 0.31953125 0.03515625 0.03125
3 0.56875 0.246875 0.0328125 0.025
3 0.671875 0.4234375 0.03984375 0.03828125
3 0.66484375 0.39296875 0.0390625 0.0390625
3 0.66484375 0.36953125 0.0375 0.03203125
3 0.66171875 0.33671875 0.03046875 0.034375
3 0.65 0.31796875 0.02890625 0.0296875
3 0.634375 0.2984375 0.03203125 0.03203125
3 0.63125 0.27578125 0.03515625 0.02578125
3 0.7296875 0.515625 0.0421875 0.04140625
3 0.746875 0.5453125 0.05078125 0.04609375
3 0.77734375 0.56875 0.053125 0.04296875
3 0.8046875 0.59296875 0.05078125 0.046875
3 0.83515625 0.621875 0.04453125 0.0515625
3 0.87421875 0.6453125 0.03828125 0.05546875
3 0.91953125 0.66953125 0.03671875 0.06328125
3 0.95078125 0.69375 0.03046875 0.06015625
6 0.84296875 0.69609375 0.01171875 0.0296875
3 0.628125 0.215625 0.03046875 0.025
10 0.6421875 0.1765625 0.02578125 0.028125
10 0.56953125 0.21171875 0.02734375 0.0265625
3 0.5703125 0.190625 0.03515625 0.0234375
6 0.5984375 0.25703125 0.00390625 0.0203125
6 0.5671875 0.2796875 0.0046875 0.0203125
4 0.65 0.2515625 0.0109375 0.015625
4 0.63671875 0.25859375 0.0109375 0.01484375
9 0.47421875 0.08515625 0.0265625 0.07578125
6 0.46328125 0.07734375 0.003125 0.015625