2 0.03203125 0.14375 0.0640625 0.190625
9 0.06953125 0.08203125 0.06484375 0.121875
6 0.0484375 0.4359375 0.01171875 0.0140625
6 0.140625 0.20859375 0.01015625 0.01953125
7 0.14765625 0.20859375 0.0078125 0.01640625
9 0.14609375 0.2890625 0.06328125 0.134375
9 0.18984375 0.42109375 0.065625 0.140625
6 0.2421875 0.02421875 0.01015625 0.025
6 0.25546875 0.0125 0.00703125 0.02109375
6 0.25703125 0.00859375 0.00703125 0.01640625
6 0.25625 0.0390625 0.00546875 0.0234375
6 0.2671875 0.06328125 0.00859375 0.0265625
6 0.2734375 0.05859375 0.0078125 0.02421875
6 0.28203125 0.04921875 0.00546875 0.02578125
6 0.28359375 0.06171875 0.0078125 0.021875
6 0.28125 0.1015625 0.00546875 0.0234375
6 0.28671875 0.1015625 0.00390625 0.01875
6 0.2921875 0.09453125 0.00703125 0.02109375
6 0.3 0.06484375 0.00625 0.021875
6 0.303125 0.078125 0.00703125 0.02109375
6 0.315625 0.0875 0.00859375 0.0234375
6 0.31640625 0.16953125 0.01015625 0.02421875
6 0.3203125 0.159375 0.00546875 0.0234375
6 0.346875 0.17421875 0.00546875 0.01796875
6 0.35390625 0.16875 0.00625 0.02421875
7 0.34609375 0.15859375 0.00546875 0.0109375
5 0.3484375 0.16171875 0.0109375 0.01796875
6 0.34140625 0.23359375 0.00625 0.01796875
6 0.353125 0.26796875 0.00703125 0.01875
6 0.36875 0.24140625 0.00546875 0.0203125
6 0.371875 0.228125 0.0078125 0.0234375
6 0.50546875 0.32109375 0.01015625 0.0140625
7 0.5046875 0.35546875 0.01171875 0.0203125
7 0.49765625 0.36484375 0.00703125 0.01328125
6 0.3828125 0.259375 0.00546875 0.021875
6 0.37890625 0.271875 0.00703125 0.02109375
6 0.409375 0.27421875 0.00703125 0.01953125
6 0.40546875 0.28046875 0.00390625 0.01640625
6 0.39140625 0.29140625 0.00859375 0.01875
6 0.38828125 0.2984375 0.00546875 0.01640625
6 0.4140625 0.3046875 0.0046875 0.01640625
6 0.41953125 0.2953125 0.00546875 0.01640625
7 0.4046875 0.33203125 0.00703125 0.01484375
6 0.43984375 0.33046875 0.00625 0.015625
6 0.56640625 0.63046875 0.01171875 0.01484375
6 0.53125 0.671875 0.01015625 0.01640625
6 0.51796875 0.64453125 0.01171875 0.0140625
6 0.52109375 0.65859375 0.01015625 0.01171875
6 0.50625 0.465625 0.00859375 0.01640625
6 0.5890625 0.42109375 0.00859375 0.01328125
6 0.4609375 0.521875 0.00703125 0.015625
6 0.45234375 0.5015625 0.00625 0.01328125
6 0.4453125 0.4875 0.0078125 0.015625
7 0.43984375 0.465625 0.00859375 0.01640625
6 0.490625 0.4515625 0.00859375 0.01953125
6 0.48359375 0.44765625 0.00703125 0.01171875
6 0.46484375 0.43359375 0.00859375 0.0140625
6 0.4671875 0.425 0.00703125 0.01328125
6 0.43515625 0.37578125 0.00546875 0.0140625
6 0.440625 0.36875 0.00859375 0.0140625
6 0.446875 0.38671875 0.00703125 0.015625
6 0.4546875 0.38359375 0.0078125 0.01796875
6 0.4484375 0.4109375 0.00546875 0.01640625
6 0.45625 0.40703125 0.00625 0.01484375
7 0.49609375 0.096875 0.00859375 0.01796875
7 0.4359375 0.11640625 0.00703125 0.01953125
7 0.42890625 0.07890625 0.00703125 0.01328125