9 0.3390625 0.853125 0.12421875 0.2390625
3 0.26875 0.55078125 0.0453125 0.09375
2 0.121875 0.43515625 0.0609375 0.16640625
10 0.63203125 0.89765625 0.1375 0.14921875
3 0.51796875 0.73671875 0.09453125 0.153125
3 0.45390625 0.6234375 0.075 0.1109375
6 0.41171875 0.56953125 0.0125 0.05625
3 0.6625 0.696875 0.12421875 0.1546875
3 0.5578125 0.57109375 0.0828125 0.09921875
10 0.6515625 0.48671875 0.08671875 0.09140625
6 0.578125 0.44296875 0.0046875 0.04375
6 0.58203125 0.44296875 0.00703125 0.03828125
3 0.5 0.49375 0.0609375 0.07421875
3 0.36015625 0.44453125 0.04140625 0.05546875
3 0.30703125 0.421875 0.03671875 0.05546875
3 0.33671875 0.39765625 0.0328125 0.04921875
3 0.3203125 0.3640625 0.03046875 0.0453125
3 0.3046875 0.33359375 0.02578125 0.040625
3 0.2875 0.30859375 0.02265625 0.034375
9 0.215625 0.34296875 0.0375 0.06953125
3 0.253125 0.2859375 0.0203125 0.03125
3 0.24765625 0.2640625 0.015625 0.025
10 0.01328125 0.4 0.0265625 0.059375
3 0.06640625 0.41640625 0.040625 0.0515625
10 0.375 0.3359375 0.02578125 0.034375
10 0.38359375 0.27890625 0.02421875 0.0296875
6 0.4015625 0.31171875 0.0078125 0.034375
10 0.4234375 0.3125 0.03046875 0.04140625
3 0.08125 0.375 0.02890625 0.04453125
6 0.03828125 0.384375 0.01328125 0.034375
6 0.0625 0.3734375 0.01015625 0.03359375
6 0.07734375 0.43125 0.01015625 0.03984375
6 0.0953125 0.38359375 0.0109375 0.03359375
6 0.096875 0.35859375 0.009375 0.03046875
6 0.11015625 0.35 0.0078125 0.02578125
6 0.14140625 0.3078125 0.0078125 0.025
3 0.36640625 0.2640625 0.02109375 0.0265625
10 0.025 0.35703125 0.0265625 0.040625
3 0.09453125 0.33046875 0.021875 0.03046875
6 0.0640625 0.34453125 0.009375 0.03359375
3 0.1 0.3046875 0.0234375 0.0296875
3 0.12421875 0.2765625 0.0171875 0.02890625
3 0.15078125 0.26015625 0.01640625 0.02421875
3 0.1296875 0.25 0.01328125 0.0203125
10 0.115625 0.24375 0.01328125 0.025
10 0.13359375 0.22421875 0.009375 0.01484375
3 0.13984375 0.215625 0.009375 0.01640625
10 0.13984375 0.19765625 0.01171875 0.02109375
3 0.1375 0.16484375 0.00703125 0.0109375
3 0.14375 0.1875 0.00859375 0.01171875
10 0.146875 0.1671875 0.0078125 0.01171875
3 0.18671875 0.17734375 0.01015625 0.0140625
3 0.18203125 0.1640625 0.00625 0.0109375
10 0.23671875 0.23828125 0.0125 0.02578125
10 0.23046875 0.2328125 0.009375 0.025
3 0.278125 0.29140625 0.01953125 0.03046875
3 0.27265625 0.27421875 0.01796875 0.028125
3 0.2609375 0.2546875 0.01640625 0.028125
3 0.253125 0.240625 0.0140625 0.02421875
3 0.24765625 0.23046875 0.01015625 0.0203125
3 0.24296875 0.22265625 0.01171875 0.02109375
3 0.2390625 0.2125 0.0109375 0.015625
3 0.234375 0.2046875 0.009375 0.01484375
3 0.23046875 0.1984375 0.01015625 0.01328125
10 0.22734375 0.18984375 0.0078125 0.01875
3 0.21015625 0.1796875 0.0078125 0.01328125
3 0.2015625 0.159375 0.00703125 0.0109375
3 0.1984375 0.15546875 0.00546875 0.0109375
10 0.209375 0.1578125 0.00546875 0.01171875
2 0.1890625 0.12109375 0.0078125 0.0140625
10 0.26875 0.2015625 0.0125 0.0234375
10 0.28984375 0.23046875 0.01328125 0.01875
3 0.23515625 0.14609375 0.01171875 0.00859375
4 0.234375 0.30625 0.0078125 0.0203125
7 0.23359375 0.29921875 0.0078125 0.0234375