3 0.41328125 0.70546875 0.059375 0.0578125
3 0.54140625 0.76796875 0.034375 0.0296875
3 0.35859375 0.85390625 0.0484375 0.05625
3 0.46328125 0.91953125 0.040625 0.034375
3 0.4578125 0.94140625 0.0453125 0.0328125
3 0.5203125 0.95078125 0.034375 0.0296875
3 0.44765625 0.95859375 0.040625 0.0328125
3 0.44609375 0.98125 0.0375 0.034375
3 0.51484375 0.96875 0.0359375 0.0296875
3 0.50703125 0.9859375 0.0359375 0.028125
3 0.4953125 0.99375 0.034375 0.0125
3 0.44296875 0.99140625 0.0421875 0.0171875
10 0.4125 0.80546875 0.04375 0.0453125
9 0.17109375 0.565625 0.1703125 0.146875
9 0.4203125 0.5140625 0.109375 0.103125
9 0.2828125 0.44140625 0.059375 0.059375
3 0.171875 0.415625 0.1 0.0703125
2 0.14453125 0.26796875 0.1546875 0.1578125
3 0.53359375 0.4453125 0.046875 0.053125
3 0.559375 0.5453125 0.034375 0.040625
3 0.54609375 0.58984375 0.040625 0.0421875
3 0.5875 0.4734375 0.0375 0.0390625
3 0.6125 0.43125 0.0359375 0.0453125
3 0.63125 0.38515625 0.0359375 0.0421875
3 0.6421875 0.35 0.0328125 0.034375
3 0.6328125 0.42421875 0.034375 0.040625
3 0.60234375 0.490625 0.034375 0.0375
3 0.6078125 0.78359375 0.028125 0.0203125
6 0.25390625 0.5046875 0.03125 0.0203125
6 0.515625 0.62734375 0.0234375 0.0125
6 0.6171875 0.6875 0.021875 0.0109375
6 0.60859375 0.69140625 0.0234375 0.0125
6 0.52109375 0.703125 0.0234375 0.0140625
6 0.51484375 0.703125 0.015625 0.0078125
6 0.51953125 0.78125 0.021875 0.0125
6 0.52265625 0.78359375 0.0234375 0.0125
6 0.4515625 0.8578125 0.025 0.0140625
6 0.446875 0.85859375 0.0265625 0.0171875
6 0.3828125 0.946875 0.0296875 0.01875
6 0.49296875 0.91640625 0.0265625 0.015625
6 0.32265625 0.85703125 0.0265625 0.015625
6 0.3296875 0.8359375 0.0265625 0.0171875
6 0.578125 0.9078125 0.01875 0.0109375
3 0.61796875 0.8359375 0.0328125 0.021875
3 0.64609375 0.8640625 0.0234375 0.015625
3 0.72421875 0.86640625 0.0171875 0.0140625
3 0.76640625 0.8578125 0.015625 0.0125
3 0.76875 0.8671875 0.0140625 0.009375
3 0.78125 0.8703125 0.0125 0.009375
3 0.7765625 0.8390625 0.015625 0.0109375
3 0.81015625 0.87109375 0.0125 0.009375
3 0.821875 0.87109375 0.0109375 0.009375
3 0.7359375 0.76875 0.021875 0.0171875
3 0.5703125 0.87734375 0.0328125 0.0328125
3 0.678125 0.8140625 0.0171875 0.0140625
3 0.6984375 0.878125 0.01875 0.0171875
3 0.68828125 0.91015625 0.01875 0.0171875
3 0.70703125 0.87734375 0.015625 0.015625
3 0.71796875 0.878125 0.0171875 0.01875
3 0.82890625 0.871875 0.0125 0.0078125
3 0.8390625 0.87265625 0.0109375 0.009375
3 0.8484375 0.87265625 0.009375 0.00625
3 0.88359375 0.87421875 0.00625 0.0046875
3 0.81640625 0.78984375 0.0125 0.0125
3 0.8375 0.79375 0.0125 0.0140625
3 0.76015625 0.746875 0.0171875 0.021875
3 0.68671875 0.78125 0.021875 0.0171875
3 0.77734375 0.7578125 0.0171875 0.021875
10 0.771875 0.753125 0.0171875 0.01875
3 0.76484375 0.75 0.0171875 0.021875
3 0.70234375 0.78828125 0.01875 0.01875
3 0.721875 0.7953125 0.021875 0.0171875
3 0.7203125 0.81015625 0.0171875 0.0125
3 0.778125 0.8109375 0.015625 0.015625
3 0.70390625 0.75234375 0.025 0.0265625
3 0.66484375 0.73046875 0.025 0.0265625
3 0.64140625 0.73203125 0.0265625 0.0265625
3 0.6546875 0.728125 0.0265625 0.0265625
3 0.62734375 0.72265625 0.0265625 0.0296875
3 0.6078125 0.7140625 0.0265625 0.0328125
3 0.59296875 0.70703125 0.0296875 0.034375
3 0.578125 0.70625 0.0265625 0.0328125
3 0.6078125 0.76015625 0.025 0.0203125
3 0.58203125 0.7515625 0.0296875 0.021875
3 0.565625 0.696875 0.0328125 0.040625
3 0.65859375 0.6890625 0.0265625 0.021875
3 0.64296875 0.6796875 0.028125 0.025
3 0.63828125 0.66484375 0.0296875 0.0265625
3 0.63671875 0.64765625 0.034375 0.03125
3 0.63125 0.63359375 0.03125 0.028125
3 0.63125 0.61953125 0.0296875 0.028125
3 0.62578125 0.60078125 0.0296875 0.028125
3 0.62421875 0.584375 0.0296875 0.028125
3 0.61953125 0.565625 0.0328125 0.0296875
6 0.6734375 0.7671875 0.015625 0.0078125
6 0.6765625 0.7046875 0.015625 0.0078125
6 0.6671875 0.6984375 0.015625 0.0078125
6 0.6734375 0.69765625 0.015625 0.0078125
6 0.74765625 0.75625 0.0125 0.00625
6 0.75 0.75625 0.0125 0.00625
3 0.6734375 0.78046875 0.021875 0.0171875
3 0.8328125 0.78125 0.0125 0.0078125
10 0.8234375 0.778125 0.0171875 0.0109375
3 0.79765625 0.7671875 0.0171875 0.0203125
3 0.79296875 0.76484375 0.0140625 0.0171875
4 0.690625 0.70546875 0.0140625 0.009375
7 0.29140625 0.61015625 0.03125 0.01875
7 0.2953125 0.53515625 0.0296875 0.0203125
4 0.290625 0.53359375 0.028125 0.025
1 0.28671875 0.6078125 0.0265625 0.025
9 0.596875 0.3140625 0.0609375 0.0578125
3 0.65390625 0.32109375 0.0390625 0.0296875