2 0.49921875 0.6515625 0.021875 0.03671875
3 0.625 0.6328125 0.01015625 0.01796875
3 0.63671875 0.6421875 0.01015625 0.015625
3 0.64140625 0.64921875 0.0125 0.01875
3 0.65703125 0.646875 0.01484375 0.01875
3 0.63671875 0.6109375 0.01015625 0.015625
3 0.6734375 0.62109375 0.0109375 0.01328125
3 0.67109375 0.63046875 0.01171875 0.01484375
3 0.66328125 0.63671875 0.0125 0.01640625
3 0.61328125 0.5890625 0.009375 0.015625
2 0.5015625 0.44453125 0.0125 0.01640625
10 0.52890625 0.45859375 0.0078125 0.01328125
3 0.54296875 0.41640625 0.0078125 0.0109375
3 0.53203125 0.41875 0.00859375 0.01171875
3 0.5453125 0.40625 0.00859375 0.01015625
3 0.6015625 0.36484375 0.0078125 0.0109375
3 0.61953125 0.35 0.0078125 0.009375
3 0.67421875 0.46328125 0.0125 0.015625
10 0.6859375 0.4703125 0.0109375 0.01484375
3 0.6953125 0.48046875 0.01171875 0.01171875
10 0.70625 0.48828125 0.0109375 0.01484375
3 0.71875 0.49609375 0.0109375 0.01484375
3 0.64453125 0.32734375 0.00703125 0.01015625
2 0.2609375 0.296875 0.0109375 0.01796875
3 0.259375 0.33125 0.0046875 0.009375
3 0.23984375 0.36640625 0.00703125 0.009375
3 0.2265625 0.35703125 0.009375 0.009375
3 0.21796875 0.35703125 0.00703125 0.00703125
3 0.2171875 0.34921875 0.00625 0.00625
9 0.1921875 0.26875 0.01171875 0.01796875
3 0.19296875 0.30390625 0.00703125 0.00703125
3 0.15234375 0.3265625 0.00859375 0.0109375
3 0.1625 0.2640625 0.0046875 0.00703125
3 0.1734375 0.26171875 0.0078125 0.00859375