3 0.7796875 0.128125 0.00625 0.0109375
3 0.7765625 0.13671875 0.00703125 0.01328125
3 0.76953125 0.13359375 0.00546875 0.01015625
3 0.7703125 0.14296875 0.00703125 0.01015625
3 0.76328125 0.16953125 0.00703125 0.01328125
1 0.225 0.80546875 0.02734375 0.03359375
1 0.23125 0.71640625 0.01875 0.02421875
1 0.27578125 0.70078125 0.02890625 0.028125
4 0.34609375 0.62578125 0.01171875 0.03671875
3 0.40390625 0.44765625 0.04140625 0.03984375
3 0.4578125 0.46171875 0.03828125 0.03671875
3 0.47734375 0.43359375 0.04453125 0.03984375
3 0.440625 0.5796875 0.04375 0.071875
4 0.4921875 0.371875 0.0078125 0.02109375
7 0.4890625 0.37109375 0.00546875 0.0140625
7 0.49140625 0.36484375 0.00625 0.01875
1 0.50859375 0.41796875 0.01328125 0.02109375
4 0.51953125 0.41171875 0.00703125 0.02890625
4 0.5109375 0.40546875 0.00703125 0.01640625
1 0.55 0.3765625 0.01484375 0.01875
1 0.53671875 0.3734375 0.01171875 0.02421875
4 0.53046875 0.34375 0.01328125 0.01796875
1 0.52734375 0.35 0.01015625 0.01640625
1 0.525 0.3609375 0.00703125 0.01953125
1 0.5375 0.32421875 0.00546875 0.01640625
8 0.5484375 0.33203125 0.01015625 0.021875
3 0.55 0.29921875 0.02578125 0.02109375
3 0.57109375 0.28125 0.02265625 0.02421875
9 0.61171875 0.28359375 0.03828125 0.03125
6 0.58671875 0.30625 0.003125 0.0203125
6 0.59609375 0.3140625 0.00390625 0.0234375
6 0.6 0.32421875 0.00390625 0.0234375
6 0.575 0.40546875 0.0046875 0.028125
10 0.73125 0.1390625 0.01484375 0.01640625
6 0.7609375 0.15078125 0.00234375 0.0109375
6 0.76328125 0.1515625 0.00234375 0.01171875
7 0.75390625 0.18828125 0.00390625 0.01171875
1 0.75390625 0.1921875 0.00234375 0.00859375
6 0.74140625 0.21328125 0.00234375 0.0140625
6 0.7390625 0.2140625 0.00234375 0.0109375
0 0.74140625 0.18125 0.009375 0.01328125
3 0.740625 0.20078125 0.0078125 0.015625
10 0.734375 0.209375 0.00859375 0.01875
10 0.73671875 0.203125 0.009375 0.01953125
7 0.75625 0.2109375 0.00390625 0.01328125
4 0.75625 0.2140625 0.00390625 0.0109375
7 0.753125 0.21796875 0.003125 0.01171875
1 0.753125 0.221875 0.003125 0.0109375
6 0.728125 0.24140625 0.0046875 0.0203125
6 0.7234375 0.24140625 0.00390625 0.01875
7 0.70546875 0.246875 0.0046875 0.0109375
4 0.73359375 0.24140625 0.00390625 0.0109375
7 0.734375 0.2375 0.00390625 0.01171875
7 0.7296875 0.2609375 0.0046875 0.01484375
1 0.7296875 0.265625 0.00546875 0.0140625
6 0.71171875 0.2703125 0.00390625 0.01640625
3 0.72734375 0.2875 0.015625 0.02109375
10 0.7515625 0.359375 0.02578125 0.03515625
10 0.75234375 0.38984375 0.02265625 0.0390625
10 0.65703125 0.378125 0.01875 0.03671875
10 0.62890625 0.3921875 0.0234375 0.034375
9 0.6421875 0.4171875 0.03046875 0.0453125
9 0.66796875 0.35703125 0.02109375 0.0359375
7 0.70625 0.31171875 0.00703125 0.01953125
4 0.70703125 0.31875 0.00625 0.01640625
7 0.69609375 0.3359375 0.00546875 0.025
1 0.69609375 0.3390625 0.00546875 0.01796875
6 0.696875 0.31875 0.00390625 0.01953125
4 0.6875 0.33515625 0.0078125 0.01640625
6 0.69296875 0.31875 0.0046875 0.0203125
6 0.69453125 0.3125 0.00390625 0.0234375
6 0.690625 0.31171875 0.00546875 0.021875
6 0.68984375 0.309375 0.00390625 0.0203125
7 0.68671875 0.3140625 0.00546875 0.015625
6 0.71953125 0.34453125 0.00546875 0.02109375
6 0.7203125 0.33828125 0.00546875 0.01875
7 0.7046875 0.3515625 0.00546875 0.02109375
7 0.70546875 0.36640625 0.00625 0.0203125
7 0.69375 0.3875 0.00546875 0.01953125
1 0.7046875 0.35703125 0.00546875 0.0203125
1 0.70546875 0.371875 0.00625 0.01640625
1 0.69453125 0.39296875 0.00625 0.0203125
6 0.6765625 0.3546875 0.0046875 0.028125
6 0.67734375 0.36796875 0.00390625 0.01875
6 0.66640625 0.38359375 0.00703125 0.0265625
6 0.67265625 0.38828125 0.00625 0.02890625
7 0.66171875 0.403125 0.00546875 0.021875
7 0.6578125 0.40859375 0.00546875 0.0265625
7 0.65390625 0.4234375 0.00625 0.0359375
7 0.65 0.403125 0.00703125 0.01640625
6 0.63515625 0.4296875 0.00703125 0.03125
7 0.659375 0.45546875 0.00859375 0.025
6 0.62890625 0.4515625 0.00546875 0.0265625
6 0.64140625 0.46171875 0.0046875 0.02109375
6 0.63671875 0.45625 0.00390625 0.01875
6 0.61796875 0.4703125 0.00859375 0.03359375
6 0.59609375 0.48125 0.00625 0.0359375
7 0.6015625 0.465625 0.0078125 0.02421875
7 0.6140625 0.44765625 0.00859375 0.01796875
4 0.62890625 0.478125 0.01328125 0.021875
8 0.60390625 0.4859375 0.0125 0.03359375
6 0.73046875 0.55625 0.01015625 0.03359375
6 0.6515625 0.55703125 0.00859375 0.04140625
6 0.61953125 0.55078125 0.0078125 0.0359375
6 0.5625 0.5484375 0.0125 0.034375
7 0.56328125 0.5703125 0.0078125 0.021875
7 0.73125 0.6140625 0.01015625 0.028125
6 0.72734375 0.6109375 0.01015625 0.03984375
10 0.70234375 0.6625 0.0359375 0.0953125
6 0.55625 0.684375 0.00859375 0.05
6 0.5109375 0.69453125 0.01015625 0.0359375
6 0.62109375 0.71640625 0.009375 0.04296875
4 0.57265625 0.69921875 0.0140625 0.0546875
7 0.571875 0.69296875 0.01171875 0.03984375
6 0.55 0.734375 0.01171875 0.0484375
6 0.53515625 0.71875 0.01171875 0.04296875
6 0.5421875 0.69296875 0.0046875 0.03203125
6 0.53359375 0.68984375 0.01015625 0.03671875
6 0.54453125 0.78125 0.00625 0.03203125
6 0.53515625 0.784375 0.0125 0.03359375
6 0.52421875 0.790625 0.01484375 0.0453125
7 0.5171875 0.8171875 0.009375 0.0265625
6 0.55 0.8234375 0.01796875 0.0484375
6 0.48359375 0.7515625 0.01328125 0.0453125
6 0.50546875 0.75625 0.00859375 0.0453125
6 0.51328125 0.75 0.00546875 0.021875
6 0.51875 0.73046875 0.0078125 0.04375
7 0.509375 0.7578125 0.00859375 0.02109375
1 0.53203125 0.7203125 0.01640625 0.03359375
1 0.5109375 0.7890625 0.021875 0.03671875
7 0.49296875 0.7859375 0.01328125 0.021875
7 0.48671875 0.80078125 0.01640625 0.03515625
1 0.55234375 0.83359375 0.02421875 0.04609375
4 0.58203125 0.7515625 0.01171875 0.04296875
7 0.58125 0.7390625 0.0109375 0.0296875
6 0.615625 0.70546875 0.00859375 0.046875
1 0.69609375 0.7609375 0.02734375 0.04140625
9 0.67265625 0.846875 0.04140625 0.10546875
9 0.39375 0.8296875 0.10234375 0.15703125
4 0.35703125 0.9484375 0.034375 0.034375
6 0.5359375 0.88046875 0.01171875 0.0515625
6 0.453125 0.90859375 0.015625 0.05625
6 0.46484375 0.884375 0.01171875 0.046875
6 0.4734375 0.89375 0.0078125 0.03046875
6 0.46875 0.91953125 0.01328125 0.04140625
6 0.47265625 0.9640625 0.015625 0.06328125
7 0.5265625 0.93359375 0.01640625 0.03984375
7 0.49609375 0.978125 0.015625 0.04296875
1 0.525 0.95078125 0.0171875 0.06328125
1 0.49609375 0.97734375 0.01484375 0.04453125
9 0.625 0.98515625 0.10078125 0.0296875