3 0.50390625 0.56953125 0.028125 0.0859375
3 0.53671875 0.5640625 0.028125 0.0828125
3 0.70625 0.13671875 0.0796875 0.0828125
9 0.8421875 0.209375 0.10625 0.1078125
3 0.94765625 0.04765625 0.0765625 0.0734375
3 0.65546875 0.0390625 0.0765625 0.0375
3 0.46640625 0.0515625 0.0765625 0.05
6 0.76953125 0.478125 0.0109375 0.0234375
6 0.68515625 0.43984375 0.00625 0.0203125
6 0.6203125 0.5625 0.0078125 0.025
3 0.56953125 0.9484375 0.0328125 0.0359375
6 0.4734375 0.41875 0.0125 0.025
6 0.37421875 0.98828125 0.00625 0.021875
6 0.36640625 0.8578125 0.0078125 0.0234375
6 0.36015625 0.85703125 0.00625 0.01875
6 0.35390625 0.85 0.003125 0.015625
6 0.35 0.86171875 0.003125 0.0125
6 0.34296875 0.80078125 0.00625 0.0203125
6 0.34140625 0.83671875 0.00625 0.0125
6 0.371875 0.8828125 0.0078125 0.025
6 0.37109375 0.92265625 0.0046875 0.0203125
6 0.37734375 0.92265625 0.003125 0.01875