10 0.02421875 0.85703125 0.04765625 0.04296875
1 0.01953125 0.9125 0.01328125 0.034375
0 0.04921875 0.64140625 0.04765625 0.04140625
6 0.07578125 0.690625 0.0125 0.015625
6 0.22578125 0.7734375 0.01171875 0.015625
4 0.07578125 0.690625 0.025 0.015625
4 0.046875 0.78046875 0.02890625 0.015625
4 0.228125 0.7734375 0.0265625 0.01640625
3 0.1203125 0.92265625 0.06328125 0.06015625
3 0.34453125 0.75625 0.0546875 0.05
6 0.07890625 0.4921875 0.01171875 0.01796875
6 0.20625 0.4875 0.01171875 0.015625
6 0.20390625 0.471875 0.00703125 0.01875
3 0.14296875 0.58125 0.0546875 0.04453125
3 0.203125 0.5859375 0.0484375 0.0390625
3 0.31328125 0.58359375 0.05078125 0.04375
3 0.3703125 0.5875 0.046875 0.03828125
7 0.425 0.67421875 0.00625 0.01171875
7 0.41953125 0.67421875 0.00859375 0.01484375
6 0.4609375 0.6484375 0.00703125 0.01171875
6 0.4734375 0.65 0.01015625 0.01328125
7 0.5125 0.69375 0.00859375 0.01796875
4 0.4203125 0.67421875 0.02578125 0.0203125
4 0.5125 0.69375 0.02578125 0.01640625
0 0.4765625 0.6265625 0.03984375 0.02890625
6 0.45859375 0.63125 0.00625 0.01875
0 0.4546875 0.821875 0.04140625 0.03125
6 0.51015625 0.9328125 0.01015625 0.015625
3 0.5265625 0.5953125 0.05390625 0.040625
7 0.59140625 0.6953125 0.00859375 0.01640625
7 0.59765625 0.69609375 0.00625 0.015625
7 0.653125 0.7015625 0.0109375 0.01640625
7 0.68515625 0.6484375 0.00859375 0.01640625
4 0.5921875 0.6953125 0.025 0.009375
4 0.6515625 0.703125 0.02421875 0.015625
4 0.6828125 0.64921875 0.0265625 0.01328125
7 0.6234375 0.959375 0.01015625 0.01875
4 0.621875 0.96015625 0.02890625 0.021875