3 0.33515625 0.7828125 0.02109375 0.04375
3 0.35546875 0.73984375 0.021875 0.04296875
3 0.37578125 0.70078125 0.021875 0.040625
3 0.45703125 0.7140625 0.02109375 0.03984375
3 0.33359375 0.74609375 0.02265625 0.04375
3 0.3234375 0.83984375 0.02265625 0.04453125
3 0.32109375 0.884375 0.02265625 0.04375
3 0.2875 0.88828125 0.02265625 0.046875
3 0.2625 0.92578125 0.02578125 0.04296875
3 0.22578125 0.95625 0.02109375 0.03125
3 0.2390625 0.9625 0.01953125 0.01953125
10 0.30625 0.83984375 0.01953125 0.03515625
6 0.47890625 0.853125 0.00546875 0.0109375
6 0.43828125 0.71171875 0.00546875 0.01015625
3 0.6703125 0.746875 0.0265625 0.04453125
3 0.615625 0.6984375 0.0234375 0.04140625
3 0.63984375 0.7015625 0.025 0.040625
9 0.61171875 0.734375 0.03046875 0.0546875
3 0.66875 0.540625 0.02578125 0.04296875
3 0.60625 0.40546875 0.021875 0.03984375
3 0.67265625 0.27734375 0.0203125 0.03828125
3 0.57578125 0.3015625 0.0234375 0.04296875
3 0.5953125 0.2640625 0.01953125 0.03671875
3 0.56953125 0.27890625 0.02109375 0.0390625
3 0.51171875 0.284375 0.021875 0.04140625
3 0.540625 0.2359375 0.01796875 0.03515625
3 0.565625 0.1859375 0.021875 0.0390625
3 0.45625 0.2953125 0.0203125 0.040625
3 0.48828125 0.34140625 0.02109375 0.0390625
3 0.478125 0.35625 0.021875 0.03984375
3 0.46953125 0.375 0.0234375 0.040625
3 0.4515625 0.403125 0.0171875 0.03125
3 0.44375 0.421875 0.02421875 0.03828125
3 0.415625 0.37734375 0.02109375 0.03828125
3 0.37890625 0.309375 0.0203125 0.03828125
3 0.40078125 0.20390625 0.021875 0.040625
1 0.4171875 0.221875 0.00546875 0.0265625
3 0.35859375 0.2828125 0.02109375 0.03828125
3 0.34375 0.34921875 0.02421875 0.03828125
3 0.28984375 0.309375 0.025 0.040625
3 0.31171875 0.20546875 0.021875 0.0390625
3 0.32890625 0.23671875 0.02265625 0.0390625
3 0.31875 0.22578125 0.02109375 0.03984375
3 0.3640625 0.14140625 0.02109375 0.0390625
3 0.3328125 0.109375 0.01953125 0.040625
3 0.196875 0.10859375 0.02265625 0.03671875
3 0.23515625 0.16953125 0.02421875 0.04375
3 0.23671875 0.08671875 0.02265625 0.0359375
3 0.22578125 0.075 0.02109375 0.0390625
6 0.2265625 0.034375 0.0046875 0.01484375
3 0.19921875 0.0265625 0.02109375 0.03828125
3 0.16015625 0.04375 0.01875 0.034375
3 0.31328125 0.07890625 0.02109375 0.03671875
3 0.3234375 0.0921875 0.0203125 0.03828125
10 0.2890625 0.0453125 0.01953125 0.03359375
10 0.26953125 0.01953125 0.0234375 0.0390625
3 0.2828125 0.03046875 0.01953125 0.03984375
10 0.43515625 0.44765625 0.01953125 0.0359375
10 0.3671875 0.43828125 0.02265625 0.040625
9 0.40234375 0.50390625 0.02890625 0.0515625
3 0.39375 0.66328125 0.02109375 0.0390625
3 0.38515625 0.6328125 0.02578125 0.03984375
3 0.63671875 0.496875 0.0234375 0.04296875
3 0.63203125 0.471875 0.01953125 0.03671875
3 0.67265625 0.43359375 0.02421875 0.04296875
3 0.68671875 0.365625 0.01796875 0.03203125
3 0.70234375 0.32578125 0.021875 0.0390625
10 0.66875 0.4015625 0.0234375 0.04453125
3 0.71796875 0.284375 0.02109375 0.04453125
3 0.61328125 0.2265625 0.021875 0.040625
3 0.5875 0.2359375 0.01875 0.03359375
3 0.6109375 0.0875 0.02109375 0.03828125
3 0.5875 0.1359375 0.021875 0.03828125
3 0.58125 0.15546875 0.02265625 0.03671875
3 0.57421875 0.171875 0.021875 0.03671875
3 0.63359375 0.18515625 0.01640625 0.03359375
3 0.6546875 0.1453125 0.02109375 0.0390625
10 0.6734375 0.10703125 0.025 0.04453125
3 0.6296875 0.05859375 0.0203125 0.03671875
3 0.6359375 0.04453125 0.021875 0.03828125
3 0.61953125 0.07421875 0.01875 0.03359375
3 0.71015625 0.034375 0.0203125 0.03984375
3 0.69140625 0.06953125 0.021875 0.040625
0 0.71328125 0.0890625 0.01640625 0.02890625
7 0.634375 0.23671875 0.00546875 0.00625
4 0.6328125 0.2375 0.01015625 0.01796875
7 0.65 0.390625 0.00546875 0.00859375
3 0.159375 0.4734375 0.02265625 0.040625
3 0.1078125 0.50625 0.02421875 0.04140625
3 0.1265625 0.48203125 0.02578125 0.03671875
10 0.19765625 0.653125 0.0234375 0.0453125
3 0.165625 0.603125 0.0234375 0.03984375
3 0.14296875 0.56328125 0.02265625 0.0390625
3 0.17890625 0.56640625 0.021875 0.03671875
6 0.190625 0.60546875 0.00546875 0.00625
6 0.19296875 0.59765625 0.0046875 0.00859375
6 0.1828125 0.60859375 0.00546875 0.00703125
4 0.26875 0.88046875 0.0125 0.0234375
7 0.39765625 0.9171875 0.00546875 0.01015625
3 0.5 0.828125 0.0234375 0.04609375
6 0.54453125 0.68203125 0.00625 0.009375
6 0.56484375 0.66875 0.00625 0.00859375
6 0.5703125 0.67109375 0.00546875 0.00703125
6 0.575 0.659375 0.00546875 0.00703125
6 0.7046875 0.75546875 0.00703125 0.01015625
7 0.590625 0.6390625 0.00390625 0.009375
7 0.57734375 0.628125 0.00703125 0.0109375
7 0.590625 0.58828125 0.0046875 0.00703125
4 0.5890625 0.63671875 0.00859375 0.015625
4 0.57734375 0.6265625 0.00859375 0.015625
4 0.58984375 0.58828125 0.0078125 0.009375
4 0.65703125 0.70625 0.01171875 0.0203125
10 0.715625 0.73515625 0.02734375 0.02421875
6 0.72421875 0.8171875 0.009375 0.01015625
7 0.68203125 0.915625 0.00703125 0.0109375
1 0.68046875 0.9140625 0.0109375 0.01640625