4 0.109375 0.7140625 0.01171875 0.01796875
10 0.209375 0.73984375 0.02734375 0.05
9 0.2140625 0.84765625 0.034375 0.0640625
3 0.31875 0.678125 0.021875 0.03359375
10 0.34453125 0.640625 0.01640625 0.0296875
10 0.27734375 0.53359375 0.01953125 0.02578125
3 0.3015625 0.50546875 0.01640625 0.0203125
10 0.31953125 0.48828125 0.01640625 0.0234375
3 0.33671875 0.46796875 0.01796875 0.025
3 0.3171875 0.3390625 0.01328125 0.01640625
3 0.47109375 0.24921875 0.00859375 0.01171875
10 0.434375 0.17421875 0.00703125 0.0109375
3 0.47734375 0.11171875 0.00546875 0.00859375
0 0.36171875 0.453125 0.01171875 0.01796875
4 0.34921875 0.45078125 0.00703125 0.01171875
4 0.38359375 0.434375 0.00390625 0.01015625
6 0.35703125 0.41796875 0.003125 0.01171875
7 0.38359375 0.43359375 0.00234375 0.00703125
7 0.109375 0.71015625 0.0046875 0.009375
6 0.096875 0.6640625 0.00546875 0.01015625
6 0.10390625 0.65625 0.00546875 0.01328125
6 0.09921875 0.65546875 0.003125 0.01171875
6 0.465625 0.278125 0.00234375 0.00859375
10 0.396875 0.05078125 0.00703125 0.00625
3 0.4203125 0.0515625 0.00546875 0.00546875
3 0.4515625 0.0375 0.00546875 0.00625
3 0.49375 0.08203125 0.00390625 0.00625