6 0.3234375 0.5859375 0.0140625 0.046875
6 0.40703125 0.60859375 0.0109375 0.0390625
6 0.490625 0.65234375 0.0109375 0.040625
6 0.45703125 0.70546875 0.0109375 0.0375
6 0.43046875 0.77734375 0.0109375 0.040625
6 0.46796875 0.790625 0.009375 0.0359375
6 0.21875 0.67578125 0.015625 0.0375
6 0.178125 0.67578125 0.009375 0.021875
6 0.1453125 0.64453125 0.009375 0.025
6 0.071875 0.52890625 0.0171875 0.03125
6 0.0515625 0.5296875 0.0140625 0.0265625
6 0.0203125 0.47109375 0.0203125 0.04375
6 0.01875 0.5046875 0.0171875 0.0265625
6 0.1109375 0.634375 0.0140625 0.0265625
6 0.0671875 0.6140625 0.0171875 0.040625
6 0.06484375 0.6515625 0.0171875 0.0390625
6 0.1359375 0.60625 0.0125 0.028125
6 0.178125 0.62734375 0.0109375 0.025
6 0.2421875 0.7703125 0.0140625 0.0390625
6 0.109375 0.71328125 0.0171875 0.0375
6 0.09921875 0.7109375 0.0171875 0.0375
6 0.090625 0.7 0.0171875 0.0484375
6 0.05234375 0.65234375 0.0203125 0.05
6 0.17265625 0.78984375 0.0140625 0.0359375
6 0.16015625 0.77109375 0.0109375 0.040625
6 0.1421875 0.75703125 0.0171875 0.04375
6 0.23515625 0.7828125 0.00625 0.021875
6 0.21328125 0.7484375 0.0109375 0.0234375
6 0.21015625 0.709375 0.0109375 0.028125
6 0.22421875 0.69921875 0.0140625 0.04375
6 0.1875 0.73515625 0.0203125 0.028125
6 0.20625 0.75546875 0.009375 0.021875