6 0.615625 0.58125 0.0546875 0.0203125
6 0.53515625 0.5328125 0.0328125 0.015625
6 0.43125 0.49140625 0.0265625 0.0140625
6 0.3171875 0.53359375 0.0265625 0.0125
6 0.428125 0.46875 0.0265625 0.0125
6 0.37578125 0.49921875 0.025 0.0140625
6 0.390625 0.52734375 0.0234375 0.0140625
6 0.2984375 0.55859375 0.021875 0.0109375
6 0.3265625 0.58125 0.021875 0.0140625
6 0.2890625 0.6015625 0.025 0.0140625
6 0.29921875 0.57265625 0.021875 0.0109375
6 0.39921875 0.54375 0.028125 0.0171875
6 0.39375 0.5578125 0.0296875 0.0125
6 0.42109375 0.521875 0.0296875 0.01875
6 0.4421875 0.51015625 0.028125 0.009375
6 0.4125 0.565625 0.0421875 0.01875
6 0.41015625 0.559375 0.025 0.0078125
6 0.45703125 0.50546875 0.0296875 0.015625
6 0.74296875 0.94765625 0.040625 0.0234375
6 0.5953125 0.93828125 0.028125 0.0234375
6 0.821875 0.84375 0.0484375 0.0171875
6 0.80390625 0.990625 0.0421875 0.01875
6 0.78046875 0.99609375 0.0421875 0.0078125
6 0.60859375 0.446875 0.03125 0.01875
6 0.56953125 0.4359375 0.028125 0.0203125
6 0.89140625 0.7765625 0.0453125 0.015625
6 0.87578125 0.8953125 0.03125 0.0265625
6 0.27734375 0.53515625 0.0203125 0.0109375
6 0.26640625 0.6359375 0.0125 0.0078125