1 0.85546875 0.96953125 0.0296875 0.015625
7 0.8671875 0.971875 0.034375 0.0109375
3 0.43359375 0.965625 0.1671875 0.06875
3 0.42734375 0.90390625 0.1546875 0.0828125
4 0.34921875 0.82890625 0.0765625 0.034375
4 0.44609375 0.821875 0.0765625 0.0265625
4 0.43359375 0.75546875 0.0703125 0.0234375
1 0.459375 0.6453125 0.0296875 0.0265625
1 0.49140625 0.6390625 0.0375 0.015625
4 0.53125 0.64296875 0.0578125 0.01875
6 0.53828125 0.64296875 0.0328125 0.0140625
1 0.5421875 0.68984375 0.065625 0.0171875
6 0.515625 0.70390625 0.0484375 0.01875
6 0.49765625 0.7375 0.05625 0.015625
6 0.509375 0.71953125 0.0453125 0.01875
6 0.54375 0.70546875 0.034375 0.0125
4 0.54140625 0.7171875 0.0484375 0.0125
4 0.553125 0.73515625 0.0609375 0.0234375
1 0.62421875 0.75 0.04375 0.0140625
7 0.63828125 0.75078125 0.034375 0.0125
3 0.80625 0.7078125 0.0609375 0.0359375
3 0.84296875 0.73203125 0.0515625 0.034375
6 0.79453125 0.67421875 0.034375 0.0125
6 0.98046875 0.67890625 0.025 0.0109375