9 0.27421875 0.23046875 0.00625 0.01484375
9 0.28125 0.25 0.00390625 0.009375
9 0.27890625 0.3484375 0.009375 0.0390625
5 0.453125 0.62890625 0.06328125 0.03671875
9 0.2203125 0.778125 0.02109375 0.08203125
9 0.2015625 0.9484375 0.02421875 0.046875
10 0.23984375 0.66015625 0.01015625 0.0390625
3 0.246875 0.596875 0.01328125 0.03203125
3 0.253125 0.54296875 0.009375 0.02421875
3 0.2203125 0.4984375 0.00859375 0.01796875
3 0.2015625 0.5796875 0.0109375 0.028125
3 0.2015625 0.54921875 0.01328125 0.0265625
10 0.15703125 0.7234375 0.01484375 0.0484375
4 0.15390625 0.75625 0.01171875 0.0203125
4 0.2171875 0.70859375 0.00390625 0.0234375
4 0.2359375 0.578125 0.00390625 0.01875
4 0.228125 0.5640625 0.00625 0.01328125
4 0.25234375 0.503125 0.003125 0.01328125
7 0.25234375 0.49921875 0.00390625 0.009375
7 0.2359375 0.5765625 0.00390625 0.009375
7 0.228125 0.5609375 0.00390625 0.01015625
7 0.2171875 0.70546875 0.0046875 0.0140625
6 0.3625 0.65859375 0.00546875 0.025
5 0.46796875 0.32734375 0.02109375 0.02109375
6 0.32265625 0.340625 0.00234375 0.00703125
6 0.32109375 0.34296875 0.00234375 0.0109375
3 0.21328125 0.49296875 0.00859375 0.02109375
6 0.26171875 0.428125 0.003125 0.00859375
6 0.27890625 0.42734375 0.0015625 0.01015625
6 0.26015625 0.4140625 0.0015625 0.009375
9 0.23984375 0.4296875 0.01796875 0.01484375