3 0.25390625 0.384375 0.03359375 0.040625
3 0.184375 0.39140625 0.03828125 0.0546875
3 0.175 0.29296875 0.03515625 0.0609375
3 0.11953125 0.575 0.04140625 0.06875
3 0.04140625 0.49375 0.04375 0.06484375
3 0.15234375 0.6765625 0.04609375 0.07578125
3 0.3828125 0.5390625 0.0453125 0.0390625
3 0.38359375 0.66640625 0.04609375 0.06484375
3 0.41875 0.57578125 0.03046875 0.05859375
3 0.46171875 0.603125 0.02109375 0.0890625
3 0.46875 0.43984375 0.03046875 0.06640625
3 0.446875 0.41171875 0.03125 0.06953125
3 0.396875 0.32109375 0.03046875 0.0609375
3 0.35625 0.28828125 0.03203125 0.06328125
3 0.51328125 0.4765625 0.03046875 0.0734375
3 0.5375 0.48046875 0.03046875 0.0734375
3 0.58203125 0.5390625 0.03203125 0.08046875
3 0.6109375 0.5515625 0.0296875 0.07421875
3 0.60234375 0.66171875 0.025 0.078125
3 0.63671875 0.584375 0.0328125 0.078125
3 0.234375 0.3359375 0.0390625 0.05078125
10 0.2390625 0.24140625 0.03671875 0.07890625
10 0.2828125 0.2265625 0.0328125 0.05
10 0.20703125 0.18203125 0.0296875 0.06015625
2 0.0703125 0.253125 0.07265625 0.09609375
3 0.021875 0.10390625 0.03359375 0.0453125
3 0.12265625 0.06640625 0.034375 0.05390625
3 0.140625 0.08125 0.0296875 0.0453125
3 0.15546875 0.10625 0.034375 0.05625
3 0.175 0.13515625 0.03203125 0.0515625
3 0.19140625 0.15703125 0.02890625 0.05625
3 0.1078125 0.04140625 0.03828125 0.05625
9 0.08203125 0.03359375 0.0390625 0.0671875
6 0.3625 0.21640625 0.00859375 0.015625
6 0.3640625 0.20546875 0.0078125 0.0140625
6 0.32578125 0.16796875 0.00546875 0.01796875
6 0.42734375 0.30859375 0.00625 0.01796875
6 0.43359375 0.303125 0.00703125 0.01640625
6 0.46640625 0.31953125 0.00546875 0.01796875
6 0.4734375 0.31328125 0.00703125 0.01796875
6 0.6265625 0.46796875 0.0078125 0.0140625
6 0.61953125 0.47109375 0.00859375 0.01328125
4 0.56953125 0.41640625 0.0140625 0.01875
4 0.56875 0.40546875 0.01953125 0.0203125
6 0.20859375 0.51328125 0.00859375 0.01796875
6 0.2 0.515625 0.01015625 0.01640625
6 0.340625 0.6328125 0.00546875 0.01953125
6 0.39140625 0.7171875 0.00390625 0.01171875
6 0.23984375 0.1015625 0.00703125 0.01953125
6 0.23984375 0.11484375 0.0125 0.01875
6 0.23984375 0.1234375 0.009375 0.0203125
6 0.23359375 0.13203125 0.00546875 0.0234375
6 0.0765625 0.08125 0.009375 0.01953125
4 0.05234375 0.06796875 0.0109375 0.01796875
6 0.0359375 0.084375 0.01171875 0.02109375
6 0.0046875 0.12890625 0.00859375 0.01953125
6 0.10546875 0.1765625 0.00859375 0.01953125
6 0.103125 0.21171875 0.01015625 0.021875
6 0.18125 0.09921875 0.00546875 0.01484375
4 0.48203125 0.31875 0.0125 0.0203125
1 0.521875 0.34453125 0.01640625 0.02421875
1 0.6234375 0.43046875 0.0140625 0.01640625
6 0.6515625 0.6140625 0.01171875 0.015625
6 0.64921875 0.603125 0.0109375 0.01484375
10 0.715625 0.64453125 0.02734375 0.078125
3 0.4375 0.71328125 0.04453125 0.03125
6 0.07890625 0.66953125 0.0140625 0.01328125
6 0.08125 0.68125 0.01015625 0.01171875