3 0.21875 0.10625 0.0109375 0.01796875
3 0.30234375 0.02109375 0.00546875 0.0109375
9 0.30546875 0.04921875 0.00859375 0.04453125
3 0.30703125 0.07578125 0.00625 0.01171875
3 0.3078125 0.10234375 0.00703125 0.0140625
3 0.3109375 0.121875 0.00703125 0.01484375
3 0.3078125 0.1421875 0.00703125 0.015625
3 0.31328125 0.1609375 0.00625 0.015625
3 0.3109375 0.1765625 0.00703125 0.01640625
3 0.3171875 0.19609375 0.00703125 0.015625
10 0.31015625 0.21015625 0.00703125 0.0203125
3 0.31953125 0.228125 0.00703125 0.01796875
3 0.31171875 0.24765625 0.00703125 0.02109375
9 0.3125 0.271875 0.00859375 0.034375
3 0.321875 0.25859375 0.00703125 0.01640625
3 0.32265625 0.29375 0.00859375 0.02109375
2 0.31484375 0.3296875 0.01171875 0.0703125
9 0.32734375 0.33984375 0.01171875 0.040625
3 0.31640625 0.39453125 0.00859375 0.028125
3 0.35390625 0.2640625 0.00859375 0.028125
3 0.3359375 0.18671875 0.00703125 0.01796875
3 0.34296875 0.14921875 0.00703125 0.01953125
10 0.3171875 0.43828125 0.01015625 0.0296875
9 0.33125 0.43359375 0.01328125 0.0609375
3 0.31875 0.48203125 0.00859375 0.03359375
3 0.33203125 0.50390625 0.009375 0.03125
3 0.321875 0.5328125 0.0109375 0.034375
3 0.33671875 0.55859375 0.01015625 0.034375
3 0.325 0.64296875 0.0109375 0.0390625
10 0.34140625 0.671875 0.01171875 0.04296875
3 0.328125 0.71171875 0.01171875 0.03359375
3 0.35078125 0.36640625 0.009375 0.03046875
3 0.33125 0.128125 0.00703125 0.01875
9 0.3359375 0.065625 0.01015625 0.0359375