0 0.24140625 0.74375 0.02265625 0.0234375
3 0.35859375 0.78671875 0.03515625 0.05703125
3 0.37109375 0.746875 0.034375 0.059375
9 0.38984375 0.6765625 0.03203125 0.06328125
9 0.41015625 0.6359375 0.03828125 0.09375
4 0.2515625 0.6515625 0.01171875 0.0109375
7 0.43046875 0.55078125 0.0046875 0.01328125
7 0.42890625 0.54765625 0.00390625 0.01171875
4 0.4296875 0.5515625 0.009375 0.0234375
7 0.58359375 0.79921875 0.00546875 0.0140625
4 0.58203125 0.80078125 0.0125 0.0203125
3 0.553125 0.71796875 0.03515625 0.05703125
9 0.53046875 0.6203125 0.03515625 0.0515625
9 0.48203125 0.54375 0.03828125 0.06015625
6 0.36015625 0.49609375 0.00390625 0.0140625
9 0.428125 0.396875 0.01484375 0.034375
9 0.39609375 0.35078125 0.01328125 0.04375
4 0.2375 0.3265625 0.00546875 0.01875
4 0.334375 0.27890625 0.01015625 0.0140625
4 0.334375 0.2640625 0.0109375 0.0140625
3 0.3546875 0.26328125 0.01484375 0.040625
4 0.31015625 0.23984375 0.00546875 0.0203125
4 0.375 0.159375 0.00703125 0.01875
4 0.37265625 0.12265625 0.009375 0.0140625
3 0.384375 0.12421875 0.01328125 0.03203125
4 0.4609375 0.0515625 0.00390625 0.01640625