6 0.121875 0.17265625 0.003125 0.00859375
3 0.01015625 0.53515625 0.0125 0.03359375
3 0.02421875 0.53203125 0.01328125 0.034375
3 0.04453125 0.52890625 0.01328125 0.03203125
3 0.07109375 0.528125 0.01171875 0.034375
3 0.090625 0.52578125 0.01171875 0.03515625
3 0.10390625 0.52578125 0.01171875 0.0359375
3 0.1171875 0.52109375 0.01015625 0.02578125
3 0.0078125 0.603125 0.0140625 0.03359375
3 0.04453125 0.59921875 0.01171875 0.03125
3 0.05703125 0.6 0.0140625 0.03515625
3 0.08125 0.5953125 0.0125 0.03359375
3 0.09296875 0.59453125 0.0125 0.034375
3 0.1046875 0.596875 0.01171875 0.034375
3 0.01796875 0.69140625 0.01328125 0.034375
4 0.075 0.77578125 0.00859375 0.00546875
7 0.07578125 0.77578125 0.00390625 0.0046875
6 0.0046875 0.8609375 0.00703125 0.0046875
6 0.0109375 0.86875 0.00546875 0.0046875
3 0.00859375 0.88828125 0.0171875 0.0203125
3 0.034375 0.88359375 0.02109375 0.01796875
3 0.0625 0.88046875 0.02421875 0.01875
3 0.0921875 0.87890625 0.0265625 0.01953125
3 0.146875 0.871875 0.02109375 0.01796875
3 0.17421875 0.86875 0.021875 0.01953125
3 0.2015625 0.865625 0.0234375 0.01640625
3 0.25546875 0.8609375 0.02265625 0.01875
3 0.2859375 0.85625 0.01875 0.01640625
3 0.3 0.96328125 0.01015625 0.01875
3 0.34296875 0.8515625 0.01953125 0.01796875
3 0.37265625 0.8484375 0.02109375 0.01796875
3 0.396875 0.84765625 0.01953125 0.01953125
3 0.42265625 0.84453125 0.02265625 0.01796875
3 0.45 0.84296875 0.0171875 0.01640625
3 0.4765625 0.8390625 0.02734375 0.02109375
3 0.50390625 0.83671875 0.02109375 0.01796875
3 0.52890625 0.83359375 0.02109375 0.0203125
3 0.55390625 0.83125 0.02109375 0.01484375
3 0.50234375 0.94296875 0.01171875 0.03046875
3 0.48125 0.95625 0.01171875 0.03125
1 0.59140625 0.92890625 0.00625 0.01015625
3 0.58125 0.82734375 0.0203125 0.01796875
3 0.6765625 0.9328125 0.02421875 0.01953125
3 0.6984375 0.91484375 0.0140625 0.04296875
3 0.7171875 0.9265625 0.02421875 0.0203125
3 0.7203125 0.94921875 0.01796875 0.01875
6 0.546875 0.7359375 0.0046875 0.00625
7 0.63984375 0.75 0.00390625 0.00546875
4 0.6390625 0.75078125 0.01015625 0.00625
7 0.66875 0.71953125 0.00390625 0.00546875
1 0.6671875 0.71953125 0.00703125 0.00546875
7 0.22578125 0.778125 0.003125 0.00546875
4 0.22578125 0.77890625 0.0078125 0.00546875
6 0.31171875 0.415625 0.00234375 0.00625
7 0.31015625 0.41171875 0.00234375 0.00625
4 0.31015625 0.41171875 0.00625 0.00546875
6 0.31171875 0.39140625 0.00234375 0.0046875
6 0.31171875 0.3953125 0.003125 0.00390625
6 0.2515625 0.22421875 0.00234375 0.00859375
3 0.128125 0.521875 0.0109375 0.034375
3 0.20625 0.58828125 0.01015625 0.03203125
3 0.22109375 0.5890625 0.00859375 0.03515625
3 0.25703125 0.584375 0.009375 0.0359375
3 0.2046875 0.51796875 0.009375 0.03125
10 0.2171875 0.51171875 0.01015625 0.0296875
3 0.2296875 0.5109375 0.00859375 0.03046875
3 0.24375 0.5109375 0.00859375 0.03125
3 0.27890625 0.58359375 0.009375 0.03046875
3 0.29140625 0.58125 0.00859375 0.03046875
10 0.303125 0.578125 0.01171875 0.040625
3 0.3140625 0.5734375 0.0078125 0.03046875
3 0.328125 0.578125 0.00859375 0.03515625
3 0.359375 0.56875 0.00859375 0.03125
10 0.375 0.503125 0.00859375 0.03671875
3 0.36484375 0.50625 0.00859375 0.03203125
3 0.33203125 0.50625 0.0078125 0.03203125
3 0.30703125 0.50859375 0.00859375 0.03125
6 0.61640625 0.23203125 0.00390625 0.00859375
6 0.5203125 0.13359375 0.00234375 0.0046875
6 0.54375 0.17734375 0.00234375 0.00859375
6 0.5453125 0.1796875 0.003125 0.00546875
4 0.5109375 0.178125 0.00390625 0.00546875
4 0.5140625 0.18203125 0.00390625 0.00625
4 0.51640625 0.18515625 0.00390625 0.00546875
4 0.51796875 0.18828125 0.00390625 0.00546875
6 0.55859375 0.15390625 0.003125 0.00859375
6 0.6875 0.2234375 0.00546875 0.00703125
3 0.721875 0.065625 0.01328125 0.0203125
3 0.70078125 0.059375 0.01171875 0.02109375
3 0.68828125 0.05234375 0.009375 0.01953125
3 0.6796875 0.04921875 0.00859375 0.01875
3 0.66875 0.03984375 0.0078125 0.01875
3 0.6609375 0.04140625 0.009375 0.02109375
6 0.4296875 0.37421875 0.00234375 0.00625