3 0.3859375 0.0078125 0.021875 0.015625
3 0.37109375 0.02421875 0.021875 0.015625
3 0.365625 0.04296875 0.0265625 0.0203125
3 0.3515625 0.06796875 0.0265625 0.0203125
3 0.3015625 0.12421875 0.0265625 0.0171875
3 0.30546875 0.14296875 0.025 0.0140625
4 0.30078125 0.153125 0.009375 0.00625
4 0.290625 0.15703125 0.009375 0.00625
3 0.2921875 0.165625 0.0265625 0.015625
3 0.2796875 0.18359375 0.0234375 0.0140625
3 0.275 0.190625 0.0234375 0.0140625
3 0.26640625 0.20703125 0.025 0.0140625
3 0.2625 0.215625 0.0234375 0.0140625
3 0.2546875 0.22109375 0.0234375 0.0140625
3 0.253125 0.228125 0.025 0.0140625
3 0.390625 0.21328125 0.021875 0.0125
3 0.45703125 0.2484375 0.0296875 0.01875
3 0.45 0.265625 0.0296875 0.01875
3 0.43203125 0.2953125 0.0265625 0.015625
3 0.478125 0.221875 0.0296875 0.01875
3 0.421875 0.31171875 0.0296875 0.0171875
3 0.42578125 0.34296875 0.021875 0.0234375
3 0.49140625 0.35234375 0.0265625 0.021875
3 0.44453125 0.3625 0.0203125 0.0203125
3 0.253125 0.26328125 0.0171875 0.01875
10 0.09296875 0.24375 0.0328125 0.0203125
6 0.1125 0.2796875 0.009375 0.00625
3 0.1859375 0.290625 0.0265625 0.015625
3 0.27265625 0.34140625 0.028125 0.01875
3 0.321875 0.34375 0.025 0.0171875
3 0.3484375 0.35703125 0.028125 0.01875
3 0.375 0.37109375 0.021875 0.015625
9 0.40078125 0.3859375 0.0421875 0.0265625
3 0.4359375 0.403125 0.0234375 0.0140625
3 0.465625 0.41796875 0.0296875 0.01875
3 0.4953125 0.4328125 0.03125 0.01875
3 0.5296875 0.45078125 0.03125 0.01875
3 0.6625 0.46171875 0.0359375 0.0203125
3 0.66953125 0.45234375 0.0328125 0.0203125
3 0.675 0.44296875 0.0359375 0.021875
3 0.69375 0.4859375 0.021875 0.0265625
3 0.7203125 0.49140625 0.0390625 0.021875
3 0.7296875 0.4828125 0.0390625 0.025
3 0.73125 0.47265625 0.0359375 0.0203125
3 0.778125 0.31484375 0.0359375 0.0203125
3 0.70078125 0.2890625 0.03125 0.01875
3 0.69453125 0.31640625 0.03125 0.025
3 0.734375 0.33359375 0.021875 0.0234375
3 0.75234375 0.340625 0.025 0.025
3 0.72421875 0.3484375 0.0359375 0.0203125
3 0.721875 0.35625 0.0296875 0.01875
3 0.71640625 0.365625 0.0359375 0.0203125
7 0.7234375 0.37734375 0.00625 0.0046875
4 0.72265625 0.378125 0.009375 0.00625
10 0.7 0.384375 0.0359375 0.0203125
3 0.69765625 0.39453125 0.034375 0.0203125
10 0.88671875 0.52265625 0.0390625 0.0234375
3 0.9828125 0.534375 0.0203125 0.015625
3 0.990625 0.5109375 0.01875 0.015625
3 0.95078125 0.45703125 0.040625 0.0234375
3 0.978125 0.43125 0.040625 0.0234375
3 0.984375 0.421875 0.03125 0.021875
3 0.9859375 0.4109375 0.028125 0.021875
3 0.9921875 0.38984375 0.015625 0.0203125
3 0.71796875 0.25859375 0.0328125 0.0203125
4 0.72109375 0.2421875 0.009375 0.00625
3 0.7328125 0.2375 0.0359375 0.0203125
3 0.73984375 0.22890625 0.0328125 0.0203125
3 0.740625 0.2109375 0.0328125 0.0203125
3 0.7609375 0.19921875 0.0359375 0.0203125
3 0.76875 0.190625 0.0359375 0.0203125
3 0.77578125 0.1828125 0.0359375 0.021875
0 0.76484375 0.15703125 0.0234375 0.0171875
3 0.6046875 0.0265625 0.0328125 0.021875
3 0.5953125 0.0359375 0.034375 0.0234375
3 0.58828125 0.04453125 0.03125 0.0203125
3 0.584375 0.0546875 0.0296875 0.01875
3 0.5703125 0.06875 0.0296875 0.01875
3 0.56640625 0.07890625 0.0296875 0.01875
3 0.5609375 0.0859375 0.03125 0.01875
3 0.55703125 0.0921875 0.0234375 0.0171875
3 0.55234375 0.10078125 0.0296875 0.01875
10 0.54140625 0.115625 0.0296875 0.01875
10 0.53984375 0.1265625 0.0265625 0.0171875
3 0.53203125 0.13359375 0.028125 0.01875
6 0.521875 0.10078125 0.00625 0.0046875
6 0.54453125 0.10859375 0.009375 0.00625
3 0.51015625 0.16484375 0.0296875 0.01875
4 0.49140625 0.21015625 0.009375 0.00625
4 0.48203125 0.20703125 0.009375 0.00625
10 0.4921875 0.19609375 0.028125 0.01875
4 0.7984375 0.11640625 0.0125 0.0078125
3 0.75546875 0.58359375 0.0421875 0.0265625
3 0.64765625 0.55 0.0390625 0.0234375
7 0.57109375 0.521875 0.00625 0.0046875
4 0.57109375 0.521875 0.0109375 0.00625
3 0.0890625 0.34375 0.0171875 0.0171875
3 0.13203125 0.36953125 0.0171875 0.01875
6 0.12890625 0.38046875 0.009375 0.00625
3 0.1015625 0.38984375 0.0203125 0.0203125
3 0.08828125 0.38203125 0.0171875 0.01875
10 0.07734375 0.37578125 0.015625 0.015625
3 0.071875 0.3609375 0.01875 0.0203125
3 0.15234375 0.3796875 0.0203125 0.01875
3 0.1625 0.38828125 0.01875 0.0203125
10 0.171875 0.3953125 0.028125 0.0265625
3 0.184375 0.4015625 0.0171875 0.01875
3 0.1984375 0.409375 0.0171875 0.01875
3 0.22890625 0.4296875 0.0203125 0.021875
10 0.22890625 0.46875 0.025 0.025
3 0.21953125 0.4609375 0.0203125 0.021875
3 0.18515625 0.4421875 0.0203125 0.0203125
3 0.1609375 0.425 0.01875 0.0203125
3 0.1140625 0.440625 0.021875 0.015625
6 0.29609375 0.55546875 0.0078125 0.00625
6 0.259375 0.571875 0.009375 0.00625
6 0.23515625 0.54140625 0.009375 0.00625