7 0.0015625 0.01484375 0.00234375 0.01328125
6 0.01484375 0.06484375 0.00546875 0.01328125
6 0.02265625 0.06796875 0.00625 0.01484375
7 0.01953125 0.03671875 0.003125 0.01015625
7 0.025 0.01875 0.00390625 0.0109375
7 0.03046875 0.01640625 0.00390625 0.01015625
7 0.03046875 0.02109375 0.00390625 0.009375
7 0.0171875 0.01796875 0.00390625 0.01171875
7 0.01171875 0.0234375 0.00546875 0.01171875
7 0.01953125 0.02109375 0.00390625 0.01015625
4 0.0671875 0.14453125 0.00859375 0.01875
4 0.0015625 0.2125 0.003125 0.01796875
4 0.0359375 0.18671875 0.0140625 0.01640625
4 0.05 0.1890625 0.0140625 0.015625
4 0.03046875 0.20078125 0.01484375 0.02109375
10 0.0375 0.2140625 0.03515625 0.04296875
10 0.0453125 0.2265625 0.0359375 0.040625
3 0.0484375 0.24453125 0.03203125 0.0359375
3 0.04609375 0.28359375 0.01953125 0.0390625
3 0.08359375 0.25703125 0.03046875 0.02890625
3 0.07890625 0.2765625 0.034375 0.034375
10 0.059375 0.32109375 0.01796875 0.04140625
4 0.0875 0.2375 0.0171875 0.015625
4 0.0890625 0.22890625 0.01640625 0.01796875
3 0.05 0.42734375 0.02421875 0.05859375
4 0.00546875 0.59609375 0.0109375 0.03515625
4 0.003125 0.6234375 0.00625 0.03515625
4 0.009375 0.53828125 0.01875 0.0265625
4 0.009375 0.5203125 0.01875 0.0296875
4 0.00703125 0.50078125 0.0140625 0.0234375
6 0.1203125 0.06171875 0.00234375 0.01015625
6 0.1390625 0.1578125 0.00390625 0.015625
6 0.16015625 0.20546875 0.0046875 0.01484375
6 0.16796875 0.23125 0.00390625 0.015625
6 0.1921875 0.40078125 0.00546875 0.01796875
6 0.209375 0.415625 0.0046875 0.01875
6 0.20234375 0.48125 0.00546875 0.01484375
6 0.13828125 0.58203125 0.00703125 0.0234375
3 0.4125 0.53828125 0.0265625 0.06484375
10 0.39453125 0.4140625 0.01875 0.05
10 0.3859375 0.353125 0.01484375 0.046875
10 0.3765625 0.28125 0.01640625 0.0515625
10 0.36171875 0.2265625 0.01796875 0.04453125
10 0.30859375 0.11328125 0.02578125 0.0265625
3 0.340625 0.1890625 0.01640625 0.03671875
6 0.34609375 0.1171875 0.00234375 0.0140625
6 0.3484375 0.11640625 0.003125 0.01796875
9 0.28828125 0.0765625 0.0234375 0.04921875
9 0.2671875 0.03203125 0.0234375 0.0484375