3 0.1625 0.965625 0.153125 0.06875
6 0.2421875 0.98984375 0.03125 0.0203125
6 0.0921875 0.8171875 0.0359375 0.0484375
6 0.1015625 0.77265625 0.0359375 0.0546875
4 0.1796875 0.903125 0.0515625 0.0484375
1 0.14453125 0.88046875 0.05 0.0390625
3 0.178125 0.69765625 0.1171875 0.1125
3 0.18828125 0.62421875 0.0921875 0.0890625
3 0.196875 0.55546875 0.096875 0.090625
3 0.19921875 0.503125 0.09375 0.08125
4 0.12109375 0.4734375 0.03125 0.0484375
6 0.0859375 0.35234375 0.0171875 0.0390625
6 0.06796875 0.37578125 0.021875 0.0421875
3 0.5625 0.9125 0.075 0.1203125
3 0.42421875 0.9109375 0.08125 0.178125
6 0.4984375 0.88515625 0.028125 0.053125
3 0.70390625 0.4328125 0.053125 0.1109375
3 0.66015625 0.325 0.0671875 0.0921875
3 0.61484375 0.246875 0.05625 0.0859375
3 0.6703125 0.27890625 0.05 0.0859375
3 0.55859375 0.08203125 0.0375 0.0515625
3 0.49921875 0.140625 0.0375 0.05625
3 0.44375 0.10390625 0.03125 0.0484375
3 0.43046875 0.28046875 0.0484375 0.0921875
6 0.63046875 0.2 0.021875 0.0421875
6 0.63671875 0.1625 0.0203125 0.0375
6 0.52421875 0.04609375 0.0125 0.03125
6 0.51953125 0.04453125 0.015625 0.0328125
7 0.49296875 0.0390625 0.0171875 0.0296875
4 0.4953125 0.0453125 0.015625 0.0328125
10 0.38359375 0.17890625 0.0359375 0.075
3 0.33828125 0.23046875 0.0375 0.06875
3 0.346875 0.2984375 0.0453125 0.0890625
3 0.35703125 0.39140625 0.0515625 0.1046875
3 0.3734375 0.50859375 0.06875 0.1453125
3 0.39609375 0.66640625 0.0765625 0.165625
6 0.31015625 0.47109375 0.021875 0.0453125
7 0.38828125 0.36875 0.0171875 0.0359375
1 0.38984375 0.38046875 0.0171875 0.04375
7 0.34921875 0.03671875 0.009375 0.0203125
4 0.35078125 0.04453125 0.0125 0.03125
0 0.215625 0.30625 0.0390625 0.034375
1 0.146875 0.3328125 0.028125 0.0328125
1 0.1484375 0.32578125 0.0265625 0.03125
1 0.16171875 0.31640625 0.0265625 0.0296875
1 0.19765625 0.29296875 0.0234375 0.0296875
1 0.20859375 0.2875 0.0265625 0.0328125
1 0.22734375 0.28515625 0.0265625 0.0296875
7 0.246875 0.2890625 0.0140625 0.0265625
1 0.15078125 0.30390625 0.0296875 0.028125
1 0.17109375 0.28828125 0.0265625 0.0296875
1 0.17578125 0.29921875 0.021875 0.0234375