3 0.73125 0.35859375 0.096875 0.1515625
3 0.56953125 0.04765625 0.1015625 0.0953125
6 0.8328125 0.27890625 0.03125 0.0421875
1 0.890625 0.7 0.03125 0.0328125
3 0.84296875 0.66796875 0.08125 0.1109375
3 0.98984375 0.8078125 0.0203125 0.0625
10 0.89453125 0.77578125 0.084375 0.0875
3 0.890625 0.86171875 0.0640625 0.0546875
3 0.89296875 0.83671875 0.06875 0.065625
3 0.89140625 0.8046875 0.075 0.0703125
3 0.84140625 0.84140625 0.075 0.1
7 0.81328125 0.79140625 0.021875 0.0328125
1 0.8078125 0.778125 0.0234375 0.0359375
7 0.69140625 0.775 0.0203125 0.0328125
7 0.69296875 0.6953125 0.0171875 0.0296875
1 0.6875 0.76484375 0.0234375 0.0390625
4 0.68984375 0.69140625 0.0265625 0.0453125
8 0.653125 0.9375 0.0234375 0.0359375
0 0.665625 0.84921875 0.0484375 0.0671875
3 0.659375 0.7828125 0.065625 0.0953125
6 0.6171875 0.83984375 0.0265625 0.0453125
3 0.6140625 0.54140625 0.090625 0.1328125
3 0.57109375 0.23046875 0.1140625 0.1578125
4 0.478125 0.35859375 0.034375 0.053125
1 0.4765625 0.32421875 0.0328125 0.05
3 0.50625 0.05 0.0875 0.1
0 0.8640625 0.2234375 0.103125 0.128125