7 0.98671875 0.20703125 0.025 0.03125
7 0.65703125 0.09140625 0.0296875 0.04375
7 0.628125 0.29140625 0.021875 0.0375
7 0.5578125 0.3921875 0.0171875 0.03125
7 0.43984375 0.6421875 0.015625 0.0265625
7 0.4515625 0.51875 0.015625 0.028125
6 0.37890625 0.78828125 0.0140625 0.028125
6 0.3859375 0.79375 0.0109375 0.025
6 0.41796875 0.62265625 0.0171875 0.03125
7 0.3296875 0.875 0.0109375 0.0203125
7 0.33515625 0.8375 0.0125 0.0203125
3 0.2921875 0.915625 0.025 0.0375
8 0.2703125 0.86875 0.015625 0.0265625
0 0.334375 0.8390625 0.025 0.0421875
1 0.33046875 0.871875 0.009375 0.015625
0 0.371875 0.80546875 0.025 0.040625
3 0.4578125 0.74140625 0.0484375 0.0453125
3 0.39375 0.5703125 0.0453125 0.0703125
3 0.4078125 0.49296875 0.05 0.084375
8 0.45703125 0.51171875 0.0296875 0.046875
4 0.50859375 0.54453125 0.021875 0.0296875
4 0.5703125 0.53359375 0.0234375 0.0328125
4 0.615625 0.5171875 0.0265625 0.0296875
4 0.61953125 0.40234375 0.0265625 0.0359375
4 0.56015625 0.38828125 0.0203125 0.0421875
0 0.56640625 0.440625 0.04375 0.0734375
6 0.5984375 0.534375 0.0171875 0.0328125
6 0.4328125 0.27890625 0.0203125 0.0390625
6 0.42734375 0.303125 0.0171875 0.0328125
6 0.43984375 0.29296875 0.0171875 0.0359375
6 0.434375 0.30546875 0.0171875 0.0359375
8 0.6234375 0.2921875 0.0453125 0.0703125
4 0.65625 0.09453125 0.0375 0.0546875
4 0.6890625 0.3703125 0.0296875 0.0421875
1 0.32734375 0.15 0.0390625 0.0390625
4 0.37890625 0.28125 0.0296875 0.03125
4 0.3375 0.4671875 0.021875 0.028125
4 0.32578125 0.51875 0.0234375 0.025
8 0.303125 0.540625 0.03125 0.0296875
4 0.32265625 0.54921875 0.0203125 0.025
6 0.30546875 0.5640625 0.0171875 0.0328125
6 0.309375 0.57109375 0.0140625 0.0296875
6 0.31171875 0.58515625 0.0140625 0.0265625
6 0.2953125 0.58671875 0.0140625 0.03125
4 0.28984375 0.60234375 0.0171875 0.021875
4 0.28828125 0.60859375 0.01875 0.021875
4 0.28515625 0.6375 0.0203125 0.021875
7 0.27890625 0.63984375 0.0125 0.025
4 0.27109375 0.66171875 0.0234375 0.025
4 0.2765625 0.6765625 0.0203125 0.021875
6 0.2765625 0.68203125 0.0125 0.025
3 0.33515625 0.6546875 0.0265625 0.0421875
4 0.28125 0.7359375 0.0171875 0.0296875
4 0.253125 0.71953125 0.01875 0.025
4 0.259375 0.72578125 0.0171875 0.021875
3 0.27265625 0.76171875 0.046875 0.040625
4 0.240625 0.76171875 0.0203125 0.025
4 0.23984375 0.76484375 0.0203125 0.021875
4 0.22578125 0.83203125 0.0171875 0.021875
1 0.221875 0.84375 0.015625 0.015625
6 0.21484375 0.825 0.0109375 0.0234375
4 0.21640625 0.8546875 0.015625 0.015625