7 0.02578125 0.67265625 0.03125 0.0203125
6 0.10390625 0.66796875 0.0640625 0.0328125
6 0.10390625 0.6390625 0.0796875 0.0265625
7 0.1484375 0.753125 0.084375 0.04375
0 0.1609375 0.746875 0.203125 0.06875
6 0.20703125 0.93203125 0.075 0.0421875
4 0.2515625 0.9609375 0.065625 0.078125
6 0.30625 0.85078125 0.09375 0.05
6 0.403125 0.87265625 0.078125 0.0359375
6 0.37109375 0.88828125 0.0515625 0.0328125
6 0.37578125 0.90546875 0.084375 0.046875
6 0.34453125 0.9109375 0.09375 0.05
6 0.36640625 0.94609375 0.0921875 0.05625
6 0.3453125 0.99140625 0.046875 0.0171875
6 0.33046875 0.98984375 0.0796875 0.0203125
1 0.38828125 0.86015625 0.0859375 0.034375
4 0.28359375 0.57734375 0.1171875 0.0328125
4 0.5390625 0.7625 0.071875 0.0578125
4 0.59609375 0.68671875 0.06875 0.0453125
4 0.59453125 0.73671875 0.0625 0.0546875
6 0.6046875 0.79296875 0.0796875 0.0328125
6 0.4953125 0.54765625 0.0875 0.03125
6 0.48203125 0.51328125 0.0765625 0.0234375
6 0.4875 0.47890625 0.0765625 0.025
6 0.5203125 0.47109375 0.0609375 0.0203125
6 0.56796875 0.3875 0.08125 0.03125
7 0.6046875 0.6921875 0.0765625 0.0296875
7 0.60859375 0.74140625 0.0609375 0.0328125
6 0.75 0.97265625 0.0671875 0.0265625
6 0.71796875 0.94375 0.0671875 0.0296875
6 0.74921875 0.9421875 0.071875 0.04375
6 0.765625 0.91484375 0.0765625 0.03125
1 0.771875 0.97578125 0.05 0.015625
10 0.971875 0.95234375 0.05625 0.0359375
10 0.9796875 0.85234375 0.040625 0.0828125
7 0.75390625 0.83046875 0.078125 0.0328125
6 0.71640625 0.7765625 0.0890625 0.03125
6 0.76796875 0.80078125 0.0765625 0.0296875
6 0.79609375 0.7796875 0.0875 0.03125
6 0.84375 0.73828125 0.0765625 0.0265625
6 0.87578125 0.71015625 0.0703125 0.025
6 0.9765625 0.69140625 0.046875 0.0203125
3 0.959375 0.65 0.08125 0.059375
6 0.6484375 0.696875 0.0703125 0.021875
6 0.67890625 0.684375 0.0890625 0.025
3 0.78125 0.696875 0.1609375 0.0734375
7 0.75625 0.659375 0.075 0.03125
4 0.7484375 0.65859375 0.078125 0.0296875
6 0.97578125 0.61796875 0.0484375 0.0171875
1 0.984375 0.6 0.03125 0.0125
6 0.97109375 0.58359375 0.0578125 0.0203125
7 0.8484375 0.603125 0.065625 0.01875
6 0.93125 0.58984375 0.0765625 0.0234375
6 0.86171875 0.56640625 0.08125 0.0265625
6 0.81640625 0.5546875 0.075 0.0140625
6 0.70234375 0.6171875 0.0859375 0.0234375
3 0.96796875 0.53984375 0.0640625 0.0578125
4 0.6515625 0.525 0.0484375 0.04375
7 0.6609375 0.52421875 0.0828125 0.028125
7 0.7796875 0.52109375 0.0546875 0.01875
6 0.8515625 0.5 0.0609375 0.0203125
6 0.86796875 0.4921875 0.0640625 0.0203125
6 0.94296875 0.54375 0.08125 0.01875
6 0.95625 0.528125 0.075 0.0171875
6 0.96484375 0.51953125 0.040625 0.009375
6 0.9359375 0.51796875 0.053125 0.015625
6 0.9421875 0.509375 0.059375 0.015625
6 0.96328125 0.5078125 0.0453125 0.0125
7 0.95078125 0.49453125 0.0203125 0.0078125
6 0.97265625 0.48828125 0.0546875 0.0171875
4 0.89765625 0.36015625 0.0546875 0.01875
4 0.94609375 0.353125 0.0546875 0.01875
4 0.94921875 0.33984375 0.0609375 0.0203125
3 0.88671875 0.33125 0.08125 0.0515625
10 0.81484375 0.23046875 0.0828125 0.1078125
10 0.86484375 0.2390625 0.0875 0.1078125
6 0.95078125 0.27421875 0.0640625 0.021875
6 0.9640625 0.27734375 0.0453125 0.0203125
6 0.9515625 0.2625 0.0671875 0.0234375
6 0.953125 0.25234375 0.0609375 0.0234375
6 0.6765625 0.3265625 0.0453125 0.025
6 0.62578125 0.2875 0.075 0.034375
6 0.44921875 0.2578125 0.0734375 0.0359375
6 0.48515625 0.246875 0.0546875 0.025
7 0.47265625 0.22890625 0.0546875 0.021875
6 0.684375 0.2296875 0.0390625 0.01875
6 0.6265625 0.009375 0.05625 0.01875
6 0.62421875 0.165625 0.0734375 0.0390625
6 0.5109375 0.1640625 0.075 0.0453125
6 0.47265625 0.1640625 0.0796875 0.0453125
6 0.4453125 0.16171875 0.071875 0.0421875
6 0.409375 0.11953125 0.0578125 0.0375
6 0.4671875 0.0453125 0.075 0.0453125
6 0.20625 0.54765625 0.0765625 0.01875
7 0.58203125 0.19375 0.0796875 0.0328125
7 0.46328125 0.075 0.0203125 0.028125
4 0.57890625 0.2 0.059375 0.0578125
4 0.4125 0.09296875 0.065625 0.0671875