3 0.3484375 0.41484375 0.0203125 0.0609375
3 0.4140625 0.34453125 0.0203125 0.0484375
3 0.44453125 0.33125 0.0234375 0.0484375
3 0.4546875 0.271875 0.0328125 0.0296875
3 0.3296875 0.32421875 0.021875 0.0453125
3 0.30625 0.309375 0.0328125 0.0296875
3 0.321875 0.25234375 0.0328125 0.0390625
3 0.325 0.20859375 0.03125 0.0390625
3 0.3265625 0.175 0.0265625 0.0234375
3 0.32578125 0.1375 0.0125 0.034375
3 0.4046875 0.09765625 0.0125 0.03125
3 0.28515625 0.50703125 0.0390625 0.0375
3 0.22265625 0.4796875 0.0234375 0.0609375
3 0.253125 0.4265625 0.0234375 0.05625
3 0.17265625 0.5359375 0.0421875 0.0375
3 0.1859375 0.47890625 0.04375 0.040625
3 0.15625 0.4109375 0.0265625 0.053125
3 0.2359375 0.33515625 0.0359375 0.028125
3 0.16484375 0.32265625 0.0390625 0.03125
3 0.19140625 0.21953125 0.03125 0.028125
10 0.2875 0.440625 0.0359375 0.028125
10 0.27734375 0.32421875 0.0171875 0.0515625
10 0.2671875 0.15234375 0.0265625 0.028125
10 0.29921875 0.0171875 0.0203125 0.0203125
6 0.26796875 0.0265625 0.0046875 0.0140625
6 0.26796875 0.04765625 0.00625 0.015625
6 0.28046875 0.00390625 0.0046875 0.0078125
6 0.28359375 0.0015625 0.0046875 0.003125
6 0.2453125 0.1078125 0.0046875 0.0109375
6 0.25078125 0.1046875 0.0046875 0.0109375
6 0.25390625 0.10546875 0.0046875 0.015625
6 0.22578125 0.159375 0.0046875 0.015625
6 0.21953125 0.18515625 0.0078125 0.01875
6 0.2140625 0.18125 0.0046875 0.015625
6 0.19609375 0.13984375 0.0078125 0.015625
6 0.1890625 0.1484375 0.0046875 0.015625
4 0.22890625 0.12421875 0.0078125 0.015625
4 0.24921875 0.07109375 0.0078125 0.015625
4 0.2359375 0.0921875 0.0078125 0.015625
4 0.33359375 0.065625 0.0109375 0.015625
4 0.33125 0.0875 0.0109375 0.0109375
4 0.3515625 0.09140625 0.0078125 0.0203125
4 0.34765625 0.07421875 0.0109375 0.01875
6 0.3390625 0.09765625 0.00625 0.015625
6 0.3453125 0.09453125 0.0046875 0.0140625
6 0.33828125 0.0796875 0.0046875 0.01875
6 0.3421875 0.0828125 0.0046875 0.01875
6 0.3359375 0.0921875 0.00625 0.0140625
7 0.35078125 0.0921875 0.00625 0.0125
6 0.4359375 0.11484375 0.0046875 0.01875
6 0.4390625 0.1140625 0.0046875 0.01875
6 0.44296875 0.11328125 0.0046875 0.021875
6 0.27734375 0.36875 0.0046875 0.015625
6 0.27734375 0.37421875 0.0046875 0.015625
6 0.14921875 0.475 0.0078125 0.0203125
6 0.1109375 0.4203125 0.0078125 0.015625
6 0.13671875 0.3359375 0.009375 0.01875
4 0.084375 0.55 0.0078125 0.0234375
4 0.07265625 0.540625 0.0125 0.034375
6 0.1453125 0.57734375 0.0109375 0.01875
6 0.0921875 0.60390625 0.009375 0.021875
3 0.053125 0.66875 0.034375 0.04375
3 0.140625 0.690625 0.0453125 0.01875
3 0.253125 0.69765625 0.0453125 0.021875
4 0.178125 0.29375 0.0140625 0.0171875
10 0.2453125 0.2859375 0.0328125 0.03125
3 0.24765625 0.265625 0.0328125 0.0265625
3 0.253125 0.246875 0.0265625 0.0234375
3 0.25703125 0.22265625 0.03125 0.03125
3 0.25703125 0.203125 0.0328125 0.028125
3 0.2609375 0.18671875 0.028125 0.0234375
3 0.26484375 0.17109375 0.0265625 0.0265625
3 0.26875 0.12734375 0.0265625 0.0203125
3 0.28203125 0.11640625 0.0234375 0.0234375
3 0.28125 0.09140625 0.0171875 0.0203125
3 0.284375 0.07890625 0.0265625 0.0234375
3 0.28828125 0.065625 0.0234375 0.021875
3 0.29765625 0.0421875 0.0234375 0.0234375
3 0.296875 0.03125 0.0265625 0.0203125
3 0.325 0.0171875 0.01875 0.0328125
3 0.29765625 0.0109375 0.0234375 0.0203125
3 0.30078125 0.00390625 0.0234375 0.0078125
3 0.35234375 0.00546875 0.0234375 0.0109375
3 0.46015625 0.20859375 0.0359375 0.03125
3 0.45625 0.16328125 0.03125 0.028125
3 0.459375 0.09296875 0.021875 0.0265625
3 0.459375 0.075 0.0296875 0.0265625
3 0.45546875 0.02421875 0.0125 0.03125
9 0.28046875 0.5453125 0.0515625 0.0515625
2 0.39609375 0.646875 0.0421875 0.1359375