9 0.73046875 0.9625 0.1140625 0.0625
4 0.6109375 0.975 0.0359375 0.0203125
6 0.6046875 0.98046875 0.0140625 0.0125
6 0.5953125 0.940625 0.015625 0.0171875
10 0.5625 0.9 0.1078125 0.065625
8 0.4609375 0.9328125 0.0609375 0.040625
3 0.39140625 0.9578125 0.0875 0.0578125
6 0.35703125 0.98046875 0.0125 0.0171875
6 0.39375 0.99375 0.0125 0.0125
6 0.26640625 0.990625 0.01875 0.01875
6 0.2953125 0.93359375 0.015625 0.015625
6 0.21796875 0.934375 0.01875 0.01875
6 0.2375 0.92578125 0.0140625 0.015625
7 0.49453125 0.88359375 0.01875 0.009375
0 0.44140625 0.85078125 0.0453125 0.0265625
6 0.46015625 0.83515625 0.0125 0.0125
6 0.4578125 0.865625 0.0109375 0.0125
6 0.47109375 0.86640625 0.0125 0.015625
7 0.51015625 0.75703125 0.015625 0.009375
7 0.29375 0.8734375 0.0140625 0.0125
1 0.2953125 0.86796875 0.01875 0.01875
0 0.07421875 0.86484375 0.0484375 0.0265625
7 0.13046875 0.8515625 0.03125 0.0171875
5 0.13359375 0.85 0.025 0.0140625
0 0.11171875 0.84453125 0.0375 0.0203125
6 0.11640625 0.8296875 0.025 0.0171875
6 0.10078125 0.83203125 0.025 0.0140625
6 0.09921875 0.82578125 0.0234375 0.0125
6 0.06640625 0.815625 0.025 0.0109375
6 0.0546875 0.79609375 0.021875 0.009375
6 0.05078125 0.80625 0.0234375 0.0125
7 0.07890625 0.7234375 0.028125 0.0140625
4 0.08125 0.72421875 0.04375 0.0125
9 0.08984375 0.68984375 0.1109375 0.0421875
9 0.2484375 0.7265625 0.0609375 0.0640625
9 0.48828125 0.67109375 0.0984375 0.0625
10 0.409375 0.6875 0.0625 0.046875
3 0.521875 0.60703125 0.0921875 0.05625
3 0.65078125 0.56953125 0.103125 0.059375
3 0.771875 0.49296875 0.0984375 0.059375
3 0.81640625 0.43203125 0.0953125 0.0546875
10 0.9609375 0.3671875 0.0703125 0.0578125
10 0.9671875 0.29609375 0.0515625 0.0453125
4 0.94296875 0.2765625 0.0296875 0.0203125
7 0.95078125 0.27109375 0.021875 0.0125
9 0.57421875 0.44140625 0.190625 0.11875
9 0.6140625 0.284375 0.0703125 0.0375
9 0.5515625 0.2953125 0.103125 0.05625
10 0.525 0.3703125 0.0859375 0.05625
6 0.40078125 0.4875 0.0125 0.009375
6 0.296875 0.50234375 0.0234375 0.0109375
6 0.27578125 0.51796875 0.015625 0.009375
6 0.29375 0.56953125 0.01875 0.0078125
6 0.2703125 0.5765625 0.015625 0.00625
7 0.1578125 0.61875 0.015625 0.00625