3 0.35078125 0.45546875 0.0140625 0.05
3 0.38046875 0.2984375 0.0234375 0.01953125
3 0.346875 0.20546875 0.0078125 0.025
3 0.328125 0.03671875 0.00546875 0.01484375
3 0.3515625 0.06953125 0.00703125 0.0140625
3 0.371875 0.20390625 0.00859375 0.01796875
3 0.3296875 0.06484375 0.00703125 0.01484375
3 0.35625 0.03671875 0.00703125 0.01328125
3 0.34375 0.01640625 0.00546875 0.01171875
3 0.3546875 0.01640625 0.00703125 0.0109375
3 0.3546875 0.02578125 0.00546875 0.01328125
10 0.3453125 0.034375 0.00703125 0.0140625
10 0.3296875 0.0890625 0.00546875 0.01875
10 0.32890625 0.07578125 0.00625 0.01640625
10 0.328125 0.00703125 0.00546875 0.0140625
10 0.2859375 0.309375 0.0234375 0.028125
3 0.3296875 0.34140625 0.02109375 0.0296875
3 0.33046875 0.2140625 0.00859375 0.01953125
9 0.33125 0.16796875 0.01328125 0.0484375
9 0.3296875 0.0515625 0.00703125 0.015625
4 0.2921875 0.27890625 0.01015625 0.0109375
4 0.2734375 0.2796875 0.01015625 0.009375
4 0.4015625 0.284375 0.00859375 0.00625
4 0.34296875 0.24375 0.003125 0.01171875
4 0.37578125 0.24140625 0.0046875 0.01640625
4 0.3734375 0.2234375 0.003125 0.00703125
4 0.35625 0.1609375 0.003125 0.0109375
4 0.3421875 0.11875 0.003125 0.009375
4 0.3546875 0.053125 0.0046875 0.00703125
4 0.35390625 0.1 0.00234375 0.00703125
4 0.35390625 0.11171875 0.003125 0.01015625
4 0.32890625 0.265625 0.00546875 0.01640625
4 0.33515625 0.39296875 0.0046875 0.01875
4 0.38203125 0.378125 0.0046875 0.015625
4 0.3546875 0.084375 0.00234375 0.009375
4 0.3609375 0.0796875 0.00546875 0.00703125
4 0.36171875 0.0984375 0.00390625 0.009375
4 0.3625 0.09375 0.00546875 0.00703125
0 0.36015625 0.065625 0.00390625 0.015625
6 0.4125 0.4890625 0.003125 0.0140625
6 0.41484375 0.48671875 0.00234375 0.01484375
6 0.41875 0.490625 0.00390625 0.015625
6 0.2875 0.39453125 0.00546875 0.01640625
6 0.28203125 0.3234375 0.00390625 0.0109375
6 0.36484375 0.109375 0.00234375 0.0109375
6 0.36875 0.12734375 0.00234375 0.01171875
6 0.371875 0.128125 0.0015625 0.01328125
6 0.3734375 0.13125 0.00234375 0.00703125
1 0.3375 0.27421875 0.00390625 0.00859375
7 0.33671875 0.26875 0.003125 0.0109375
7 0.2703125 0.2765625 0.0015625 0.009375
7 0.27265625 0.27578125 0.00390625 0.00859375
7 0.29296875 0.27734375 0.00390625 0.00859375
7 0.290625 0.27734375 0.00390625 0.01015625
7 0.34296875 0.2390625 0.003125 0.01015625
7 0.40234375 0.28125 0.00390625 0.01015625
7 0.4046875 0.28125 0.00234375 0.009375
7 0.3734375 0.21640625 0.00234375 0.01015625
7 0.35625 0.15703125 0.003125 0.00703125
7 0.3546875 0.096875 0.0015625 0.00703125
6 0.34609375 0.07109375 0.00234375 0.0109375
6 0.3328125 0.22421875 0.00390625 0.0140625
1 0.08828125 0.284375 0.009375 0.00625
0 0.33203125 0.11796875 0.00703125 0.01640625
0 0.33046875 0.13203125 0.00703125 0.0140625