3 0.4546875 0.9453125 0.0578125 0.0609375
3 0.46796875 0.83515625 0.05703125 0.0703125
3 0.334375 0.8515625 0.06015625 0.05546875
8 0.29296875 0.93828125 0.03359375 0.03203125
3 0.4671875 0.63046875 0.04921875 0.04609375
4 0.30234375 0.37109375 0.01328125 0.01953125
3 0.3171875 0.29609375 0.0375 0.03125
7 0.35703125 0.23671875 0.00703125 0.01640625
3 0.35859375 0.19375 0.02578125 0.02890625
3 0.5859375 0.28359375 0.03515625 0.03203125
3 0.58515625 0.2609375 0.03515625 0.03046875
4 0.5671875 0.51328125 0.0140625 0.01328125
7 0.56640625 0.50859375 0.0046875 0.0203125
4 0.5484375 0.51171875 0.01640625 0.01953125
3 0.65078125 0.584375 0.04609375 0.04296875
4 0.58359375 0.43203125 0.01875 0.01875
3 0.65234375 0.00859375 0.02421875 0.01640625
3 0.6828125 0.01015625 0.02421875 0.0203125
3 0.71484375 0.0140625 0.025 0.0203125
3 0.74375 0.01953125 0.02421875 0.02109375
3 0.67578125 0.70859375 0.0546875 0.04921875
3 0.6859375 0.753125 0.05546875 0.05
3 0.7078125 0.80625 0.05859375 0.05078125
3 0.0125 0.34609375 0.025 0.03515625
3 0.0171875 0.31953125 0.03359375 0.03515625
3 0.03203125 0.29921875 0.02578125 0.03046875