4 0.32578125 0.98046875 0.0265625 0.0390625
7 0.32578125 0.9890625 0.0203125 0.021875
10 0.14375 0.9640625 0.103125 0.071875
3 0.1265625 0.8953125 0.109375 0.0953125
3 0.14921875 0.7296875 0.096875 0.090625
10 0.278125 0.659375 0.06875 0.134375
3 0.28359375 0.55390625 0.05625 0.1140625
10 0.17890625 0.39765625 0.0828125 0.0765625
6 0.22421875 0.42265625 0.0140625 0.03125
6 0.16171875 0.5765625 0.01875 0.0359375
4 0.13671875 0.5625 0.0265625 0.028125
4 0.14140625 0.5765625 0.01875 0.021875
4 0.29921875 0.4359375 0.015625 0.0359375
3 0.28203125 0.43125 0.05 0.0984375
3 0.2796875 0.34765625 0.046875 0.0953125
3 0.28125 0.275 0.040625 0.078125
6 0.22890625 0.10859375 0.0125 0.0328125
3 0.28203125 0.14375 0.03125 0.05625
3 0.47421875 0.409375 0.04375 0.09375
3 0.45703125 0.31796875 0.0375 0.08125
3 0.28515625 0.0984375 0.03125 0.0625
3 0.2015625 0.17734375 0.0609375 0.0578125
3 0.21015625 0.05390625 0.046875 0.028125
3 0.36328125 0.05546875 0.0296875 0.053125
7 0.30703125 0.125 0.0109375 0.0203125
4 0.309375 0.134375 0.0109375 0.025
9 0.3359375 0.04453125 0.0296875 0.0484375
3 0.2796875 0.96796875 0.0625 0.0640625