3 0.23125 0.21640625 0.0265625 0.0296875
3 0.21171875 0.36484375 0.0265625 0.015625
3 0.16484375 0.4046875 0.0203125 0.015625
3 0.134375 0.41328125 0.0203125 0.0125
3 0.0484375 0.48046875 0.0140625 0.0078125
3 0.409375 0.4421875 0.0390625 0.0390625
3 0.19921875 0.384375 0.0234375 0.015625
3 0.38671875 0.22109375 0.0328125 0.03125
3 0.35390625 0.1859375 0.025 0.034375
3 0.4828125 0.3546875 0.0359375 0.0359375
3 0.5734375 0.4 0.0359375 0.0390625
3 0.3671875 0.09765625 0.0265625 0.028125
3 0.3625 0.14375 0.0328125 0.0359375
3 0.3828125 0.1484375 0.0296875 0.0296875
10 0.5046875 0.33984375 0.0359375 0.0375
10 0.53359375 0.33671875 0.0421875 0.0390625
10 0.45078125 0.5703125 0.0453125 0.0421875
10 0.22734375 0.17890625 0.03125 0.028125
10 0.553125 0.19921875 0.0390625 0.0375
2 0.0828125 0.446875 0.0515625 0.025
4 0.33828125 0.0984375 0.0140625 0.0109375
6 0.3375 0.1 0.009375 0.00625
6 0.178125 0.32421875 0.0125 0.0046875
6 0.178125 0.31875 0.0140625 0.0046875
3 0.26796875 0.34609375 0.0296875 0.0171875
3 0.278125 0.32265625 0.0265625 0.0203125
6 0.24453125 0.2875 0.0125 0.0046875
6 0.2390625 0.3046875 0.0140625 0.00625
6 0.25234375 0.30703125 0.0125 0.0046875
3 0.165625 0.3109375 0.0203125 0.015625
10 0.1390625 0.30390625 0.0265625 0.01875