3 0.45546875 0.83125 0.03515625 0.04921875
6 0.371875 0.90703125 0.0125 0.0296875
3 0.30625 0.596875 0.04609375 0.04609375
3 0.31328125 0.45703125 0.0234375 0.053125
3 0.27734375 0.43046875 0.03828125 0.03828125
3 0.25390625 0.31171875 0.03515625 0.0359375
6 0.275 0.07734375 0.0046875 0.0140625
6 0.2671875 0.07421875 0.00625 0.015625
3 0.20390625 0.13125 0.021875 0.0359375
3 0.81171875 0.46875 0.03671875 0.040625
3 0.74140625 0.5078125 0.034375 0.04140625
3 0.728125 0.48203125 0.03359375 0.04296875
3 0.7390625 0.36171875 0.03046875 0.03515625
3 0.70390625 0.31640625 0.03203125 0.03046875
8 0.67890625 0.26796875 0.03046875 0.03359375
3 0.64375 0.24140625 0.03046875 0.0296875
3 0.58671875 0.15703125 0.02578125 0.02421875
10 0.5796875 0.14296875 0.021875 0.021875
3 0.56015625 0.03125 0.02109375 0.01875
3 0.53828125 0.03671875 0.02109375 0.01953125