6 0.83359375 0.878125 0.0125 0.0265625
6 0.7953125 0.890625 0.0171875 0.0359375
6 0.72109375 0.95859375 0.009375 0.0203125
3 0.78125 0.94296875 0.0203125 0.03125
3 0.74453125 0.94921875 0.0234375 0.0328125
3 0.74140625 0.91328125 0.021875 0.0421875
3 0.73359375 0.86484375 0.028125 0.059375
3 0.7140625 0.9 0.0296875 0.0703125
9 0.77890625 0.9046875 0.0328125 0.06875
3 0.77109375 0.8484375 0.0296875 0.05625
3 0.72578125 0.79609375 0.0390625 0.0765625
3 0.7625 0.790625 0.0390625 0.078125
4 0.8421875 0.85859375 0.01875 0.021875
6 0.84609375 0.83984375 0.0140625 0.0296875
6 0.83828125 0.83359375 0.0125 0.0171875
3 0.8171875 0.74140625 0.0671875 0.05
3 0.803125 0.70625 0.078125 0.0578125
3 0.72734375 0.7296875 0.06875 0.059375
3 0.840625 0.65625 0.071875 0.065625
3 0.6765625 0.6390625 0.04375 0.096875
10 0.715625 0.6703125 0.04375 0.096875
10 0.7515625 0.57734375 0.05625 0.134375
3 0.703125 0.55703125 0.046875 0.0984375
3 0.6484375 0.4859375 0.0515625 0.11875
9 0.6890625 0.44609375 0.065625 0.1703125
3 0.83203125 0.4328125 0.0625 0.121875
8 0.87109375 0.39375 0.034375 0.078125
1 0.88359375 0.359375 0.03125 0.04375
1 0.81015625 0.29921875 0.03125 0.04375
7 0.81484375 0.3203125 0.0171875 0.03125
6 0.7546875 0.21953125 0.021875 0.0375
6 0.7484375 0.2375 0.0140625 0.0265625
6 0.74765625 0.26328125 0.015625 0.03125
6 0.82890625 0.1609375 0.01875 0.0375
1 0.8171875 0.14609375 0.0203125 0.0609375
3 0.59921875 0.26015625 0.075 0.171875
10 0.66640625 0.25859375 0.0625 0.1484375
3 0.72109375 0.24609375 0.0640625 0.13125
6 0.7 0.1859375 0.0234375 0.0453125
10 0.709375 0.0828125 0.08125 0.165625
3 0.78046875 0.14140625 0.1 0.1984375
8 0.89140625 0.1890625 0.0484375 0.0515625
10 0.6546875 0.096875 0.084375 0.19375
3 0.67265625 0.965625 0.021875 0.0265625
3 0.5546875 0.9703125 0.0328125 0.0453125
3 0.53515625 0.92578125 0.0328125 0.05
3 0.51484375 0.88125 0.0359375 0.0546875
9 0.4890625 0.83515625 0.0671875 0.1078125
6 0.36796875 0.73125 0.015625 0.0421875
6 0.3828125 0.72109375 0.0234375 0.04375
6 0.396875 0.7328125 0.015625 0.0390625
8 0.31796875 0.69453125 0.0375 0.04375
1 0.29921875 0.6453125 0.0171875 0.0296875
3 0.37890625 0.58359375 0.090625 0.140625
3 0.31875 0.46171875 0.0875 0.1375
3 0.26953125 0.34140625 0.0796875 0.1359375