3 0.8703125 0.53203125 0.0421875 0.0875
3 0.84140625 0.4890625 0.0421875 0.075
3 0.81640625 0.42421875 0.046875 0.075
4 0.90546875 0.08359375 0.021875 0.0328125
4 0.90625 0.12734375 0.028125 0.0296875
10 0.9578125 0.21796875 0.0453125 0.0796875
0 0.9390625 0.284375 0.0328125 0.0515625
0 0.90546875 0.225 0.03125 0.0546875
4 0.95859375 0.32890625 0.01875 0.03125
7 0.8421875 0.38125 0.0109375 0.015625
7 0.8375 0.37109375 0.0140625 0.0171875
6 0.853125 0.41328125 0.0171875 0.01875
8 0.83828125 0.375 0.025 0.040625
9 0.98828125 0.8015625 0.0234375 0.10625
9 0.6609375 0.61875 0.0703125 0.128125
8 0.6953125 0.19453125 0.034375 0.053125
7 0.1015625 0.084375 0.0109375 0.021875
6 0.08828125 0.06875 0.0171875 0.0203125
6 0.090625 0.11015625 0.0140625 0.0171875
4 0.09296875 0.1125 0.028125 0.0234375
3 0.18203125 0.29296875 0.0359375 0.0921875
3 0.21171875 0.35 0.0375 0.0828125
9 0.2921875 0.74375 0.0546875 0.103125
4 0.6734375 0.903125 0.01875 0.0359375
7 0.675 0.90546875 0.0109375 0.021875