3 0.02265625 0.53046875 0.0453125 0.1890625
3 0.2171875 0.51484375 0.140625 0.14375
3 0.3609375 0.53203125 0.10625 0.1234375
10 0.4453125 0.51484375 0.1125 0.1203125
10 0.50546875 0.5125 0.0890625 0.0953125
10 0.5578125 0.51328125 0.0828125 0.0828125
3 0.13125 0.709375 0.1328125 0.1625
6 0.4703125 0.73203125 0.0765625 0.021875
6 0.52421875 0.384375 0.0765625 0.0203125
4 0.67109375 0.41875 0.034375 0.0109375
4 0.57734375 0.38125 0.034375 0.0140625
8 0.49296875 0.36484375 0.0703125 0.0203125
10 0.603125 0.521875 0.08125 0.0875
10 0.63671875 0.5265625 0.0859375 0.1078125
10 0.68203125 0.51796875 0.0734375 0.0859375
10 0.7421875 0.57265625 0.090625 0.0390625
6 0.63828125 0.59375 0.0625 0.015625
10 0.715625 0.509375 0.06875 0.0765625
10 0.7421875 0.5046875 0.065625 0.078125
3 0.76875 0.50390625 0.04375 0.0734375
6 0.80390625 0.4453125 0.046875 0.0125
6 0.8078125 0.446875 0.046875 0.0125
9 0.82421875 0.50859375 0.059375 0.071875
3 0.82109375 0.5640625 0.0609375 0.0328125
10 0.91328125 0.603125 0.053125 0.03125
10 0.85 0.50390625 0.046875 0.0578125
3 0.85703125 0.503125 0.05 0.0703125
3 0.88046875 0.50625 0.0390625 0.0625
10 0.90703125 0.5125 0.059375 0.06875
3 0.92578125 0.50859375 0.040625 0.0546875
3 0.940625 0.50703125 0.0375 0.0484375
3 0.9546875 0.50625 0.040625 0.0515625
3 0.96640625 0.5 0.0375 0.0484375
10 0.98359375 0.50234375 0.0328125 0.0359375
3 0.98046875 0.53046875 0.0328125 0.0359375
3 0.96640625 0.61796875 0.0421875 0.028125
3 0.9734375 0.65234375 0.0375 0.0484375
10 0.93828125 0.6703125 0.0515625 0.0609375
10 0.915625 0.66953125 0.046875 0.0515625
3 0.88046875 0.68203125 0.046875 0.0640625
3 0.86484375 0.69609375 0.05 0.06875
3 0.82578125 0.7109375 0.046875 0.0734375
3 0.79921875 0.703125 0.053125 0.078125
6 0.79765625 0.6625 0.05 0.0125
4 0.78125 0.7625 0.0375 0.0328125
3 0.75234375 0.73125 0.0578125 0.084375
3 0.72421875 0.75859375 0.0546875 0.0796875
1 0.6984375 0.81015625 0.040625 0.0140625
10 0.69921875 0.76640625 0.0671875 0.084375
9 0.61484375 0.7734375 0.1359375 0.1453125
9 0.559375 0.7953125 0.1328125 0.153125
10 0.490625 0.81484375 0.0890625 0.1015625
3 0.43671875 0.83203125 0.1 0.1234375
3 0.359375 0.85546875 0.096875 0.1328125
3 0.2734375 0.8796875 0.1171875 0.14375
3 0.18046875 0.91484375 0.128125 0.14375
3 0.075 0.921875 0.1390625 0.11875
3 0.0078125 0.93671875 0.015625 0.0765625
6 0.0171875 0.8578125 0.034375 0.034375
6 0.09140625 0.86015625 0.0921875 0.028125