3 0.4015625 0.97421875 0.028125 0.04609375
3 0.01796875 0.328125 0.0234375 0.0234375
3 0.4984375 0.521875 0.03671875 0.028125
3 0.5015625 0.70703125 0.04453125 0.0359375
3 0.5015625 0.6765625 0.046875 0.03359375
3 0.49296875 0.76171875 0.05859375 0.04453125
3 0.428125 0.49375 0.021875 0.0453125
3 0.50234375 0.47421875 0.03515625 0.028125
3 0.50078125 0.45625 0.034375 0.025
3 0.503125 0.41328125 0.03046875 0.03125
3 0.521875 0.36015625 0.03046875 0.02421875
6 0.45546875 0.44609375 0.0046875 0.01953125
6 0.46953125 0.43125 0.003125 0.01328125
4 0.43671875 0.43828125 0.00703125 0.02109375
4 0.43046875 0.4390625 0.00546875 0.02421875
3 0.43828125 0.31953125 0.02421875 0.01796875
3 0.44375 0.2609375 0.02109375 0.01640625
3 0.4484375 0.24140625 0.02265625 0.01484375
3 0.45234375 0.221875 0.02421875 0.01484375
3 0.77734375 0.40859375 0.03125 0.0296875
6 0.7421875 0.38359375 0.0046875 0.0203125
7 0.7515625 0.37421875 0.003125 0.01484375
7 0.753125 0.37421875 0.00546875 0.0109375
4 0.75078125 0.37890625 0.01328125 0.01484375
4 0.80234375 0.3609375 0.0109375 0.0109375
4 0.81640625 0.3625 0.00859375 0.0140625
6 0.57265625 0.84453125 0.00625 0.03125
3 0.3890625 0.88828125 0.053125 0.040625
3 0.56484375 0.11171875 0.01640625 0.01328125
3 0.721875 0.03828125 0.00859375 0.01171875
2 0.721875 0.0203125 0.01484375 0.02421875
2 0.71171875 0.01328125 0.01640625 0.02421875
10 0.71015625 0.11640625 0.015625 0.01640625
10 0.7015625 0.1046875 0.0171875 0.01328125
10 0.6984375 0.09921875 0.01484375 0.01328125
10 0.69609375 0.0890625 0.01484375 0.01171875
3 0.703125 0.11015625 0.01640625 0.0109375
3 0.69140625 0.08671875 0.01484375 0.0109375