9 0.33828125 0.7109375 0.0140625 0.0359375
3 0.35 0.6546875 0.009375 0.03125
10 0.38359375 0.69140625 0.01015625 0.03828125
9 0.39921875 0.7125 0.01328125 0.03203125
2 0.41171875 0.6921875 0.01796875 0.0734375
3 0.3890625 0.56171875 0.00859375 0.03203125
3 0.34765625 0.57734375 0.00859375 0.0265625
3 0.3375 0.57890625 0.0078125 0.0265625
10 0.346875 0.5234375 0.00703125 0.02578125
3 0.34375 0.47421875 0.00703125 0.021875
9 0.334375 0.48125 0.01171875 0.05
3 0.334375 0.425 0.00703125 0.01875
3 0.34375 0.440625 0.00703125 0.01953125
3 0.34296875 0.415625 0.00703125 0.01875
10 0.33359375 0.396875 0.00703125 0.02109375
10 0.3421875 0.39140625 0.0078125 0.01953125
4 0.33515625 0.37890625 0.00390625 0.009375
3 0.33359375 0.36640625 0.00625 0.01796875
3 0.3421875 0.3640625 0.00546875 0.01796875
3 0.33203125 0.346875 0.00625 0.01796875
3 0.340625 0.34296875 0.00625 0.01640625
3 0.31640625 0.31875 0.00546875 0.0140625
3 0.32421875 0.32421875 0.00625 0.01640625
3 0.33203125 0.32890625 0.00625 0.01484375
3 0.340625 0.3171875 0.00703125 0.015625
3 0.33203125 0.309375 0.00625 0.015625
3 0.325 0.29921875 0.00625 0.01484375
3 0.31640625 0.3 0.00625 0.01640625
3 0.33125 0.29140625 0.00546875 0.015625
3 0.34765625 0.2984375 0.00625 0.015625
4 0.3390625 0.29453125 0.00390625 0.00703125
7 0.33984375 0.29296875 0.003125 0.00546875
3 0.22890625 0.2390625 0.01171875 0.01015625
3 0.228125 0.22734375 0.01171875 0.01015625
3 0.24453125 0.2265625 0.01015625 0.01015625
3 0.24765625 0.2375 0.0125 0.01171875
3 0.26484375 0.22578125 0.01171875 0.009375
3 0.26484375 0.23828125 0.0125 0.009375
3 0.284375 0.2421875 0.0109375 0.01015625
3 0.28203125 0.23671875 0.01171875 0.00859375
2 0.28671875 0.22890625 0.01640625 0.01484375
3 0.29921875 0.2359375 0.01015625 0.009375
3 0.3 0.22421875 0.0109375 0.01015625
3 0.3125 0.22890625 0.0109375 0.01015625
3 0.31875 0.240625 0.01171875 0.01328125
3 0.334375 0.2234375 0.01171875 0.009375
3 0.39921875 0.2546875 0.01171875 0.0109375
3 0.4140625 0.25390625 0.01171875 0.0109375
2 0.409375 0.24140625 0.03046875 0.021875
9 0.4359375 0.24140625 0.01328125 0.01796875
2 0.4234375 0.23046875 0.0296875 0.01875
9 0.3953125 0.23671875 0.0171875 0.01875
6 0.4125 0.54375 0.00234375 0.00859375
6 0.40390625 0.49296875 0.003125 0.0109375