3 0.34375 0.45 0.0171875 0.040625
3 0.26875 0.42109375 0.01953125 0.034375
3 0.334375 0.26484375 0.01328125 0.01875
3 0.396875 0.2609375 0.0109375 0.01953125
9 0.38046875 0.2515625 0.01640625 0.0359375
3 0.446875 0.178125 0.00703125 0.01328125
3 0.390625 0.1609375 0.00703125 0.0109375
3 0.4015625 0.140625 0.00703125 0.0109375
3 0.4375 0.12890625 0.00703125 0.0140625
3 0.434375 0.0953125 0.00546875 0.009375
3 0.42890625 0.09140625 0.00546875 0.009375
3 0.43203125 0.0859375 0.00546875 0.00703125
3 0.44140625 0.08125 0.00390625 0.00625