3 0.33984375 0.265625 0.00859375 0.02109375
3 0.32578125 0.31171875 0.01484375 0.02578125
3 0.26015625 0.51328125 0.0265625 0.03671875
10 0.31640625 0.3078125 0.01015625 0.0234375
10 0.22421875 0.55703125 0.02890625 0.04453125
3 0.24765625 0.73671875 0.0359375 0.06328125
3 0.328125 0.67109375 0.03515625 0.0640625
3 0.021875 0.653125 0.04296875 0.0640625
3 0.04453125 0.67890625 0.05 0.06171875
3 0.0546875 0.7 0.04765625 0.06484375
6 0.05390625 0.56875 0.00703125 0.0234375
4 0.03828125 0.546875 0.009375 0.01953125
4 0.0453125 0.55546875 0.00859375 0.01953125
4 0.05234375 0.5609375 0.009375 0.01796875
3 0.19375 0.84609375 0.04453125 0.07578125
3 0.2296875 0.7890625 0.04453125 0.06640625
4 0.28671875 0.67421875 0.01171875 0.02890625
3 0.2171875 0.6953125 0.03359375 0.05390625
4 0.5296875 0.54453125 0.0046875 0.021875
6 0.271875 0.58984375 0.00390625 0.01640625
3 0.35078125 0.68671875 0.03515625 0.06484375
4 0.3328125 0.61640625 0.00859375 0.02109375
4 0.34609375 0.60546875 0.01015625 0.0203125
4 0.378125 0.66171875 0.00625 0.021875
4 0.4828125 0.69921875 0.00703125 0.02421875
3 0.37578125 0.21953125 0.009375 0.01796875
3 0.43359375 0.246875 0.01796875 0.01640625
3 0.4453125 0.7796875 0.0296875 0.071875
3 0.46875 0.81015625 0.03046875 0.08125
0 0.515625 0.890625 0.0203125 0.03359375
3 0.475 0.92890625 0.0546875 0.06171875
10 0.4859375 0.27421875 0.00859375 0.01640625
3 0.49453125 0.25859375 0.01015625 0.0140625
10 0.6421875 0.03203125 0.01328125 0.01015625
10 0.57421875 0.4390625 0.01328125 0.034375
3 0.559375 0.4296875 0.01171875 0.0296875