3 0.0421875 0.371875 0.0140625 0.028125
3 0.33046875 0.5421875 0.01875 0.0421875
3 0.41328125 0.62265625 0.034375 0.0328125
3 0.390625 0.43515625 0.01875 0.0359375
9 0.45390625 0.43984375 0.0375 0.075
9 0.4375 0.37734375 0.01875 0.0359375
3 0.38984375 0.34765625 0.01875 0.0390625
3 0.34453125 0.25703125 0.0171875 0.0296875
3 0.303125 0.303125 0.0140625 0.0265625
3 0.23828125 0.375 0.0171875 0.0328125
4 0.25859375 0.44453125 0.0078125 0.01875
3 0.28828125 0.196875 0.0140625 0.025
9 0.22734375 0.10078125 0.015625 0.040625
3 0.26328125 0.11484375 0.0109375 0.01875
3 0.3328125 0.078125 0.009375 0.015625
10 0.115625 0.1203125 0.0109375 0.03125
4 0.21875 0.2328125 0.0078125 0.0125
4 0.23828125 0.0125 0.003125 0.009375
3 0.5578125 0.72109375 0.0296875 0.0265625
10 0.61796875 0.07109375 0.0140625 0.015625
9 0.64296875 0.06875 0.025 0.0234375
10 0.753125 0.06953125 0.0109375 0.01875
3 0.75 0.06015625 0.009375 0.0140625
2 0.73671875 0.03984375 0.0140625 0.0234375
3 0.7328125 0.025 0.0078125 0.0109375