9 0.453125 0.16328125 0.11328125 0.140625
4 0.46953125 0.25234375 0.025 0.03984375
0 0.43203125 0.24140625 0.04296875 0.05859375
10 0.4140625 0.29140625 0.05703125 0.06484375
3 0.4015625 0.428125 0.0703125 0.06953125
6 0.52265625 0.3734375 0.009375 0.034375
9 0.39609375 0.53203125 0.090625 0.096875
3 0.38984375 0.60859375 0.06953125 0.08046875
3 0.33046875 0.6484375 0.07578125 0.0890625
9 0.3078125 0.7546875 0.13046875 0.15546875
3 0.29765625 0.8671875 0.08359375 0.096875
3 0.27109375 0.95625 0.0859375 0.08046875
5 0.575 0.953125 0.1109375 0.08828125
3 0.5703125 0.86328125 0.08359375 0.0984375
10 0.58359375 0.75859375 0.06796875 0.0859375
3 0.61171875 0.68828125 0.07578125 0.09296875
3 0.61328125 0.60703125 0.07734375 0.08125
5 0.62890625 0.403125 0.02421875 0.0546875
10 0.6859375 0.23828125 0.0546875 0.07421875
10 0.6828125 0.19296875 0.06796875 0.065625
8 0.7609375 0.32890625 0.04140625 0.04375
8 0.759375 0.23671875 0.04140625 0.046875
10 0.69609375 0.11875 0.06796875 0.0859375
10 0.70234375 0.06640625 0.06953125 0.07421875
0 0.7953125 0.065625 0.03203125 0.03515625
8 0.803125 0.03671875 0.04140625 0.0390625
10 0.71484375 0.01640625 0.06640625 0.03046875
8 0.8640625 0.1609375 0.03515625 0.04453125
6 0.88671875 0.17578125 0.01015625 0.03828125
9 0.88125 0.04140625 0.03046875 0.08125
8 0.86328125 0.30390625 0.04140625 0.059375