6 0.56796875 0.36875 0.0453125 0.0265625
3 0.85625 0.19140625 0.1171875 0.075
3 0.6625 0.10546875 0.1296875 0.078125
3 0.5375 0.2625 0.1328125 0.084375
3 0.3078125 0.47421875 0.0921875 0.0734375
3 0.28359375 0.57421875 0.11875 0.1015625
3 0.28671875 0.6234375 0.1578125 0.1171875
10 0.328125 0.428125 0.1 0.0828125
3 0.30234375 0.65234375 0.178125 0.09375
9 0.5015625 0.69921875 0.2484375 0.159375
9 0.48828125 0.6671875 0.246875 0.1875
9 0.48984375 0.5 0.23125 0.1578125
9 0.8421875 0.5421875 0.1890625 0.125
9 0.84765625 0.63046875 0.1953125 0.125
9 0.84296875 0.67421875 0.196875 0.128125
9 0.85703125 0.709375 0.1625 0.1078125
9 0.859375 0.7515625 0.1609375 0.1046875
9 0.85 0.790625 0.15625 0.109375
9 0.8390625 0.83203125 0.1484375 0.1078125
3 0.52265625 0.203125 0.1640625 0.09375
3 0.521875 0.15 0.178125 0.10625
3 0.51875 0.08828125 0.1921875 0.1125
3 0.53046875 0.046875 0.1796875 0.09375
3 0.871875 0.309375 0.121875 0.078125
3 0.6875 0.20625 0.1875 0.1109375
10 0.68671875 0.2546875 0.18125 0.1109375
10 0.87578125 0.15546875 0.1421875 0.090625
3 0.86328125 0.115625 0.1140625 0.065625
3 0.51875 0.015625 0.146875 0.03125