3 0.4359375 0.79453125 0.0421875 0.090625
3 0.47734375 0.590625 0.04609375 0.03984375
3 0.44921875 0.5484375 0.04296875 0.034375
3 0.43203125 0.50234375 0.03984375 0.0359375
10 0.44609375 0.4484375 0.03359375 0.03125
10 0.5046875 0.5015625 0.03515625 0.03828125
0 0.46484375 0.47109375 0.02890625 0.0296875
0 0.40546875 0.5359375 0.01640625 0.03203125
0 0.40078125 0.56953125 0.01796875 0.04296875
0 0.37890625 0.68125 0.03046875 0.04140625
0 0.42109375 0.70703125 0.034375 0.0453125
0 0.403125 0.78515625 0.021875 0.059375
0 0.3828125 0.77578125 0.0171875 0.08046875
0 0.3515625 0.784375 0.04296875 0.05078125
0 0.3640625 0.73984375 0.04453125 0.03515625
6 0.45546875 0.48203125 0.00703125 0.02578125
6 0.44453125 0.478125 0.00703125 0.021875
6 0.359375 0.684375 0.0078125 0.03125
7 0.56015625 0.59140625 0.01015625 0.025
4 0.56015625 0.59453125 0.00859375 0.0296875
7 0.528125 0.35390625 0.00703125 0.01953125
7 0.5828125 0.29765625 0.00546875 0.01953125
7 0.596875 0.203125 0.0046875 0.01171875
7 0.60078125 0.1640625 0.00390625 0.0140625
6 0.48125 0.3484375 0.00703125 0.021875
4 0.45390625 0.31328125 0.0078125 0.01875
4 0.45703125 0.33359375 0.00703125 0.01640625
4 0.45234375 0.33671875 0.009375 0.0203125
4 0.46640625 0.33828125 0.009375 0.01875
4 0.47109375 0.34609375 0.01171875 0.01640625
10 0.490625 0.33515625 0.02578125 0.028125
3 0.51796875 0.31796875 0.03125 0.02890625
3 0.521875 0.34921875 0.03359375 0.02890625
4 0.534375 0.33125 0.01484375 0.01640625
0 0.51328125 0.33046875 0.02265625 0.01953125
0 0.56015625 0.31171875 0.01953125 0.02578125
8 0.62734375 0.33984375 0.0078125 0.021875
8 0.59609375 0.20546875 0.0078125 0.01875
0 0.60703125 0.12421875 0.0125 0.01875
4 0.61171875 0.13828125 0.01015625 0.01015625
4 0.60078125 0.165625 0.00390625 0.0140625
4 0.59765625 0.221875 0.00546875 0.01171875
4 0.59609375 0.26640625 0.00703125 0.01328125
4 0.5828125 0.29921875 0.0078125 0.0140625
6 0.59453125 0.26875 0.00546875 0.021875
6 0.5984375 0.265625 0.00546875 0.01875
10 0.603125 0.31875 0.015625 0.0359375
7 0.6265625 0.33203125 0.0078125 0.0140625
9 0.62578125 0.2828125 0.0359375 0.04921875
9 0.56171875 0.290625 0.028125 0.02890625
4 0.61953125 0.2078125 0.00546875 0.01953125
0 0.6171875 0.1859375 0.0078125 0.0234375
4 0.58515625 0.06328125 0.00625 0.0109375
0 0.6 0.053125 0.00703125 0.01328125
0 0.60546875 0.0890625 0.00546875 0.01640625
1 0.6078125 0.1140625 0.00859375 0.009375
7 0.61015625 0.10859375 0.0046875 0.009375
10 0.6375 0.08125 0.00859375 0.0203125
3 0.66171875 0.175 0.01171875 0.02421875
3 0.653125 0.084375 0.01015625 0.015625
3 0.65 0.06953125 0.00859375 0.015625
0 0.6453125 0.053125 0.00703125 0.01484375
6 0.65 0.0609375 0.00234375 0.00625
6 0.59765625 0.009375 0.00234375 0.01171875
3 0.63828125 0.01640625 0.0109375 0.01171875
10 0.653125 0.01328125 0.00703125 0.0109375
4 0.60234375 0.0078125 0.00234375 0.00625
7 0.60234375 0.00625 0.00234375 0.00625
1 0.6015625 0.0671875 0.003125 0.00859375
4 0.6703125 0.0234375 0.00234375 0.009375
7 0.67109375 0.021875 0.00234375 0.00859375
0 0.68828125 0.0265625 0.009375 0.01171875
0 0.7265625 0.021875 0.0078125 0.0109375
0 0.71328125 0.040625 0.00546875 0.01015625
0 0.715625 0.0484375 0.00625 0.0140625
0 0.72265625 0.059375 0.00703125 0.015625
0 0.725 0.0640625 0.00859375 0.015625
0 0.7296875 0.071875 0.00703125 0.01796875
3 0.71171875 0.01484375 0.01640625 0.0109375
3 0.709375 0.00859375 0.01484375 0.009375
3 0.734375 0.06171875 0.00859375 0.01796875
3 0.75546875 0.06875 0.01875 0.01171875
3 0.759375 0.071875 0.01640625 0.01328125
10 0.7609375 0.084375 0.01796875 0.01640625
3 0.76796875 0.10546875 0.02109375 0.01796875
3 0.79609375 0.1109375 0.02109375 0.01328125
3 0.778125 0.14453125 0.0234375 0.015625
3 0.78828125 0.1640625 0.02265625 0.01796875
0 0.76015625 0.115625 0.01484375 0.015625
0 0.79375 0.1015625 0.0140625 0.01640625
4 0.7421875 0.1234375 0.00390625 0.01015625
7 0.7421875 0.1203125 0.00390625 0.01328125
7 0.77890625 0.1296875 0.00390625 0.00703125
7 0.7828125 0.12890625 0.00390625 0.0109375
8 0.78046875 0.13125 0.01015625 0.00859375
4 0.76953125 0.15859375 0.00703125 0.01796875
9 0.778125 0.69375 0.05390625 0.1390625