3 0.43203125 0.275 0.05625 0.05
3 0.42734375 0.2265625 0.05703125 0.0484375
3 0.4203125 0.184375 0.05546875 0.0515625
10 0.4109375 0.13671875 0.04765625 0.04609375
3 0.4125 0.10234375 0.0546875 0.03984375
3 0.4046875 0.02890625 0.05078125 0.03671875
4 0.50625 0.0234375 0.01953125 0.0203125
3 0.50234375 0.1140625 0.0265625 0.07890625
3 0.4453125 0.31875 0.0546875 0.05390625
3 0.5265625 0.26875 0.03046875 0.08515625
10 0.4515625 0.41015625 0.05078125 0.05390625
3 0.58046875 0.2515625 0.03046875 0.09140625
3 0.553125 0.4359375 0.03359375 0.09921875
3 0.4625 0.53125 0.06328125 0.06171875
3 0.47578125 0.60078125 0.0671875 0.06484375
3 0.48515625 0.6609375 0.06328125 0.06640625
3 0.58046875 0.625 0.0390625 0.109375
10 0.484375 0.753125 0.05703125 0.0640625
3 0.5 0.825 0.06015625 0.06484375
3 0.5046875 0.8921875 0.0796875 0.06953125
3 0.51328125 0.96640625 0.07890625 0.0609375
3 0.69921875 0.86015625 0.04609375 0.13125
10 0.625 0.86796875 0.03984375 0.11953125
2 0.6609375 0.62578125 0.10078125 0.28515625
3 0.61015625 0.41953125 0.03515625 0.1015625
9 0.55078125 0.10078125 0.03359375 0.0984375
4 0.7296875 0.3265625 0.0109375 0.0359375
6 0.728125 0.4796875 0.01171875 0.02578125
6 0.7703125 0.60859375 0.01015625 0.02421875
6 0.7921875 0.61796875 0.01171875 0.03046875
4 0.96015625 0.34609375 0.01328125 0.03515625
3 0.4125 0.06796875 0.05234375 0.04609375