3 0.265625 0.58671875 0.0109375 0.03125
3 0.26171875 0.55390625 0.01171875 0.02421875
3 0.384375 0.63125 0.01171875 0.04296875
3 0.3953125 0.38671875 0.00546875 0.01875
3 0.3875 0.25703125 0.0046875 0.009375
3 0.384375 0.2390625 0.00390625 0.0109375
3 0.3859375 0.24765625 0.0046875 0.01015625
3 0.3875 0.2703125 0.0046875 0.0109375
3 0.3890625 0.29140625 0.00390625 0.00703125
3 0.39140625 0.33125 0.00546875 0.01015625
3 0.38359375 0.46953125 0.00625 0.0203125
3 0.3609375 0.359375 0.00625 0.01484375
3 0.25234375 0.671875 0.0125 0.03359375
3 0.25703125 0.634375 0.0140625 0.03046875
3 0.22890625 0.4953125 0.01953125 0.01875
2 0.3390625 0.2984375 0.03203125 0.03203125
2 0.35703125 0.39375 0.01171875 0.053125
2 0.2015625 0.48203125 0.0234375 0.02578125
10 0.38984375 0.30390625 0.00546875 0.01640625
10 0.39375 0.3703125 0.00703125 0.01875
10 0.39140625 0.3453125 0.00703125 0.0203125
10 0.3890625 0.27890625 0.00546875 0.0140625
10 0.3890625 0.3203125 0.0046875 0.01484375
10 0.2546875 0.5234375 0.015625 0.03125
3 0.33828125 0.18984375 0.00859375 0.00703125
3 0.325 0.18984375 0.00859375 0.00546875
2 0.3203125 0.23671875 0.015625 0.0140625
6 0.33203125 0.38671875 0.00234375 0.009375
6 0.3296875 0.3859375 0.00234375 0.0109375
6 0.40859375 0.38515625 0.00234375 0.0109375
6 0.40625 0.3890625 0.00234375 0.0109375
6 0.403125 0.3609375 0.00234375 0.009375
6 0.4078125 0.359375 0.00234375 0.01015625
6 0.4015625 0.34453125 0.00234375 0.009375
6 0.39921875 0.328125 0.00234375 0.009375
6 0.4015625 0.32265625 0.00234375 0.00859375
6 0.40078125 0.30625 0.00234375 0.009375
6 0.396875 0.30625 0.003125 0.0109375
6 0.3984375 0.29921875 0.0015625 0.00625
6 0.39765625 0.303125 0.00234375 0.01171875
6 0.40390625 0.30625 0.003125 0.01171875
6 0.4 0.415625 0.003125 0.01171875
6 0.33125 0.34609375 0.00234375 0.009375
6 0.27734375 0.55859375 0.0046875 0.015625
6 0.41015625 0.5734375 0.00390625 0.015625
6 0.4109375 0.64453125 0.0046875 0.01640625
6 0.415625 0.62265625 0.00390625 0.01953125