3 0.58828125 0.7609375 0.10078125 0.09296875
10 0.63515625 0.65859375 0.0640625 0.0765625
3 0.82265625 0.78046875 0.07265625 0.1015625
3 0.0734375 0.65859375 0.09921875 0.059375
3 0.25546875 0.63828125 0.07890625 0.05
3 0.2859375 0.60859375 0.07109375 0.04140625
3 0.37265625 0.63046875 0.07109375 0.05078125
3 0.38671875 0.5953125 0.05546875 0.04453125
3 0.3078125 0.71484375 0.11171875 0.08359375
3 0.88515625 0.61171875 0.07109375 0.0484375
3 0.8890625 0.59609375 0.06796875 0.03671875
3 0.8984375 0.55234375 0.05078125 0.0359375
3 0.9109375 0.5375 0.046875 0.04140625
3 0.87578125 0.50234375 0.01640625 0.025
3 0.86328125 0.49140625 0.0125 0.021875
3 0.934375 0.490625 0.0171875 0.0234375
3 0.93671875 0.48203125 0.01796875 0.0203125
3 0.934375 0.47578125 0.025 0.0203125
3 0.94765625 0.47109375 0.01015625 0.0140625
3 0.93671875 0.45859375 0.00859375 0.01484375
3 0.95078125 0.4625 0.01171875 0.0140625
3 0.95234375 0.45703125 0.00859375 0.015625
3 0.9296875 0.43515625 0.00625 0.00703125
7 0.9171875 0.46484375 0.0046875 0.01328125
7 0.90546875 0.46875 0.00546875 0.009375
7 0.81015625 0.590625 0.01171875 0.03671875
7 0.64765625 0.52109375 0.00703125 0.01796875
7 0.25859375 0.68046875 0.01640625 0.0546875
4 0.259375 0.69609375 0.03359375 0.053125
4 0.33671875 0.5796875 0.01875 0.0203125
1 0.221875 0.609375 0.02109375 0.0359375
1 0.5765625 0.528125 0.01484375 0.02109375
1 0.53125 0.54140625 0.015625 0.01953125
1 0.946875 0.7328125 0.02265625 0.06015625
1 0.9421875 0.64140625 0.01484375 0.04296875
3 0.771875 0.46875 0.01328125 0.01328125
3 0.6765625 0.503125 0.0234375 0.021875
8 0.69921875 0.503125 0.0140625 0.025
6 0.846875 0.584375 0.0078125 0.04296875
3 0.80390625 0.4625 0.01171875 0.01171875
3 0.79140625 0.465625 0.01328125 0.015625
3 0.81328125 0.45859375 0.009375 0.01328125
3 0.8171875 0.45625 0.0078125 0.0140625
3 0.82421875 0.45390625 0.00859375 0.01328125
3 0.8375 0.446875 0.0140625 0.01328125
3 0.85078125 0.44453125 0.00703125 0.01328125
3 0.67109375 0.4765625 0.021875 0.01875
3 0.61953125 0.521875 0.02890625 0.0265625
10 0.64375 0.5078125 0.02734375 0.02890625
6 0.5890625 0.53203125 0.0078125 0.03359375
4 0.81015625 0.59921875 0.01328125 0.02890625
4 0.90625 0.475 0.00703125 0.0109375
4 0.91796875 0.47109375 0.0046875 0.01328125
4 0.50390625 0.54609375 0.01640625 0.0140625
6 0.503125 0.5359375 0.00546875 0.025
6 0.50703125 0.53046875 0.00703125 0.0296875
6 0.52890625 0.5265625 0.00546875 0.025
4 0.5390625 0.5234375 0.0109375 0.01484375
4 0.43359375 0.546875 0.02109375 0.0234375
10 0.75625 0.46796875 0.01171875 0.01640625
3 0.74375 0.46953125 0.01328125 0.0140625
6 0.7390625 0.47109375 0.00546875 0.01875
3 0.55078125 0.54453125 0.0359375 0.03125
6 0.5625 0.55546875 0.00546875 0.025
6 0.56796875 0.55703125 0.0078125 0.02578125
4 0.88046875 0.6515625 0.03515625 0.04453125
4 0.88671875 0.64609375 0.03671875 0.06015625