10 0.37734375 0.03046875 0.01640625 0.021875
9 0.3125 0.0859375 0.0359375 0.03984375
9 0.34375 0.31640625 0.0390625 0.08125
3 0.33046875 0.39296875 0.01875 0.0359375
3 0.31796875 0.509375 0.02109375 0.04375
6 0.2203125 0.390625 0.00390625 0.009375
9 0.2265625 0.56328125 0.04296875 0.090625
9 0.21484375 0.63125 0.05234375 0.09140625
10 0.2765625 0.57578125 0.02265625 0.04921875
3 0.625 0.121875 0.01015625 0.0296875
3 0.625 0.22109375 0.01015625 0.03203125
9 0.61484375 0.33125 0.01328125 0.05390625
10 0.51484375 0.04140625 0.0140625 0.0265625
3 0.49296875 0.13671875 0.0125 0.028125
3 0.42109375 0.25 0.01640625 0.03125
2 0.45859375 0.115625 0.021875 0.0453125
3 0.39140625 0.2640625 0.01796875 0.03203125
6 0.384375 0.59453125 0.00234375 0.009375
4 0.37578125 0.5953125 0.00234375 0.009375