10 0.63046875 0.30078125 0.128125 0.1796875
6 0.46015625 0.3421875 0.0390625 0.0671875
6 0.33515625 0.3671875 0.0390625 0.0625
6 0.15703125 0.28359375 0.053125 0.071875
7 0.30546875 0.51484375 0.0359375 0.0546875
7 0.40234375 0.12109375 0.03125 0.0421875
1 0.296875 0.53828125 0.046875 0.0671875
4 0.3953125 0.14375 0.04375 0.0734375
8 0.45546875 0.2953125 0.140625 0.2046875
3 0.50546875 0.1171875 0.096875 0.14375
3 0.46484375 0.0453125 0.0828125 0.090625
3 0.2921875 0.1609375 0.15 0.14375
3 0.3375 0.0796875 0.1265625 0.109375
3 0.35390625 0.0390625 0.1234375 0.078125
3 0.371875 0.01640625 0.128125 0.0328125
3 0.1 0.53515625 0.2 0.2484375
3 0.078125 0.45703125 0.15625 0.2671875
3 0.13671875 0.11640625 0.0765625 0.1125
3 0.046875 0.38984375 0.09375 0.1703125