9 0.25859375 0.87265625 0.1328125 0.2546875
9 0.353125 0.7265625 0.0609375 0.134375
9 0.284375 0.621875 0.05625 0.10625
9 0.29140625 0.5375 0.0375 0.06875
3 0.315625 0.49453125 0.0140625 0.0234375
9 0.34609375 0.58125 0.0515625 0.115625
10 0.39765625 0.6859375 0.025 0.0515625
3 0.45859375 0.7234375 0.0265625 0.0578125
4 0.47734375 0.71171875 0.0171875 0.0265625
6 0.4796875 0.69921875 0.0125 0.025
1 0.46796875 0.7046875 0.009375 0.0171875
3 0.44609375 0.678125 0.0359375 0.0453125
6 0.4578125 0.67578125 0.009375 0.0203125
4 0.48046875 0.67265625 0.0171875 0.0265625
4 0.4796875 0.6625 0.0140625 0.0265625
6 0.46875 0.64765625 0.0109375 0.0234375
4 0.44453125 0.65625 0.0109375 0.0171875
4 0.38671875 0.6265625 0.015625 0.0171875
4 0.43125 0.578125 0.009375 0.0203125
4 0.43515625 0.54921875 0.015625 0.0171875
4 0.453125 0.56953125 0.01875 0.021875
6 0.44296875 0.58203125 0.00625 0.01875
10 0.434375 0.61484375 0.01875 0.0328125
6 0.42109375 0.5703125 0.009375 0.0203125
9 0.37734375 0.5484375 0.0234375 0.0421875
6 0.33515625 0.471875 0.0078125 0.015625
9 0.40390625 0.45390625 0.01875 0.0390625
9 0.3390625 0.3703125 0.025 0.0515625
9 0.30546875 0.36328125 0.01875 0.0359375
9 0.30703125 0.34140625 0.0203125 0.0390625
9 0.3578125 0.35859375 0.0125 0.025
9 0.35859375 0.33671875 0.0140625 0.028125
3 0.3875 0.35 0.0140625 0.0140625
4 0.3921875 0.3609375 0.0109375 0.0109375
9 0.378125 0.33359375 0.0171875 0.01875
9 0.37734375 0.3265625 0.021875 0.021875
3 0.371875 0.2953125 0.0140625 0.0109375
3 0.37109375 0.28984375 0.0140625 0.0078125
3 0.3515625 0.2828125 0.0109375 0.0109375
3 0.35 0.2609375 0.0078125 0.0109375
6 0.3671875 0.30625 0.0046875 0.009375
4 0.31875 0.3453125 0.0046875 0.009375
4 0.31953125 0.3140625 0.0046875 0.009375
7 0.31953125 0.31171875 0.0046875 0.00625
9 0.31171875 0.30234375 0.0140625 0.0265625
9 0.3140625 0.2765625 0.0140625 0.0265625
6 0.32734375 0.275 0.0046875 0.009375
6 0.3328125 0.27109375 0.0046875 0.009375
9 0.25234375 0.471875 0.05 0.0453125
9 0.23125 0.44375 0.05625 0.04375
9 0.18984375 0.45234375 0.028125 0.0265625
9 0.15 0.48359375 0.053125 0.0421875
9 0.11796875 0.45390625 0.0703125 0.05
9 0.0484375 0.46015625 0.071875 0.05
10 0.01171875 0.4703125 0.01875 0.01875
3 0.13828125 0.38515625 0.0140625 0.0140625
9 0.1453125 0.375 0.015625 0.0171875
3 0.19765625 0.35390625 0.0171875 0.0125
10 0.22421875 0.35703125 0.0171875 0.015625
3 0.22578125 0.353125 0.0140625 0.0125
3 0.18828125 0.3296875 0.0125 0.0109375
3 0.20078125 0.35 0.0140625 0.0109375
3 0.20234375 0.3453125 0.0140625 0.0109375
3 0.20546875 0.33984375 0.0140625 0.0109375
3 0.20859375 0.33671875 0.0140625 0.0109375
3 0.228125 0.34765625 0.015625 0.0125
3 0.23046875 0.34140625 0.0140625 0.0109375
3 0.234375 0.3359375 0.015625 0.0125
3 0.265625 0.315625 0.0140625 0.0125
3 0.0421875 0.63828125 0.03125 0.04375
10 0.11796875 0.8640625 0.0515625 0.065625
3 0.16328125 0.978125 0.0671875 0.04375
3 0.25625 0.6046875 0.034375 0.0265625
3 0.23828125 0.63046875 0.0375 0.028125
3 0.2328125 0.6484375 0.034375 0.028125
3 0.21796875 0.70234375 0.034375 0.0296875
10 0.228125 0.7234375 0.0234375 0.0390625
3 0.21484375 0.71875 0.0265625 0.028125
3 0.1859375 0.70546875 0.0359375 0.03125
3 0.18828125 0.75234375 0.0296875 0.0296875
10 0.20703125 0.74453125 0.0265625 0.0484375
10 0.18984375 0.94375 0.04375 0.0515625
3 0.20078125 0.9203125 0.040625 0.0421875
10 0.17734375 0.90234375 0.0375 0.053125
3 0.16328125 0.86171875 0.05 0.0484375
8 0.203125 0.8703125 0.0390625 0.034375
10 0.109375 0.98515625 0.05 0.0296875
3 0.1015625 0.91484375 0.053125 0.075
3 0.084375 0.84140625 0.0421875 0.034375
3 0.1078125 0.81171875 0.0484375 0.0390625
10 0.19453125 0.79296875 0.046875 0.046875
3 0.20859375 0.8203125 0.0390625 0.034375
9 0.19140625 0.84375 0.028125 0.0515625
9 0.20703125 0.84765625 0.0359375 0.034375
9 0.1640625 0.834375 0.0453125 0.0390625
3 0.1703125 0.80859375 0.0515625 0.0375
9 0.1265625 0.82578125 0.0421875 0.034375