10 0.18984375 0.0796875 0.00703125 0.0109375
6 0.01484375 0.62890625 0.00859375 0.02109375
3 0.27578125 0.46015625 0.01484375 0.02578125
3 0.29140625 0.45546875 0.01328125 0.02421875
3 0.30546875 0.45078125 0.015625 0.025
3 0.32109375 0.4421875 0.01484375 0.0265625
3 0.7546875 0.9734375 0.0421875 0.046875
5 0.7859375 0.95625 0.06796875 0.08203125
3 0.7296875 0.87578125 0.04140625 0.071875
3 0.6953125 0.87421875 0.0375 0.06640625
3 0.68359375 0.78984375 0.0359375 0.06484375
8 0.6578125 0.78828125 0.02734375 0.06171875
3 0.65 0.72421875 0.03515625 0.05390625
3 0.6109375 0.70546875 0.02734375 0.0515625
10 0.62421875 0.67421875 0.0265625 0.053125
9 0.5796875 0.62421875 0.04609375 0.09921875
6 0.9859375 0.9859375 0.01015625 0.021875
6 0.97265625 0.9515625 0.01015625 0.03515625
7 0.94609375 0.9671875 0.01171875 0.03046875
4 0.94609375 0.9703125 0.01015625 0.03515625
3 0.91484375 0.87578125 0.028125 0.0453125
7 0.821875 0.7046875 0.0078125 0.0203125
4 0.82109375 0.709375 0.01328125 0.0203125
3 0.7453125 0.64921875 0.02734375 0.03828125
7 0.68984375 0.60390625 0.00625 0.01484375
7 0.6734375 0.584375 0.00546875 0.0140625
4 0.68984375 0.60703125 0.009375 0.01875
4 0.67265625 0.5875 0.009375 0.01796875
3 0.696875 0.5828125 0.0234375 0.0359375
0 0.671875 0.56484375 0.01953125 0.03359375
3 0.65859375 0.53046875 0.02265625 0.0359375
10 0.61796875 0.4734375 0.01875 0.03515625
3 0.5671875 0.459375 0.02421875 0.0296875
3 0.5875 0.43046875 0.01796875 0.02421875
7 0.58984375 0.53203125 0.00546875 0.01484375
4 0.5890625 0.5359375 0.00859375 0.0203125
3 0.57421875 0.41171875 0.015625 0.0234375
9 0.396875 0.27109375 0.01171875 0.0203125
7 0.5359375 0.40390625 0.0046875 0.01484375
4 0.5359375 0.40546875 0.00859375 0.01328125
7 0.540625 0.3859375 0.00390625 0.01328125
4 0.53984375 0.38828125 0.00703125 0.01171875
6 0.5234375 0.38671875 0.0046875 0.01640625
6 0.5265625 0.36171875 0.00390625 0.01484375
6 0.515625 0.3734375 0.00546875 0.01796875
6 0.50859375 0.36640625 0.003125 0.01484375
6 0.51875 0.3625 0.00390625 0.0140625
3 0.51953125 0.33515625 0.01328125 0.0203125
3 0.55078125 0.38203125 0.01640625 0.025
4 0.55 0.36171875 0.0078125 0.01015625
4 0.55390625 0.365625 0.00859375 0.01015625
3 0.48515625 0.2859375 0.01171875 0.01796875
7 0.41875 0.21171875 0.00234375 0.00859375
7 0.40859375 0.19296875 0.003125 0.00625
7 0.4140625 0.18828125 0.00234375 0.00703125
7 0.4109375 0.18671875 0.00234375 0.00703125
7 0.40546875 0.184375 0.0015625 0.00625
7 0.4 0.184375 0.00234375 0.00703125
7 0.40234375 0.17890625 0.00234375 0.00625
7 0.4015625 0.18125 0.00234375 0.00546875
7 0.39609375 0.1796875 0.00234375 0.00546875
7 0.3984375 0.1796875 0.0015625 0.00546875
7 0.39453125 0.1734375 0.00234375 0.00703125
7 0.3921875 0.1640625 0.00234375 0.00703125
7 0.38671875 0.16171875 0.00234375 0.00625
7 0.3875 0.15625 0.00234375 0.00625
4 0.3875 0.1578125 0.00234375 0.00625
4 0.3859375 0.16328125 0.00234375 0.00546875
4 0.3921875 0.1671875 0.00234375 0.00625
4 0.3953125 0.175 0.003125 0.00703125
4 0.39609375 0.18203125 0.00234375 0.0046875
4 0.39765625 0.18046875 0.00234375 0.003125
4 0.4 0.18671875 0.00390625 0.00625
4 0.4015625 0.18359375 0.00234375 0.00546875
4 0.40234375 0.18046875 0.003125 0.0046875
4 0.40546875 0.1859375 0.00234375 0.00546875
4 0.40859375 0.1953125 0.003125 0.00703125
4 0.4140625 0.18984375 0.00234375 0.00546875
4 0.41796875 0.21328125 0.00390625 0.00703125
8 0.4109375 0.18984375 0.00390625 0.00703125
6 0.4109375 0.18359375 0.00234375 0.00859375
6 0.38203125 0.1578125 0.00234375 0.00859375
6 0.38125 0.15703125 0.0015625 0.00546875
6 0.403125 0.15625 0.00234375 0.00703125
6 0.39453125 0.1484375 0.00234375 0.00859375
9 0.37890625 0.13828125 0.00859375 0.01328125
8 0.66328125 0.19375 0.00625 0.00859375
7 0.67109375 0.1921875 0.00234375 0.00859375
4 0.6703125 0.19453125 0.0046875 0.00703125
7 0.66328125 0.18984375 0.00234375 0.009375
10 0.67109375 0.1859375 0.01328125 0.01328125
0 0.6015625 0.13046875 0.009375 0.0109375
3 0.36484375 0.1203125 0.00546875 0.009375
3 0.3625 0.11640625 0.00625 0.009375
3 0.35859375 0.11015625 0.00546875 0.009375
3 0.325 0.10859375 0.00546875 0.01015625
3 0.3171875 0.0921875 0.0046875 0.00859375
3 0.3140625 0.08046875 0.0046875 0.00703125
2 0.3234375 0.08984375 0.00859375 0.01875
9 0.30390625 0.08203125 0.0078125 0.01640625
2 0.2921875 0.07421875 0.00859375 0.01640625
9 0.296875 0.06796875 0.00703125 0.0140625
3 0.29296875 0.06328125 0.00390625 0.00703125
3 0.2875 0.06171875 0.003125 0.00625
3 0.26953125 0.1140625 0.01015625 0.009375
3 0.2890625 0.1234375 0.00546875 0.01484375
3 0.26875 0.12421875 0.00546875 0.01015625
2 0.26484375 0.09453125 0.01328125 0.01640625