3 0.09765625 0.27578125 0.0765625 0.09453125
3 0.13828125 0.29609375 0.08359375 0.0796875
3 0.17890625 0.3125 0.08125 0.09375
3 0.21875 0.3328125 0.0796875 0.0859375
10 0.26484375 0.35859375 0.09609375 0.11796875
3 0.29609375 0.409375 0.09765625 0.1203125
3 0.05 0.503125 0.09921875 0.11640625
10 0.23984375 0.74453125 0.13515625 0.21328125
3 0.62734375 0.67734375 0.11015625 0.19140625
3 0.653125 0.33125 0.05859375 0.08671875
3 0.59609375 0.31328125 0.0625 0.08671875
3 0.51953125 0.1984375 0.0734375 0.06328125
3 0.48984375 0.27109375 0.05625 0.08046875
3 0.43203125 0.253125 0.04296875 0.06015625
3 0.39921875 0.240625 0.0484375 0.0640625
3 0.33515625 0.20703125 0.05 0.05078125
3 0.3765625 0.12265625 0.04375 0.05625
3 0.34140625 0.053125 0.0421875 0.034375