3 0.64453125 0.32734375 0.04375 0.0796875
3 0.453125 0.28671875 0.071875 0.109375
3 0.2875 0.1046875 0.075 0.084375
3 0.784375 0.38671875 0.0578125 0.046875
3 0.79140625 0.43046875 0.0484375 0.04375
3 0.79453125 0.4546875 0.046875 0.0375
3 0.79765625 0.4734375 0.0421875 0.034375
3 0.796875 0.4921875 0.040625 0.0390625
3 0.8015625 0.521875 0.040625 0.034375
3 0.79921875 0.53671875 0.040625 0.034375
3 0.8015625 0.55078125 0.0375 0.0359375
3 0.8015625 0.565625 0.0375 0.0359375
3 0.71171875 0.52109375 0.0234375 0.0375
3 0.590625 0.53984375 0.0296875 0.040625
3 0.534375 0.41640625 0.0453125 0.065625
3 0.53046875 0.459375 0.04375 0.0609375
3 0.62265625 0.54375 0.028125 0.0390625
3 0.6609375 0.615625 0.021875 0.03125
3 0.70390625 0.6734375 0.0171875 0.021875
3 0.73515625 0.6125 0.01875 0.028125
3 0.77734375 0.78828125 0.0046875 0.009375
3 0.7859375 0.79921875 0.00625 0.0078125
3 0.81015625 0.628125 0.028125 0.021875
3 0.7484375 0.81796875 0.0078125 0.0078125
3 0.7359375 0.79609375 0.009375 0.0125
3 0.78359375 0.80703125 0.0078125 0.0078125
3 0.2578125 0.1890625 0.0765625 0.10625