3 0.88125 0.80078125 0.040625 0.0609375
3 0.69375 0.58359375 0.0390625 0.05
3 0.64453125 0.615625 0.0359375 0.0484375
3 0.56484375 0.6828125 0.040625 0.053125
3 0.72109375 0.54453125 0.028125 0.0390625
3 0.7109375 0.52890625 0.0265625 0.0359375
3 0.65234375 0.57421875 0.03125 0.0375
10 0.8 0.28515625 0.01875 0.01875
3 0.5203125 0.32109375 0.0234375 0.0234375
3 0.50078125 0.303125 0.0234375 0.0234375
3 0.5546875 0.2171875 0.0171875 0.01875
3 0.5265625 0.22578125 0.01875 0.01875
3 0.58671875 0.21953125 0.01875 0.01875
3 0.58359375 0.20546875 0.01875 0.01875
3 0.62421875 0.22578125 0.01875 0.01875
3 0.6359375 0.18125 0.009375 0.0140625
3 0.5359375 0.146875 0.0171875 0.01875
3 0.5265625 0.13828125 0.015625 0.015625
3 0.5140625 0.12890625 0.01875 0.01875
3 0.48828125 0.1171875 0.0171875 0.0140625
3 0.5109375 0.1546875 0.0125 0.015625
3 0.59296875 0.17890625 0.01875 0.01875
3 0.559375 0.16328125 0.01875 0.015625
3 0.490625 0.228125 0.0265625 0.025
3 0.8328125 0.26015625 0.01875 0.01875
3 0.87265625 0.28984375 0.01875 0.01875
3 0.91796875 0.32421875 0.0234375 0.025
3 0.99609375 0.37109375 0.0078125 0.0203125
3 0.76484375 0.6125 0.03125 0.040625
3 0.7296875 0.6828125 0.0421875 0.0484375
3 0.690625 0.63046875 0.0390625 0.0453125
9 0.70234375 0.66796875 0.0546875 0.0703125
3 0.68203125 0.68515625 0.0390625 0.0453125
3 0.66171875 0.69453125 0.0390625 0.046875
3 0.63046875 0.71875 0.0375 0.05
3 0.6109375 0.75 0.0453125 0.0515625
3 0.72890625 0.78671875 0.0484375 0.053125
10 0.69296875 0.5140625 0.028125 0.040625
10 0.67578125 0.48125 0.0265625 0.0359375
3 0.66484375 0.4625 0.025 0.0296875
3 0.66640625 0.44453125 0.025 0.0296875
3 0.65 0.4421875 0.0265625 0.0328125
10 0.64609375 0.42734375 0.025 0.03125
10 0.6375 0.41484375 0.0265625 0.034375
3 0.62734375 0.4109375 0.025 0.0296875
3 0.62109375 0.4 0.0265625 0.034375
3 0.61484375 0.3890625 0.0296875 0.0328125
10 0.60625 0.3796875 0.0265625 0.0328125
10 0.59609375 0.37109375 0.0234375 0.0328125
3 0.5890625 0.36171875 0.025 0.0296875
10 0.57265625 0.33046875 0.025 0.0296875
3 0.5640625 0.325 0.025 0.0296875
3 0.559375 0.31640625 0.0265625 0.0359375
3 0.553125 0.31015625 0.025 0.0296875
3 0.540625 0.28828125 0.0234375 0.025
3 0.53359375 0.28203125 0.0234375 0.0296875
3 0.528125 0.27578125 0.021875 0.028125
3 0.52734375 0.25390625 0.01875 0.01875
3 0.53515625 0.2484375 0.0234375 0.0234375
3 0.58203125 0.23359375 0.01875 0.01875
3 0.6078125 0.23125 0.01875 0.01875
3 0.68984375 0.20625 0.01875 0.01875
3 0.725 0.22578125 0.0171875 0.0140625
3 0.93359375 0.34609375 0.021875 0.0203125
3 0.89140625 0.30546875 0.021875 0.0171875
3 0.85078125 0.271875 0.01875 0.01875
3 0.83046875 0.28984375 0.021875 0.01875
9 0.86171875 0.30546875 0.0296875 0.0265625
9 0.85625 0.26171875 0.0296875 0.0328125
3 0.95234375 0.35 0.021875 0.0203125
3 0.96171875 0.34765625 0.021875 0.0234375
3 0.890625 0.2953125 0.0171875 0.01875
10 0.81328125 0.24375 0.01875 0.01875
9 0.7875 0.2171875 0.01875 0.01875
0 0.78046875 0.19921875 0.009375 0.0125
3 0.9265625 0.32421875 0.0203125 0.021875
3 0.7796875 0.27109375 0.01875 0.01875
3 0.74296875 0.2375 0.01875 0.01875
9 0.6875 0.1671875 0.01875 0.01875
9 0.63125 0.128125 0.0203125 0.0234375
3 0.5984375 0.2 0.0171875 0.015625
3 0.609375 0.18671875 0.01875 0.015625
3 0.60703125 0.1984375 0.0171875 0.01875
3 0.5765625 0.171875 0.01875 0.015625
3 0.48515625 0.2203125 0.01875 0.021875
3 0.47890625 0.21484375 0.021875 0.0234375
3 0.47578125 0.2109375 0.0234375 0.0234375
3 0.46796875 0.1984375 0.0171875 0.01875
10 0.47265625 0.20234375 0.0203125 0.021875
10 0.46484375 0.1921875 0.01875 0.0234375
3 0.46015625 0.18671875 0.0203125 0.021875
3 0.4578125 0.1828125 0.0171875 0.021875
3 0.5125 0.34765625 0.025 0.0296875
10 0.51484375 0.3578125 0.025 0.028125
10 0.53671875 0.3421875 0.0265625 0.0328125
3 0.525 0.165625 0.0171875 0.01875
3 0.50625 0.16875 0.0203125 0.021875
6 0.49609375 0.2734375 0.00625 0.0125
6 0.5 0.27109375 0.00625 0.0125
6 0.46953125 0.25 0.0078125 0.015625
3 0.4578125 0.24765625 0.01875 0.01875
3 0.453125 0.23828125 0.0203125 0.0203125
3 0.446875 0.23125 0.01875 0.01875
3 0.446875 0.225 0.0171875 0.021875
10 0.421875 0.40546875 0.0390625 0.0421875
4 0.3421875 0.41953125 0.0171875 0.01875
1 0.45 0.3578125 0.009375 0.015625
3 0.64296875 0.55703125 0.03125 0.0390625
3 0.63203125 0.54375 0.0265625 0.0328125
0 0.61328125 0.63984375 0.0359375 0.0546875
7 0.51875 0.71484375 0.0109375 0.0203125
4 0.4859375 0.72734375 0.0171875 0.01875
6 0.79453125 0.6203125 0.0109375 0.0171875
6 0.7921875 0.6125 0.0109375 0.0203125
6 0.80859375 0.61875 0.0109375 0.0203125
6 0.80703125 0.61328125 0.0125 0.0234375
6 0.74453125 0.80859375 0.009375 0.0109375
6 0.9 0.52890625 0.0109375 0.0203125
6 0.8984375 0.52265625 0.0078125 0.0140625
6 0.89765625 0.496875 0.0078125 0.015625
6 0.90625 0.37734375 0.00625 0.009375
6 0.91484375 0.396875 0.0078125 0.0140625
6 0.88046875 0.35859375 0.00625 0.0109375
6 0.93984375 0.43125 0.0078125 0.0140625
6 0.94453125 0.42734375 0.0078125 0.0140625
6 0.94765625 0.4140625 0.00625 0.0125
6 0.95078125 0.41953125 0.009375 0.015625
6 0.98984375 0.35234375 0.00625 0.0125
6 0.99375 0.35234375 0.0078125 0.0140625
6 0.996875 0.35625 0.00625 0.009375
6 0.76171875 0.26875 0.00625 0.0125
6 0.76796875 0.27109375 0.00625 0.0125
7 0.765625 0.2765625 0.00625 0.009375
7 0.76328125 0.275 0.00625 0.009375
3 0.5 0.0046875 0.0125 0.009375