3 0.87578125 0.77421875 0.0625 0.16875
10 0.80703125 0.5015625 0.059375 0.134375
8 0.77265625 0.37421875 0.04375 0.10625
3 0.74609375 0.2390625 0.05625 0.15
3 0.69453125 0.04296875 0.0375 0.0859375
3 0.58984375 0.2390625 0.04375 0.134375
3 0.49296875 0.0859375 0.04375 0.140625
8 0.4703125 0.321875 0.0625 0.04375
10 0.47421875 0.578125 0.071875 0.0796875
8 0.38515625 0.06328125 0.046875 0.04375
6 0.3328125 0.05546875 0.009375 0.034375
4 0.44765625 0.20078125 0.028125 0.028125
4 0.3984375 0.128125 0.028125 0.028125
4 0.4 0.34375 0.028125 0.0234375
10 0.54609375 0.3734375 0.0375 0.1125
7 0.5703125 0.5109375 0.015625 0.028125
1 0.56484375 0.5234375 0.03125 0.034375
4 0.3328125 0.34140625 0.0125 0.034375
7 0.32890625 0.31953125 0.0125 0.034375
8 0.4 0.45390625 0.071875 0.053125
8 0.40078125 0.4046875 0.0625 0.05
4 0.39609375 0.371875 0.028125 0.0234375
4 0.45546875 0.45625 0.028125 0.021875
4 0.4640625 0.63671875 0.0328125 0.034375
6 0.31640625 0.7359375 0.0140625 0.03125
4 0.42578125 0.89921875 0.0375 0.028125
1 0.4765625 0.93671875 0.0375 0.05
8 0.415625 0.74140625 0.04375 0.0609375
3 0.55 0.97890625 0.096875 0.0375
1 0.240625 0.3453125 0.009375 0.05