3 0.590625 0.609375 0.0375 0.0234375
3 0.57421875 0.6359375 0.028125 0.01875
3 0.5390625 0.5921875 0.0328125 0.0203125
2 0.45859375 0.60234375 0.06875 0.0359375
3 0.41640625 0.66171875 0.0171875 0.0125
3 0.3921875 0.64921875 0.0171875 0.0125
3 0.38203125 0.640625 0.0203125 0.0140625
3 0.36328125 0.65234375 0.015625 0.0109375
3 0.37578125 0.67734375 0.015625 0.0109375
9 0.396875 0.6828125 0.0328125 0.0203125
2 0.53828125 0.703125 0.0359375 0.0203125
10 0.49375 0.70546875 0.021875 0.0140625
3 0.47578125 0.6953125 0.0171875 0.0125
2 0.4171875 0.70078125 0.0359375 0.0203125
3 0.39453125 0.7109375 0.0140625 0.009375
3 0.36953125 0.696875 0.0140625 0.009375
3 0.3515625 0.69765625 0.0140625 0.0125
10 0.33515625 0.69375 0.0171875 0.0125
3 0.33671875 0.71484375 0.0140625 0.0109375
4 0.3515625 0.71328125 0.0109375 0.00625
4 0.32421875 0.715625 0.015625 0.009375
3 0.31484375 0.74140625 0.0125 0.0125
3 0.3234375 0.7515625 0.0109375 0.0109375
3 0.315625 0.775 0.0140625 0.0125
3 0.31328125 0.7921875 0.0140625 0.009375
3 0.30234375 0.79765625 0.0109375 0.0109375
3 0.31015625 0.8125 0.0109375 0.0109375
3 0.3109375 0.83125 0.0109375 0.0078125
3 0.3 0.83984375 0.0078125 0.009375
3 0.30625 0.85078125 0.0109375 0.0078125
3 0.30390625 0.8625 0.0109375 0.009375
3 0.2953125 0.878125 0.0078125 0.0078125
3 0.303125 0.88125 0.0078125 0.0078125
4 0.296875 0.90546875 0.0046875 0.0046875
10 0.2953125 0.91484375 0.0078125 0.0078125
9 0.3984375 0.75625 0.0203125 0.0140625
9 0.39921875 0.76328125 0.0203125 0.0109375
9 0.40078125 0.76953125 0.0203125 0.0140625
9 0.40234375 0.77578125 0.0234375 0.0109375
9 0.40234375 0.78515625 0.0171875 0.0125
9 0.40625 0.79140625 0.0234375 0.0109375
9 0.41171875 0.8046875 0.0234375 0.0140625
2 0.41640625 0.7671875 0.0203125 0.0140625
9 0.4203125 0.7828125 0.01875 0.015625
9 0.4234375 0.79140625 0.0171875 0.0125
9 0.43125 0.8109375 0.028125 0.01875
10 0.43046875 0.7625 0.0140625 0.0109375
3 0.4328125 0.76875 0.0140625 0.0109375
3 0.43515625 0.7828125 0.0109375 0.0078125
10 0.43671875 0.7890625 0.0171875 0.009375
10 0.45 0.784375 0.0171875 0.021875
3 0.4390625 0.79453125 0.0140625 0.009375
3 0.44140625 0.80078125 0.0171875 0.009375
3 0.4453125 0.81328125 0.0140625 0.009375
10 0.44375 0.8203125 0.0171875 0.009375
3 0.28828125 0.91953125 0.0078125 0.0078125
3 0.2875 0.925 0.009375 0.0046875
3 0.30078125 0.8859375 0.00625 0.0046875
6 0.60546875 0.734375 0.015625 0.0078125
9 0.38515625 0.74140625 0.0265625 0.0234375
9 0.36015625 0.7375 0.021875 0.0203125
6 0.684375 0.47265625 0.0234375 0.0109375
6 0.6703125 0.48203125 0.021875 0.0109375