3 0.284375 0.1671875 0.096875 0.13125
3 0.16484375 0.21875 0.1109375 0.0984375
3 0.6109375 0.5953125 0.028125 0.0375
3 0.678125 0.60078125 0.03125 0.034375
3 0.6546875 0.62109375 0.025 0.0265625
3 0.53671875 0.603125 0.021875 0.0296875
3 0.4890625 0.7125 0.0109375 0.015625
3 0.4828125 0.7328125 0.009375 0.0125
3 0.63828125 0.63984375 0.021875 0.0265625
3 0.625 0.6546875 0.021875 0.025
3 0.61484375 0.66484375 0.0203125 0.025
3 0.603125 0.68046875 0.015625 0.0265625
3 0.58828125 0.69453125 0.015625 0.0203125
3 0.5796875 0.70234375 0.015625 0.0203125
3 0.5734375 0.70859375 0.0140625 0.0203125
3 0.5484375 0.73046875 0.0109375 0.0171875
3 0.52578125 0.62421875 0.0171875 0.0328125
3 0.52109375 0.64296875 0.015625 0.0234375
3 0.5109375 0.65546875 0.0140625 0.0203125
3 0.5078125 0.66953125 0.0140625 0.0234375
6 0.41796875 0.42421875 0.0171875 0.0421875
6 0.4796875 0.6125 0.009375 0.025
6 0.4859375 0.62265625 0.009375 0.025
6 0.490625 0.68828125 0.0078125 0.01875
6 0.40625 0.5390625 0.009375 0.03125
9 0.38359375 0.55703125 0.0515625 0.05
6 0.2359375 0.58828125 0.009375 0.03125
9 0.32578125 0.76796875 0.0140625 0.0234375
9 0.378125 0.7734375 0.0203125 0.0203125
9 0.36484375 0.74765625 0.015625 0.0265625
5 0.340625 0.78984375 0.0140625 0.0390625
5 0.35546875 0.7859375 0.015625 0.0328125
10 0.37578125 0.7359375 0.0109375 0.0203125
6 0.39140625 0.6296875 0.0078125 0.021875
9 0.57890625 0.72890625 0.03125 0.0296875
3 0.6171875 0.6859375 0.01875 0.0171875
3 0.63671875 0.67109375 0.0203125 0.0171875
3 0.6484375 0.665625 0.0265625 0.01875
3 0.6625 0.65546875 0.025 0.025
3 0.6765625 0.64453125 0.0265625 0.025
3 0.69375 0.63046875 0.040625 0.03125