3 0.92421875 0.3546875 0.071875 0.0484375
3 0.8671875 0.38125 0.075 0.0484375
3 0.88984375 0.49140625 0.078125 0.05
3 0.84765625 0.5484375 0.090625 0.0703125
3 0.7875 0.30390625 0.0953125 0.059375
3 0.7 0.328125 0.121875 0.06875
3 0.5640625 0.36171875 0.153125 0.08125
3 0.3890625 0.40859375 0.2046875 0.1015625
3 0.309375 0.62109375 0.2515625 0.15
3 0.1125 0.496875 0.225 0.125
3 0.12109375 0.7203125 0.184375 0.1515625
3 0.08828125 0.90234375 0.0546875 0.175
3 0.521875 0.75859375 0.1515625 0.109375
3 0.63671875 0.69453125 0.1390625 0.103125
6 0.53671875 0.59765625 0.09375 0.0421875
10 0.77890625 0.59296875 0.1078125 0.0625
10 0.75234375 0.48828125 0.1078125 0.065625
10 0.96171875 0.46796875 0.0734375 0.0546875
10 0.78203125 0.41796875 0.128125 0.0671875
10 0.92421875 0.2734375 0.0765625 0.046875
4 0.934375 0.86015625 0.0515625 0.034375
4 0.94453125 0.8671875 0.053125 0.0328125
3 0.99296875 0.4828125 0.0140625 0.0625