6 0.00546875 0.3546875 0.0109375 0.009375
3 0.084375 0.48046875 0.0359375 0.0375
4 0.0140625 0.2984375 0.0171875 0.015625
3 0.00625 0.49375 0.0125 0.028125
3 0.13125 0.503125 0.0390625 0.04375
6 0.23046875 0.471875 0.0359375 0.0171875
3 0.0203125 0.49375 0.0203125 0.021875
3 0.00703125 0.43125 0.0140625 0.03125
3 0.015625 0.46328125 0.01875 0.015625
3 0.02890625 0.50625 0.0125 0.0125
3 0.03125 0.5203125 0.0140625 0.0140625
9 0.01171875 0.403125 0.0234375 0.06875
6 0.80703125 0.1125 0.0625 0.0328125
6 0.7546875 0.27578125 0.0546875 0.028125
6 0.6875 0.27578125 0.0421875 0.021875
6 0.6546875 0.290625 0.0515625 0.025
6 0.6390625 0.02734375 0.046875 0.028125
6 0.60078125 0.0203125 0.053125 0.0296875
6 0.6203125 0.07109375 0.04375 0.0296875
6 0.5859375 0.06640625 0.0328125 0.0171875
6 0.56015625 0.05703125 0.034375 0.0234375
6 0.5234375 0.053125 0.0546875 0.03125
6 0.60078125 0.11484375 0.0453125 0.03125
6 0.58359375 0.1484375 0.0390625 0.021875
6 0.57109375 0.18125 0.040625 0.0265625
6 0.5578125 0.2125 0.0375 0.0265625
6 0.54609375 0.24140625 0.04375 0.025
6 0.54375 0.27421875 0.04375 0.028125
6 0.53984375 0.3015625 0.0421875 0.0265625
6 0.53515625 0.32890625 0.0421875 0.021875
6 0.53203125 0.353125 0.046875 0.025
6 0.540625 0.38515625 0.0546875 0.028125
6 0.55 0.41484375 0.0484375 0.0234375
6 0.55546875 0.43515625 0.0421875 0.021875
6 0.5625 0.4625 0.0453125 0.0234375
6 0.5703125 0.48671875 0.0421875 0.021875
6 0.57578125 0.50859375 0.0421875 0.021875
6 0.60546875 0.53125 0.059375 0.03125
6 0.6453125 0.58125 0.053125 0.025
6 0.6859375 0.590625 0.0515625 0.0265625
6 0.6890625 0.6453125 0.0546875 0.034375
6 0.6671875 0.65078125 0.0484375 0.034375
6 0.44921875 0.74375 0.0265625 0.015625
6 0.36171875 0.70546875 0.0359375 0.0171875
6 0.29453125 0.6109375 0.028125 0.0140625
6 0.290625 0.6046875 0.0296875 0.0125
6 0.43203125 0.4984375 0.0359375 0.0203125
6 0.58515625 0.54765625 0.0484375 0.0234375
6 0.534375 0.53125 0.04375 0.028125
6 0.52890625 0.50390625 0.040625 0.025
6 0.51640625 0.47734375 0.0375 0.0234375
6 0.51171875 0.5 0.0453125 0.0234375
6 0.4984375 0.4734375 0.040625 0.025
6 0.48671875 0.4890625 0.04375 0.025
6 0.53046875 0.45234375 0.0359375 0.0203125
6 0.51015625 0.45390625 0.04375 0.025
6 0.4890625 0.45 0.0453125 0.0234375
6 0.52578125 0.42265625 0.0296875 0.021875
6 0.5015625 0.42578125 0.0375 0.021875
6 0.4859375 0.41953125 0.0421875 0.021875
6 0.45859375 0.43125 0.0375 0.021875
6 0.5140625 0.38515625 0.0265625 0.015625
6 0.4953125 0.3890625 0.034375 0.021875
6 0.47578125 0.3875 0.046875 0.025
6 0.50078125 0.36015625 0.0296875 0.01875
6 0.4859375 0.35625 0.0328125 0.0203125
6 0.4671875 0.3625 0.028125 0.01875
6 0.4609375 0.33984375 0.025 0.0171875
6 0.49140625 0.32890625 0.0328125 0.01875
6 0.5078125 0.3328125 0.028125 0.015625
6 0.51328125 0.296875 0.03125 0.0203125
6 0.48984375 0.30625 0.028125 0.01875
6 0.46328125 0.315625 0.0328125 0.0203125
6 0.51484375 0.27109375 0.034375 0.021875
6 0.4703125 0.2796875 0.040625 0.01875
6 0.43203125 0.29296875 0.0359375 0.0203125
6 0.51953125 0.24140625 0.0359375 0.0203125
6 0.49296875 0.24609375 0.03125 0.01875
6 0.4734375 0.2359375 0.0453125 0.0234375
6 0.525 0.2109375 0.0359375 0.0203125
6 0.4984375 0.20703125 0.028125 0.01875
6 0.47890625 0.2078125 0.034375 0.025
6 0.54296875 0.17890625 0.0328125 0.0203125
6 0.51953125 0.1796875 0.0390625 0.0265625
6 0.49140625 0.1765625 0.0328125 0.0203125
6 0.56484375 0.14609375 0.0375 0.0265625
6 0.5359375 0.14453125 0.040625 0.025
6 0.503125 0.14453125 0.04375 0.025
6 0.571875 0.10859375 0.0390625 0.0296875
6 0.521875 0.1078125 0.0375 0.025