3 0.9921875 0.87734375 0.01484375 0.0703125
7 0.9515625 0.753125 0.01484375 0.05078125
6 0.5640625 0.92109375 0.01171875 0.06875
3 0.96015625 0.740625 0.075 0.05
3 0.8734375 0.746875 0.07109375 0.0484375
3 0.98671875 0.6578125 0.02578125 0.03984375
9 0.89296875 0.6515625 0.07421875 0.06171875
6 0.85703125 0.6421875 0.00625 0.03046875
9 0.8515625 0.625 0.059375 0.04609375
9 0.853125 0.5515625 0.046875 0.03828125
3 0.7328125 0.75546875 0.07890625 0.05078125
3 0.63671875 0.765625 0.07578125 0.053125
3 0.54921875 0.77109375 0.078125 0.05078125
1 0.6125 0.53828125 0.00859375 0.01484375
6 0.54453125 0.90703125 0.01171875 0.06640625
6 0.5546875 0.5578125 0.00546875 0.02109375
4 0.5578125 0.5609375 0.01328125 0.01328125
3 0.40234375 0.77578125 0.07890625 0.05625
6 0.340625 0.4859375 0.00390625 0.01328125
6 0.3390625 0.4796875 0.00390625 0.01484375
3 0.31171875 0.71640625 0.07265625 0.04609375
7 0.3046875 0.7140625 0.01328125 0.0203125
3 0.20234375 0.721875 0.07109375 0.0484375
3 0.215625 0.7 0.07265625 0.0390625
10 0.209375 0.60703125 0.021875 0.03984375
3 0.13671875 0.575 0.03046875 0.02578125
10 0.3015625 0.48671875 0.01328125 0.02421875
3 0.16640625 0.49140625 0.01875 0.01484375
3 0.028125 0.53203125 0.03828125 0.0234375
3 0.03671875 0.55234375 0.03359375 0.025
7 0.0046875 0.721875 0.00859375 0.040625
1 0.00703125 0.73359375 0.0140625 0.034375