3 0.43125 0.24140625 0.0140625 0.009375
3 0.44375 0.23359375 0.01015625 0.01015625
3 0.4171875 0.25859375 0.00859375 0.01171875
3 0.4234375 0.2671875 0.00703125 0.01171875
10 0.41640625 0.284375 0.00625 0.015625
3 0.4125 0.3015625 0.00703125 0.01171875
3 0.4109375 0.309375 0.00703125 0.01171875
3 0.40546875 0.31953125 0.0078125 0.0140625
9 0.40234375 0.3359375 0.01328125 0.0265625
10 0.39765625 0.34609375 0.00625 0.01484375
3 0.39609375 0.35546875 0.0078125 0.01796875
3 0.4015625 0.3609375 0.0078125 0.015625
3 0.39296875 0.36328125 0.0078125 0.01484375
3 0.38515625 0.38046875 0.00859375 0.01796875
3 0.39375 0.39296875 0.00859375 0.01796875
10 0.38515625 0.415625 0.0125 0.02421875
3 0.365625 0.43515625 0.0078125 0.01875
3 0.3640625 0.4671875 0.009375 0.02109375
3 0.3453125 0.4765625 0.0109375 0.01953125
3 0.34375 0.43671875 0.0109375 0.0203125
3 0.3390625 0.49296875 0.01171875 0.02109375
3 0.3296875 0.5046875 0.01171875 0.0203125
3 0.32265625 0.51953125 0.01484375 0.02578125
3 0.2984375 0.52109375 0.015625 0.02421875
3 0.30546875 0.55390625 0.01484375 0.0234375
3 0.29453125 0.55078125 0.0140625 0.025
3 0.29375 0.5734375 0.0171875 0.028125
3 0.28125 0.59375 0.01875 0.03125
3 0.27109375 0.61640625 0.015625 0.02578125
3 0.25546875 0.5890625 0.01953125 0.03125
3 0.24921875 0.61640625 0.01953125 0.02890625
3 0.23515625 0.68125 0.021875 0.03125
9 0.2171875 0.70703125 0.02578125 0.04921875
3 0.19375 0.753125 0.02578125 0.0359375
10 0.1765625 0.78203125 0.02578125 0.0453125
3 0.1484375 0.775 0.02421875 0.040625
3 0.08984375 0.7875 0.02578125 0.04140625
3 0.128125 0.8734375 0.028125 0.0453125
3 0.096875 0.9296875 0.03203125 0.05390625
3 0.08359375 0.88203125 0.03203125 0.053125
3 0.49921875 0.9984375 0.03984375 0.00234375
3 0.50390625 0.9875 0.0375 0.025
3 0.50625 0.96796875 0.03828125 0.03515625
3 0.51171875 0.92578125 0.03125 0.03046875
3 0.46171875 0.88125 0.021875 0.04609375
3 0.4671875 0.840625 0.02734375 0.040625
3 0.51328125 0.85546875 0.01953125 0.04921875
3 0.52578125 0.81484375 0.02890625 0.028125
3 0.52890625 0.7984375 0.03046875 0.025
3 0.52734375 0.78125 0.02890625 0.02890625
3 0.52734375 0.76484375 0.02890625 0.02578125
3 0.51640625 0.74375 0.01484375 0.03203125
3 0.4859375 0.75078125 0.01640625 0.034375
10 0.53671875 0.6671875 0.01328125 0.0359375
10 0.50625 0.6015625 0.01171875 0.034375