2 0.615625 0.64140625 0.209375 0.3
3 0.83828125 0.1140625 0.0390625 0.04375
3 0.66953125 0.06328125 0.034375 0.0421875
6 0.234375 0.6265625 0.0171875 0.0265625
6 0.22578125 0.61328125 0.01875 0.028125
6 0.2203125 0.584375 0.015625 0.0234375
6 0.23203125 0.58359375 0.0171875 0.0265625
6 0.2890625 0.5265625 0.0171875 0.03125
6 0.2828125 0.521875 0.015625 0.0265625
6 0.4921875 0.61796875 0.0171875 0.0234375
6 0.52109375 0.5984375 0.01875 0.0296875
6 0.49296875 0.33515625 0.0125 0.0203125
6 0.5 0.2046875 0.0125 0.015625
6 0.43671875 0.1125 0.0125 0.0203125
6 0.45546875 0.11484375 0.0140625 0.0234375
7 0.4625 0.15 0.0078125 0.0125
6 0.47421875 0.11953125 0.0140625 0.0234375
6 0.43359375 0.11015625 0.0140625 0.025
6 0.42890625 0.11015625 0.0140625 0.025
6 0.4703125 0.0671875 0.0140625 0.025
6 0.5890625 0.03203125 0.0109375 0.0234375
6 0.590625 0.04140625 0.0109375 0.021875
6 0.59453125 0.034375 0.0078125 0.015625
7 0.54921875 0.0046875 0.0109375 0.009375
7 0.55078125 0.0015625 0.0078125 0.003125
7 0.48125 0.07734375 0.0109375 0.015625
7 0.48359375 0.071875 0.0109375 0.01875
7 0.45859375 0.14375 0.0109375 0.0171875
7 0.46015625 0.13828125 0.0125 0.0203125