6 0.07109375 0.59609375 0.00625 0.01875
6 0.078125 0.52578125 0.00625 0.021875
6 0.06875 0.46640625 0.003125 0.015625
6 0.04609375 0.44609375 0.003125 0.015625
6 0.06796875 0.44453125 0.003125 0.015625
6 0.06875 0.4453125 0.003125 0.0125
3 0.10703125 0.57265625 0.015625 0.03125
10 0.11328125 0.50625 0.0125 0.03125
2 0.1140625 0.43046875 0.0203125 0.065625
6 0.09296875 0.3765625 0.003125 0.0125
6 0.0765625 0.35625 0.003125 0.0140625
6 0.0984375 0.3734375 0.003125 0.0125
10 0.11484375 0.3859375 0.0109375 0.0203125
3 0.096875 0.3140625 0.0125 0.0125
3 0.1109375 0.35078125 0.009375 0.01875
2 0.046875 0.2421875 0.025 0.03125
2 0.053125 0.234375 0.028125 0.028125
2 0.03984375 0.2234375 0.021875 0.0296875
2 0.075 0.221875 0.03125 0.025
2 0.06953125 0.21640625 0.040625 0.028125
2 0.06171875 0.21484375 0.0375 0.034375
2 0.05390625 0.2109375 0.0359375 0.03125
2 0.04609375 0.20703125 0.03125 0.0296875
2 0.0421875 0.203125 0.034375 0.03125
10 0.02421875 0.16328125 0.0109375 0.009375
2 0.02265625 0.15703125 0.0171875 0.0125
2 0.0640625 0.15859375 0.01875 0.0140625
2 0.1046875 0.1578125 0.015625 0.0125
2 0.0953125 0.23125 0.025 0.01875
2 0.0921875 0.2265625 0.0359375 0.0265625
2 0.0859375 0.2234375 0.034375 0.025
6 0.07109375 0.2390625 0.003125 0.009375
6 0.07734375 0.2515625 0.003125 0.0125
6 0.0625 0.253125 0.003125 0.0109375
3 0.04609375 0.26328125 0.0078125 0.015625
3 0.03828125 0.16328125 0.009375 0.009375
3 0.05078125 0.16328125 0.0109375 0.00625
3 0.0703125 0.1640625 0.0125 0.009375
3 0.084375 0.1640625 0.0125 0.009375
3 0.084375 0.16171875 0.0125 0.009375
10 0.1015625 0.16328125 0.0125 0.009375
3 0.11875 0.15703125 0.0125 0.009375
3 0.1171875 0.16484375 0.0125 0.0109375
3 0.128125 0.16171875 0.0125 0.00625
3 0.13359375 0.16484375 0.0125 0.009375
9 0.153125 0.1625 0.021875 0.01875
2 0.1515625 0.15546875 0.034375 0.025
3 0.16640625 0.19609375 0.00625 0.009375
6 0.159375 0.19609375 0.003125 0.00625
2 0.22578125 0.1578125 0.01875 0.0140625
3 0.17734375 0.1671875 0.0125 0.009375
3 0.1828125 0.16015625 0.0125 0.009375
3 0.19296875 0.1671875 0.0125 0.009375
3 0.2109375 0.16796875 0.0125 0.009375
3 0.2453125 0.16015625 0.009375 0.009375
3 0.28515625 0.14765625 0.009375 0.0125
2 0.3015625 0.1578125 0.034375 0.025
2 0.31953125 0.1453125 0.01875 0.021875
2 0.3984375 0.11484375 0.01875 0.01875
2 0.41875 0.1125 0.0171875 0.01875
2 0.42265625 0.10703125 0.015625 0.01875
2 0.453125 0.159375 0.0109375 0.025
2 0.478125 0.06953125 0.009375 0.0125
2 0.50859375 0.078125 0.00625 0.015625
2 0.5296875 0.134375 0.0078125 0.01875
2 0.23515625 0.259375 0.0171875 0.046875
3 0.278125 0.26484375 0.009375 0.0125
10 0.2609375 0.3265625 0.00625 0.01875
10 0.26015625 0.40078125 0.009375 0.021875
3 0.29609375 0.22265625 0.00625 0.009375
4 0.30859375 0.23046875 0.003125 0.00625
6 0.30859375 0.22734375 0.003125 0.009375
3 0.31015625 0.2234375 0.00625 0.0109375
3 0.32265625 0.22578125 0.00625 0.009375
6 0.32109375 0.23515625 0.003125 0.009375
3 0.3109375 0.253125 0.009375 0.0125
10 0.31484375 0.24140625 0.0078125 0.0125
3 0.3328125 0.2328125 0.00625 0.0109375
3 0.32265625 0.2546875 0.009375 0.0109375
10 0.33515625 0.26640625 0.00625 0.0140625
10 0.353125 0.24921875 0.00625 0.015625
10 0.3484375 0.278125 0.00625 0.0203125
3 0.36328125 0.21953125 0.00625 0.0125
10 0.36953125 0.23828125 0.00625 0.01875
10 0.3875 0.225 0.00625 0.015625
3 0.40078125 0.22578125 0.00625 0.0125
10 0.4140625 0.22421875 0.00625 0.015625
10 0.4265625 0.228125 0.00625 0.0125
2 0.43671875 0.26796875 0.0140625 0.046875
3 0.6125 0.08046875 0.009375 0.00625
3 0.53203125 0.02265625 0.003125 0.0046875
3 0.5234375 0.01875 0.003125 0.00625
3 0.52890625 0.02265625 0.003125 0.0046875
3 0.5359375 0.02734375 0.003125 0.003125
3 0.51875 0.0265625 0.003125 0.0046875
3 0.52265625 0.02734375 0.003125 0.003125
3 0.5140625 0.04921875 0.003125 0.003125
10 0.5078125 0.0484375 0.003125 0.00625
9 0.5109375 0.06484375 0.00625 0.009375
3 0.5140625 0.06875 0.003125 0.00625
3 0.5 0.07109375 0.003125 0.0046875
3 0.5015625 0.08046875 0.003125 0.0046875
3 0.4984375 0.053125 0.003125 0.003125
10 0.49296875 0.05625 0.003125 0.00625
3 0.49609375 0.05859375 0.003125 0.00625
3 0.5046875 0.0609375 0.003125 0.0046875
3 0.48359375 0.0640625 0.003125 0.0046875
3 0.52578125 0.10546875 0.003125 0.00625
3 0.56484375 0.08828125 0.003125 0.00625
3 0.5671875 0.09140625 0.003125 0.00625
3 0.56953125 0.09453125 0.003125 0.00625
3 0.5703125 0.09921875 0.00625 0.00625
2 0.59609375 0.159375 0.009375 0.034375
10 0.58125 0.06875 0.00625 0.00625
10 0.58359375 0.071875 0.00625 0.00625
10 0.59765625 0.0828125 0.0109375 0.009375
10 0.5984375 0.08671875 0.009375 0.009375
10 0.603125 0.090625 0.0125 0.009375
10 0.60625 0.09609375 0.0125 0.0125
3 0.60859375 0.09921875 0.009375 0.009375
3 0.61171875 0.10234375 0.0109375 0.009375
10 0.6140625 0.10546875 0.0125 0.009375
3 0.58828125 0.1890625 0.0109375 0.0109375
2 0.4609375 0.078125 0.009375 0.015625
2 0.45546875 0.09375 0.009375 0.0140625
2 0.4484375 0.08984375 0.0125 0.015625
3 0.446875 0.103125 0.0046875 0.00625
3 0.47265625 0.1046875 0.003125 0.00625
3 0.43671875 0.1078125 0.00625 0.00625
3 0.45625 0.11796875 0.00625 0.00625
3 0.465625 0.12890625 0.0046875 0.00625
10 0.45390625 0.134375 0.00625 0.009375
3 0.4359375 0.17890625 0.0140625 0.009375
3 0.36640625 0.15078125 0.00625 0.00625
3 0.37421875 0.14609375 0.009375 0.00625
3 0.3875 0.13359375 0.00625 0.00625
10 0.38203125 0.14140625 0.00625 0.009375
10 0.39375 0.13515625 0.0078125 0.00625
10 0.3953125 0.1296875 0.00625 0.00625
10 0.4046875 0.1296875 0.00625 0.009375
10 0.4125 0.12734375 0.00625 0.00625
3 0.4171875 0.12421875 0.00625 0.00625
3 0.42265625 0.12109375 0.00625 0.00625
3 0.4015625 0.1453125 0.00625 0.00625
3 0.40859375 0.1703125 0.00625 0.009375
10 0.39296875 0.16796875 0.00625 0.009375
10 0.409375 0.15078125 0.00625 0.009375
10 0.4234375 0.14609375 0.00625 0.0109375
2 0.27265625 0.553125 0.025 0.09375
2 0.421875 0.68359375 0.0234375 0.09375
3 0.39375 0.66015625 0.0140625 0.046875
10 0.36796875 0.54296875 0.0125 0.0359375
3 0.40625 0.50625 0.009375 0.034375
10 0.421875 0.48515625 0.009375 0.03125
2 0.41875 0.5546875 0.0203125 0.1140625
3 0.3296875 0.32734375 0.0078125 0.015625
10 0.35546875 0.3921875 0.009375 0.0296875
10 0.3875 0.359375 0.009375 0.0265625
3 0.3984375 0.33046875 0.0078125 0.01875
3 0.4296875 0.353125 0.009375 0.01875
10 0.42734375 0.378125 0.009375 0.025
2 0.425 0.42265625 0.0171875 0.0796875
9 0.54140625 0.24296875 0.009375 0.021875
6 0.54453125 0.2734375 0.003125 0.009375
7 0.55078125 0.3328125 0.003125 0.009375
7 0.55078125 0.33046875 0.003125 0.009375
9 0.49609375 0.36796875 0.0109375 0.028125
5 0.45859375 0.35703125 0.0109375 0.025
3 0.4765625 0.36640625 0.009375 0.01875
3 0.53671875 0.43984375 0.0125 0.01875
3 0.51875 0.45625 0.009375 0.021875
10 0.5015625 0.4484375 0.009375 0.0234375
10 0.48828125 0.44375 0.0109375 0.028125
5 0.4828125 0.478125 0.015625 0.034375
9 0.53359375 0.528125 0.0203125 0.08125
9 0.54140625 0.6109375 0.0234375 0.0875
5 0.5515625 0.69296875 0.0234375 0.06875
4 0.484375 0.6484375 0.01875 0.021875
4 0.48515625 0.66328125 0.00625 0.025
3 0.48671875 0.71953125 0.03125 0.01875
10 0.48984375 0.62109375 0.028125 0.040625
3 0.4875 0.59453125 0.025 0.034375
10 0.4890625 0.571875 0.021875 0.03125
10 0.4875 0.546875 0.025 0.0375
10 0.484375 0.52421875 0.021875 0.03125
10 0.48359375 0.50546875 0.025 0.0296875
2 0.684375 0.6234375 0.0484375 0.121875
10 0.6640625 0.31953125 0.0125 0.01875
10 0.65703125 0.3046875 0.0125 0.01875
10 0.65078125 0.29609375 0.0109375 0.0203125
2 0.67265625 0.25625 0.028125 0.040625
2 0.671875 0.23046875 0.021875 0.025
2 0.68671875 0.2578125 0.028125 0.04375
2 0.715625 0.2546875 0.01875 0.028125
2 0.703125 0.2328125 0.03125 0.034375
2 0.71484375 0.240625 0.01875 0.03125
2 0.7203125 0.23671875 0.009375 0.025