3 0.37734375 0.38359375 0.021875 0.0640625
3 0.3671875 0.3109375 0.021875 0.05390625
4 0.265625 0.42109375 0.00625 0.0296875
7 0.265625 0.41640625 0.00546875 0.0140625
7 0.265625 0.4109375 0.00546875 0.01328125
3 0.01953125 0.790625 0.0375 0.065625
4 0.2921875 0.42109375 0.00859375 0.0296875
4 0.28359375 0.459375 0.00703125 0.02578125
6 0.57734375 0.26171875 0.00546875 0.02421875
6 0.58359375 0.26171875 0.00546875 0.025
6 0.59375 0.275 0.00546875 0.02421875
6 0.6078125 0.3578125 0.0046875 0.0234375
4 0.69609375 0.5609375 0.01796875 0.0265625
4 0.6703125 0.446875 0.01171875 0.01484375
4 0.721875 0.57578125 0.0140625 0.02421875
4 0.725 0.53125 0.0078125 0.0140625
6 0.65625 0.4390625 0.00703125 0.021875
6 0.63671875 0.33046875 0.00390625 0.01953125
6 0.63046875 0.32421875 0.0046875 0.01640625
6 0.62421875 0.3140625 0.00546875 0.01796875
7 0.2921875 0.4140625 0.00703125 0.01796875
7 0.284375 0.45390625 0.00703125 0.0203125
7 0.69921875 0.55703125 0.009375 0.021875
7 0.72578125 0.57265625 0.00546875 0.015625