3 0.35390625 0.19609375 0.00390625 0.00625
3 0.35078125 0.2 0.00546875 0.00703125
3 0.321875 0.209375 0.00546875 0.01015625
3 0.33046875 0.2359375 0.00546875 0.01015625
3 0.32265625 0.2359375 0.00546875 0.01015625
3 0.3453125 0.2484375 0.0078125 0.015625
3 0.359375 0.23203125 0.00546875 0.01015625
3 0.36171875 0.278125 0.009375 0.01171875
3 0.37265625 0.2765625 0.009375 0.01015625
3 0.38125 0.2703125 0.00625 0.0109375
3 0.371875 0.26796875 0.00625 0.0109375
3 0.35859375 0.27109375 0.01171875 0.01171875
3 0.32578125 0.4140625 0.0125 0.0265625
3 0.32421875 0.44453125 0.01328125 0.03046875
3 0.3234375 0.48125 0.0125 0.03203125
3 0.34375 0.4953125 0.015625 0.03671875
3 0.365625 0.478125 0.01640625 0.03828125
3 0.3703125 0.528125 0.0171875 0.04609375
3 0.3453125 0.54375 0.01875 0.0484375
3 0.3203125 0.5265625 0.01484375 0.04375
3 0.31484375 0.56953125 0.0171875 0.0484375
3 0.346875 0.603125 0.01875 0.05546875
3 0.37578125 0.57734375 0.01953125 0.04921875
3 0.3796875 0.65703125 0.02109375 0.06875
3 0.34609375 0.665625 0.02265625 0.0703125
3 0.3140625 0.65234375 0.02109375 0.06171875
7 0.19296875 0.85546875 0.01484375 0.0390625
7 0.26640625 0.553125 0.00546875 0.0109375
7 0.25703125 0.5734375 0.00546875 0.01484375
4 0.2671875 0.56328125 0.0046875 0.01796875
4 0.25625 0.5859375 0.00546875 0.01875
4 0.190625 0.86796875 0.01015625 0.02890625
6 0.215625 0.575 0.0078125 0.02578125
7 0.24375 0.60078125 0.00546875 0.01328125
7 0.25078125 0.603125 0.00546875 0.01640625
7 0.259375 0.60390625 0.00546875 0.0140625
4 0.26015625 0.61796875 0.00703125 0.021875
4 0.24296875 0.61328125 0.00546875 0.015625
4 0.25078125 0.6140625 0.00625 0.01171875
7 0.21328125 0.759375 0.009375 0.01953125
7 0.24765625 0.78671875 0.00703125 0.01875
7 0.2296875 0.79375 0.00859375 0.01875
7 0.171875 0.840625 0.009375 0.034375
4 0.2296875 0.81328125 0.01015625 0.03125
4 0.2484375 0.80390625 0.01015625 0.02109375
4 0.21328125 0.77578125 0.00625 0.02421875
4 0.171875 0.846875 0.01953125 0.034375
6 0.11796875 0.86015625 0.01640625 0.0390625
7 0.2578125 0.79921875 0.00703125 0.01875
4 0.15859375 0.74375 0.01875 0.05
3 0.31328125 0.29609375 0.01796875 0.01796875
6 0.659375 0.728125 0.00625 0.028125
6 0.66796875 0.73125 0.00859375 0.03515625
7 0.71796875 0.8140625 0.01484375 0.028125
4 0.7140625 0.82109375 0.01796875 0.01875
6 0.284375 0.22109375 0.00234375 0.009375
6 0.28984375 0.21015625 0.00234375 0.00703125