3 0.61953125 0.99375 0.034375 0.0125
3 0.58671875 0.88515625 0.02578125 0.05
3 0.5765625 0.828125 0.02265625 0.040625
3 0.3859375 0.89375 0.06328125 0.0453125
3 0.3875 0.865625 0.06328125 0.03984375
3 0.39609375 0.8421875 0.05234375 0.03984375
3 0.40859375 0.80390625 0.053125 0.03828125
3 0.4109375 0.78671875 0.03984375 0.03125
3 0.403125 0.76015625 0.04296875 0.02421875
3 0.415625 0.75 0.04140625 0.02578125
3 0.42890625 0.73828125 0.03984375 0.0265625
7 0.5625 0.9734375 0.00859375 0.03125
7 0.46484375 0.83203125 0.00625 0.03125
7 0.44375 0.82890625 0.00703125 0.02890625
7 0.5703125 0.73125 0.0078125 0.01875
7 0.61640625 0.78125 0.00625 0.025
4 0.56328125 0.9796875 0.01015625 0.03671875
1 0.46484375 0.8390625 0.009375 0.034375
1 0.44453125 0.8390625 0.01328125 0.0234375
1 0.61796875 0.78671875 0.01484375 0.01796875
1 0.56953125 0.73359375 0.009375 0.0234375
3 0.5921875 0.721875 0.01484375 0.03359375
3 0.55625 0.69609375 0.0140625 0.0234375
3 0.55234375 0.678125 0.01328125 0.0203125
3 0.54765625 0.66171875 0.01328125 0.01640625
3 0.546875 0.64609375 0.01328125 0.01640625
3 0.45234375 0.66640625 0.0140625 0.028125
3 0.43828125 0.640625 0.02578125 0.01875
3 0.4375 0.63046875 0.025 0.01640625
3 0.43828125 0.6234375 0.025 0.01328125
3 0.43828125 0.6125 0.02109375 0.015625
9 0.64140625 0.86953125 0.03828125 0.08828125
5 0.6296875 0.80078125 0.02890625 0.05078125
1 0.4078125 0.7109375 0.0125 0.01171875
6 0.578125 0.68828125 0.00390625 0.021875
6 0.57265625 0.6890625 0.0046875 0.021875
3 0.77265625 0.7578125 0.04375 0.02890625
3 0.53828125 0.60625 0.00859375 0.015625
3 0.5359375 0.584375 0.00859375 0.0140625
3 0.53125 0.5578125 0.00546875 0.01015625
3 0.52890625 0.54609375 0.00625 0.009375
3 0.51875 0.5265625 0.01171875 0.00859375
3 0.5109375 0.52421875 0.0109375 0.00703125
3 0.52734375 0.5125 0.00546875 0.00859375
3 0.52734375 0.509375 0.00390625 0.009375
3 0.5078125 0.49921875 0.00390625 0.00703125
3 0.51171875 0.49140625 0.003125 0.00703125
3 0.50234375 0.50546875 0.00625 0.00703125
3 0.49375 0.5328125 0.0109375 0.01015625
3 0.4609375 0.57109375 0.00703125 0.01328125
3 0.45 0.56796875 0.00703125 0.0109375