10 0.02890625 0.075 0.0390625 0.0734375
10 0.09375 0.21015625 0.046875 0.084375
6 0.096875 0.03828125 0.0078125 0.021875
6 0.10546875 0.03515625 0.0109375 0.0171875
6 0.11484375 0.0515625 0.0078125 0.0234375
6 0.12109375 0.046875 0.0078125 0.025
6 0.12734375 0.0453125 0.0078125 0.025
6 0.1390625 0.0921875 0.0109375 0.03125
6 0.14765625 0.1078125 0.0078125 0.025
6 0.17734375 0.128125 0.0078125 0.028125
6 0.17421875 0.13359375 0.0078125 0.028125
6 0.16796875 0.140625 0.009375 0.025
6 0.16640625 0.15 0.0078125 0.028125
6 0.028125 0.58125 0.0171875 0.0296875
6 0.03203125 0.53984375 0.0171875 0.0296875
6 0.03515625 0.53203125 0.0171875 0.0328125
6 0.0609375 0.56875 0.01875 0.0359375
6 0.10625 0.70078125 0.01875 0.0265625
6 0.10703125 0.71484375 0.0203125 0.0234375
6 0.11328125 0.7359375 0.0171875 0.0265625
10 0.42421875 0.6921875 0.08125 0.0890625
3 0.65 0.48046875 0.065625 0.09375
2 0.53828125 0.5140625 0.103125 0.153125
6 0.48359375 0.49765625 0.0109375 0.0296875
6 0.478125 0.50546875 0.0109375 0.028125
6 0.46640625 0.51953125 0.0109375 0.0359375
6 0.434375 0.525 0.0078125 0.025
6 0.4390625 0.51640625 0.0109375 0.0234375
6 0.4515625 0.49296875 0.0109375 0.028125
6 0.44453125 0.4703125 0.009375 0.025
6 0.43828125 0.48203125 0.0078125 0.03125
6 0.428125 0.49921875 0.009375 0.028125
6 0.415625 0.4953125 0.0078125 0.021875
6 0.3640625 0.384375 0.0109375 0.0296875
6 0.35625 0.47890625 0.0109375 0.028125
7 0.35390625 0.47578125 0.00625 0.0140625
6 0.33203125 0.45859375 0.0078125 0.028125
6 0.3296875 0.4921875 0.0078125 0.03125
6 0.3171875 0.46875 0.0078125 0.028125
6 0.32734375 0.4796875 0.0078125 0.028125
6 0.28984375 0.3484375 0.0109375 0.028125
3 0.2203125 0.38125 0.053125 0.096875
10 0.18125 0.4078125 0.0546875 0.10625
6 0.24453125 0.23515625 0.0078125 0.028125
6 0.2421875 0.24375 0.0078125 0.0265625
6 0.246875 0.23984375 0.0078125 0.025
6 0.25625 0.27734375 0.0140625 0.0296875
6 0.2546875 0.290625 0.0078125 0.01875
6 0.26015625 0.271875 0.0078125 0.01875