10 0.490625 0.45859375 0.0640625 0.08125
3 0.54140625 0.43671875 0.046875 0.053125
3 0.596875 0.41171875 0.0421875 0.0484375
6 0.5234375 0.3484375 0.0125 0.025
10 0.7265625 0.3484375 0.034375 0.0421875
3 0.7828125 0.38359375 0.0328125 0.0375
10 0.76171875 0.334375 0.03125 0.0390625
10 0.78046875 0.325 0.0296875 0.0390625
10 0.87265625 0.32578125 0.0265625 0.0328125
9 0.91015625 0.303125 0.0390625 0.04375
3 0.9 0.259375 0.021875 0.025
3 0.93515625 0.23828125 0.021875 0.0234375
3 0.9953125 0.1953125 0.009375 0.01875
7 0.2671875 0.34140625 0.0109375 0.0140625
7 0.35234375 0.39375 0.0109375 0.0234375
7 0.27265625 0.2234375 0.0109375 0.0171875
7 0.26015625 0.1796875 0.0125 0.0203125
3 0.09921875 0.33671875 0.0625 0.059375
3 0.06484375 0.3125 0.059375 0.0546875
7 0.53671875 0.7234375 0.0171875 0.0265625
4 0.5328125 0.7328125 0.0265625 0.0328125