4 0.33515625 0.69296875 0.01640625 0.04453125
7 0.371875 0.67578125 0.0125 0.028125
4 0.37265625 0.67421875 0.01015625 0.059375
3 0.403125 0.60703125 0.04765625 0.146875
8 0.36171875 0.47578125 0.01640625 0.06171875
7 0.359375 0.46171875 0.0109375 0.03203125
1 0.32890625 0.40546875 0.00859375 0.0546875
7 0.328125 0.39921875 0.01171875 0.02578125
4 0.31171875 0.3734375 0.02109375 0.0640625
6 0.3328125 0.19375 0.0078125 0.03359375
6 0.309375 0.2015625 0.009375 0.0265625
6 0.29765625 0.2125 0.01171875 0.0265625
6 0.30234375 0.19453125 0.01015625 0.0296875
0 0.28359375 0.2453125 0.02578125 0.10546875