3 0.25859375 0.76328125 0.0421875 0.15
10 0.2109375 0.88984375 0.04296875 0.140625
10 0.23515625 0.60078125 0.03984375 0.14375
3 0.28984375 0.31171875 0.028125 0.08984375
3 0.3 0.1640625 0.02265625 0.06640625
3 0.29375 0.109375 0.01953125 0.06015625
3 0.30234375 0.05703125 0.02109375 0.06328125
3 0.4421875 0.47421875 0.03046875 0.09609375
3 0.41953125 0.215625 0.02109375 0.06328125
10 0.41640625 0.1484375 0.01953125 0.05625
10 0.509375 0.2015625 0.0578125 0.046875
3 0.5078125 0.23671875 0.05390625 0.05390625
3 0.490625 0.43125 0.03359375 0.10625
6 0.44609375 0.10859375 0.00703125 0.03203125
4 0.66015625 0.92265625 0.028125 0.06796875
10 0.59296875 0.88828125 0.07265625 0.16328125
10 0.61796875 0.76328125 0.08125 0.0796875
3 0.59609375 0.69453125 0.08671875 0.0703125
3 0.46171875 0.75390625 0.040625 0.1453125
7 0.42734375 0.8140625 0.0125 0.0265625
1 0.4265625 0.81953125 0.01171875 0.05859375
4 0.57421875 0.465625 0.02578125 0.025
4 0.56640625 0.434375 0.02578125 0.03125
7 0.58203125 0.35546875 0.009375 0.021875
4 0.553125 0.41328125 0.02421875 0.03203125
2 0.5484375 0.36640625 0.0296875 0.0484375
4 0.5140625 0.153125 0.01953125 0.02890625
4 0.49765625 0.14609375 0.01640625 0.0203125
5 0.50859375 0.11953125 0.02109375 0.02421875
4 0.48984375 0.046875 0.0140625 0.021875