3 0.03125 0.2453125 0.0625 0.090625
3 0.02578125 0.490625 0.0515625 0.128125
3 0.05703125 0.425 0.07421875 0.11875
3 0.109375 0.3671875 0.07734375 0.11171875
3 0.15390625 0.3265625 0.06796875 0.10546875
3 0.31015625 0.41640625 0.08671875 0.12109375
3 0.2265625 0.32109375 0.0859375 0.12578125
6 0.33515625 0.32421875 0.01328125 0.04296875
6 0.309375 0.3453125 0.01640625 0.04609375
6 0.24140625 0.2421875 0.01484375 0.0359375
8 0.2796875 0.27578125 0.02421875 0.03984375
7 0.26875 0.25078125 0.01328125 0.03828125
6 0.2015625 0.23515625 0.01875 0.04296875
6 0.22421875 0.1953125 0.01640625 0.0484375
3 0.16640625 0.128125 0.07265625 0.078125
6 0.0484375 0.09140625 0.02578125 0.0515625
3 0.44765625 0.0265625 0.05859375 0.04921875
3 0.49140625 0.01875 0.05390625 0.03671875
10 0.4359375 0.13515625 0.07890625 0.0984375
3 0.4953125 0.1234375 0.07109375 0.0796875
3 0.55078125 0.234375 0.08984375 0.090625
3 0.68046875 0.2609375 0.09140625 0.10546875
3 0.68828125 0.35546875 0.07890625 0.13671875
6 0.58046875 0.61640625 0.0265625 0.0640625
6 0.62421875 0.5765625 0.03125 0.05546875
6 0.40859375 0.38125 0.015625 0.04921875
6 0.29453125 0.74140625 0.0203125 0.0453125
3 0.43359375 0.3421875 0.08515625 0.134375