3 0.36875 0.86015625 0.01796875 0.078125
3 0.39921875 0.75234375 0.0171875 0.06171875
3 0.37578125 0.62578125 0.015625 0.05078125
3 0.409375 0.5046875 0.01328125 0.03359375
3 0.421875 0.265625 0.00859375 0.021875
3 0.4125 0.19140625 0.0078125 0.01953125
3 0.4125 0.04453125 0.0046875 0.01015625
3 0.42109375 0.053125 0.00546875 0.01015625
3 0.42734375 0.0609375 0.00546875 0.009375
3 0.40703125 0.12421875 0.00625 0.01484375
3 0.4046875 0.17890625 0.00703125 0.01875
3 0.390625 0.36640625 0.01015625 0.034375
10 0.41171875 0.58671875 0.0140625 0.04453125
10 0.41875 0.1109375 0.00703125 0.01484375
4 0.42421875 0.065625 0.00234375 0.009375
4 0.38984375 0.434375 0.00390625 0.01796875
4 0.3859375 0.47578125 0.0046875 0.0203125
4 0.39609375 0.45859375 0.00546875 0.01953125
4 0.41015625 0.44296875 0.00625 0.01796875
4 0.421875 0.41796875 0.0046875 0.01796875
1 0.421875 0.7484375 0.00546875 0.021875
4 0.35859375 0.56171875 0.0078125 0.02109375
6 0.38203125 0.246875 0.003125 0.0140625
6 0.42734375 0.20625 0.00234375 0.0109375
1 0.359375 0.62109375 0.00859375 0.0234375
7 0.3859375 0.4734375 0.00390625 0.0109375
7 0.3953125 0.45546875 0.00390625 0.00859375
7 0.4109375 0.44140625 0.00390625 0.01015625
7 0.421875 0.4171875 0.00390625 0.01015625