3 0.39765625 0.62421875 0.065625 0.08125
3 0.37734375 0.721875 0.0671875 0.0890625
3 0.3546875 0.82265625 0.065625 0.0828125
3 0.33359375 0.9171875 0.0671875 0.0890625
3 0.40859375 0.4125 0.0671875 0.0859375
3 0.29375 0.30625 0.0859375 0.1015625
3 0.4734375 0.59296875 0.0859375 0.0734375
3 0.440625 0.4703125 0.0640625 0.0734375
10 0.421875 0.5421875 0.0734375 0.0734375
10 0.46640625 0.37109375 0.0703125 0.0859375
10 0.528125 0.37890625 0.0828125 0.090625
10 0.5125 0.45703125 0.0859375 0.0578125
10 0.58046875 0.56484375 0.0640625 0.0640625
3 0.55625 0.646875 0.0625 0.071875
3 0.54453125 0.71875 0.0578125 0.0625
3 0.53125 0.78671875 0.0609375 0.0625
3 0.51796875 0.86796875 0.05625 0.071875
3 0.50078125 0.95234375 0.0609375 0.0671875
3 0.41953125 0.86640625 0.0890625 0.0875
3 0.41015625 0.9375 0.1078125 0.09375
3 0.4921875 0.5265625 0.0734375 0.0734375
3 0.55546875 0.5015625 0.059375 0.071875
3 0.6 0.42578125 0.0640625 0.06875
6 0.50703125 0.775 0.0453125 0.01875
6 0.57265625 0.29296875 0.0421875 0.025
6 0.6046875 0.321875 0.0328125 0.0171875
9 0.7 0.53984375 0.0734375 0.0703125