3 0.8625 0.44453125 0.0703125 0.1140625
3 0.97578125 0.7 0.0484375 0.1375
3 0.95859375 0.528125 0.0734375 0.11875
3 0.90703125 0.3875 0.0671875 0.109375
3 0.54453125 0.684375 0.084375 0.128125
3 0.58671875 0.08984375 0.04375 0.0625
3 0.67421875 0.1 0.05 0.075
3 0.5515625 0.0984375 0.04375 0.0625
3 0.34765625 0.66328125 0.0875 0.115625
3 0.4328125 0.66171875 0.0796875 0.1125
3 0.321875 0.39765625 0.0671875 0.0703125
6 0.8859375 0.228125 0.0203125 0.0296875
6 0.4671875 0.06015625 0.015625 0.028125
6 0.45546875 0.27578125 0.0171875 0.03125
6 0.47265625 0.8484375 0.0171875 0.01875
6 0.496875 0.84140625 0.015625 0.015625
3 0.3125 0.5953125 0.065625 0.0875
6 0.38046875 0.44453125 0.0125 0.021875
6 0.3859375 0.35 0.015625 0.021875
10 0.4109375 0.40703125 0.0578125 0.0796875
10 0.41875 0.51171875 0.0703125 0.109375
6 0.40078125 0.53359375 0.015625 0.025
6 0.3984375 0.328125 0.0140625 0.0203125
6 0.38984375 0.32734375 0.015625 0.0296875
3 0.4109375 0.08203125 0.0515625 0.0640625
3 0.36171875 0.05859375 0.04375 0.0515625
0 0.34609375 0.3125 0.034375 0.0375
6 0.46171875 0.0359375 0.0109375 0.025
6 0.4578125 0.03515625 0.0109375 0.025
3 0.75703125 0.8546875 0.0828125 0.1140625
3 0.52421875 0.965625 0.0609375 0.0640625
6 0.39921875 0.02109375 0.0140625 0.025
3 0.3609375 0.03828125 0.05 0.0484375
3 0.35625 0.08203125 0.0546875 0.0609375
3 0.340625 0.20625 0.0640625 0.06875
3 0.3375 0.24140625 0.0671875 0.0734375
3 0.35234375 0.14921875 0.059375 0.0625
3 0.34296875 0.1765625 0.0609375 0.0625
7 0.41015625 0.22109375 0.015625 0.028125
1 0.4140625 0.22734375 0.0234375 0.0265625
6 0.39296875 0.38671875 0.0140625 0.0234375
10 0.32890625 0.27421875 0.0671875 0.0703125
7 0.34140625 0.2953125 0.0109375 0.0171875
3 0.3171875 0.44453125 0.075 0.078125
3 0.31171875 0.49296875 0.0765625 0.08125
4 0.32734375 0.35703125 0.0234375 0.028125