3 0.5796875 0.37109375 0.02578125 0.06875
3 0.68828125 0.37890625 0.03671875 0.06015625
2 0.496875 0.31640625 0.02109375 0.071875
9 0.48828125 0.17890625 0.01953125 0.075
3 0.515625 0.15078125 0.01640625 0.046875
3 0.490625 0.08359375 0.0140625 0.03125
3 0.54921875 0.10859375 0.01796875 0.04375
3 0.53046875 0.03203125 0.015625 0.021875
3 0.5390625 0.02421875 0.01484375 0.0265625
3 0.1078125 0.1203125 0.01640625 0.0203125
3 0.11484375 0.10546875 0.0109375 0.01484375
3 0.10390625 0.0890625 0.01015625 0.015625
3 0.0734375 0.140625 0.0171875 0.01953125
3 0.01328125 0.18515625 0.025 0.0203125
3 0.08515625 0.27890625 0.03203125 0.03828125
3 0.1140625 0.2578125 0.025 0.02109375
3 0.0765625 0.271875 0.03046875 0.034375
3 0.06875 0.265625 0.02890625 0.03046875
3 0.046875 0.24375 0.02265625 0.0140625
3 0.0390625 0.2421875 0.0265625 0.01796875
3 0.03515625 0.23203125 0.028125 0.01796875
3 0.021875 0.2203125 0.025 0.0203125
3 0.0609375 0.21640625 0.02578125 0.0234375
3 0.05390625 0.25234375 0.02578125 0.03046875
3 0.11796875 0.33203125 0.02578125 0.02578125
3 0.09921875 0.24609375 0.01953125 0.01796875
3 0.0921875 0.24140625 0.02421875 0.015625
3 0.0828125 0.23359375 0.02265625 0.01640625
3 0.0765625 0.228125 0.02734375 0.0203125
3 0.17421875 0.23046875 0.01953125 0.021875
3 0.16328125 0.225 0.01875 0.021875
3 0.153125 0.21796875 0.02265625 0.025
10 0.14375 0.21015625 0.01875 0.021875
10 0.13828125 0.20546875 0.01484375 0.0203125
10 0.11015625 0.190625 0.01640625 0.01796875
10 0.09453125 0.17578125 0.025 0.02890625
10 0.13046875 0.16875 0.02578125 0.025
3 0.1453125 0.18203125 0.02265625 0.01875
3 0.15703125 0.19140625 0.01328125 0.01796875
3 0.12265625 0.196875 0.01796875 0.01484375
3 0.0828125 0.175 0.01796875 0.01875
10 0.0359375 0.32734375 0.03828125 0.03984375
10 0.02890625 0.31640625 0.03671875 0.0296875
10 0.015625 0.3109375 0.028125 0.025
10 0.0140625 0.29609375 0.02421875 0.0203125
10 0.2234375 0.178125 0.02109375 0.0265625
9 0.20703125 0.2609375 0.040625 0.05
9 0.27109375 0.209375 0.0328125 0.05078125
9 0.2953125 0.2234375 0.03515625 0.05546875
9 0.30703125 0.23125 0.03671875 0.05859375
9 0.32265625 0.234375 0.03203125 0.05
9 0.33828125 0.2421875 0.03125 0.05078125
9 0.35 0.25078125 0.03203125 0.05
9 0.28359375 0.31328125 0.04765625 0.06171875
9 0.3609375 0.2609375 0.0296875 0.0546875
9 0.2546875 0.296875 0.0453125 0.05625
9 0.2390625 0.28984375 0.03984375 0.05703125
3 0.46015625 0.05703125 0.01015625 0.01640625
3 0.259375 0.36796875 0.0328125 0.04609375
3 0.24453125 0.34921875 0.02578125 0.04140625
3 0.22734375 0.334375 0.02421875 0.03046875
3 0.21953125 0.325 0.02734375 0.03125
3 0.2046875 0.321875 0.0171875 0.03203125
3 0.19453125 0.3125 0.01953125 0.0359375
3 0.175 0.2984375 0.02734375 0.028125
10 0.165625 0.2859375 0.03359375 0.0390625
10 0.16484375 0.40078125 0.03203125 0.04375
3 0.18046875 0.3875 0.0296875 0.034375
3 0.25625 0.4484375 0.03671875 0.04375
3 0.2375 0.47109375 0.02578125 0.03671875
3 0.10859375 0.375 0.028125 0.03515625
3 0.10390625 0.33984375 0.01953125 0.028125
10 0.08515625 0.35078125 0.02734375 0.03828125
10 0.1359375 0.55234375 0.03828125 0.05625
10 0.128125 0.6140625 0.0234375 0.05859375
3 0.084375 0.56640625 0.02421875 0.04921875
3 0.10234375 0.59765625 0.02421875 0.0640625
10 0.0671875 0.5515625 0.02421875 0.046875
3 0.1234375 0.534375 0.03828125 0.05078125
3 0.11015625 0.51796875 0.0375 0.04921875
3 0.0953125 0.50625 0.03828125 0.04921875
3 0.08203125 0.4890625 0.03984375 0.04921875
3 0.06875 0.478125 0.0359375 0.04609375
3 0.05546875 0.46171875 0.04296875 0.046875
3 0.07578125 0.39921875 0.034375 0.0484375
3 0.05859375 0.41328125 0.03046875 0.046875
3 0.03984375 0.428125 0.02734375 0.040625
3 0.01640625 0.44375 0.03203125 0.04453125
3 0.0171875 0.4046875 0.02265625 0.03359375
3 0.0328125 0.38671875 0.02109375 0.025
3 0.05390625 0.37578125 0.01875 0.0234375
3 0.07109375 0.36328125 0.01875 0.02109375
3 0.66328125 0.09921875 0.015625 0.01796875
3 0.70390625 0.05234375 0.01953125 0.015625
3 0.68515625 0.0375 0.01640625 0.015625
3 0.6890625 0.025 0.01015625 0.009375
3 0.67578125 0.05234375 0.01640625 0.015625
3 0.66953125 0.05625 0.01484375 0.01171875
3 0.66640625 0.0625 0.01640625 0.0140625
10 0.6046875 0.01875 0.01171875 0.0203125
10 0.57734375 0.0328125 0.0125 0.0234375
3 0.1234375 0.26875 0.02890625 0.028125
10 0.09609375 0.28515625 0.03359375 0.040625
10 0.1015625 0.18359375 0.025 0.02578125
3 0.34453125 0.12578125 0.0109375 0.02109375
3 0.346875 0.034375 0.01484375 0.015625
3 0.33046875 0.04140625 0.00859375 0.0140625
6 0.41796875 0.04765625 0.00546875 0.0140625
2 0.26484375 0.66015625 0.11171875 0.13671875
6 0.31796875 0.44140625 0.0078125 0.0234375
3 0.68203125 0.5546875 0.04296875 0.06875
6 0.63046875 0.17890625 0.00546875 0.02109375