9 0.12109375 0.87890625 0.03203125 0.0265625
9 0.14140625 0.90546875 0.071875 0.03515625
9 0.140625 0.9359375 0.07265625 0.03046875
3 0.20625 0.81953125 0.009375 0.03125
10 0.225 0.81796875 0.01015625 0.028125
10 0.25859375 0.453125 0.02109375 0.015625
3 0.41875 0.9296875 0.01015625 0.0390625
4 0.42734375 0.9421875 0.00546875 0.015625
4 0.41171875 0.76875 0.0046875 0.01640625
4 0.4109375 0.515625 0.00546875 0.01796875
4 0.4125 0.340625 0.0046875 0.02109375
4 0.39609375 0.20703125 0.00859375 0.01015625
4 0.53203125 0.3109375 0.00546875 0.01875
4 0.553125 0.28125 0.00625 0.01796875
4 0.58359375 0.20546875 0.009375 0.0109375
6 0.53515625 0.14921875 0.00546875 0.01171875
6 0.53515625 0.18203125 0.0046875 0.009375
4 0.53515625 0.83125 0.00546875 0.015625
8 0.40546875 0.815625 0.0078125 0.03203125
3 0.41875 0.80234375 0.00859375 0.034375
3 0.4171875 0.684375 0.00859375 0.0390625
3 0.5125 0.903125 0.009375 0.0390625
3 0.5109375 0.8515625 0.0109375 0.03984375
2 0.51875 0.95546875 0.01796875 0.034375
10 0.51171875 0.8046875 0.01015625 0.03515625
10 0.5125 0.6921875 0.00859375 0.034375
10 0.51484375 0.646875 0.01171875 0.03671875
9 0.5109375 0.74765625 0.009375 0.03984375
9 0.51875 0.57265625 0.0171875 0.0734375
9 0.5328125 0.5859375 0.01328125 0.05859375
9 0.5359375 0.49453125 0.02109375 0.08515625
9 0.5171875 0.46953125 0.01484375 0.0484375
3 0.64140625 0.3890625 0.01796875 0.028125
3 0.52265625 0.3296875 0.01015625 0.03515625
3 0.509375 0.33125 0.00859375 0.034375
3 0.6734375 0.259375 0.0234375 0.0203125
10 0.70546875 0.25078125 0.02265625 0.01953125
3 0.5890625 0.22421875 0.0203125 0.01796875
9 0.61796875 0.2484375 0.08203125 0.03359375
9 0.6890625 0.22265625 0.0796875 0.03203125
9 0.428125 0.21796875 0.01171875 0.04921875
9 0.3609375 0.07890625 0.01953125 0.01953125
9 0.36640625 0.06328125 0.02421875 0.01640625
3 0.3921875 0.17265625 0.01796875 0.02109375
3 0.4078125 0.0890625 0.01015625 0.0359375
3 0.721875 0.14296875 0.0140625 0.03828125
3 0.1875 0.15390625 0.025 0.01953125
3 0.36015625 0.03671875 0.02109375 0.021875
3 0.36171875 0.0140625 0.01875 0.021875
3 0.30078125 0.02578125 0.021875 0.02109375
3 0.4234375 0.01640625 0.009375 0.0328125
3 0.3015625 0.00703125 0.021875 0.0140625
3 0.3359375 0.03828125 0.01015625 0.03515625
10 0.3625 0.1015625 0.01796875 0.01953125
9 0.2953125 0.0890625 0.00859375 0.02578125