3 0.56875 0.59140625 0.05234375 0.06171875
3 0.8390625 0.9734375 0.06484375 0.05234375
3 0.83828125 0.890625 0.059375 0.1265625
3 0.79765625 0.67421875 0.04296875 0.0703125
10 0.60546875 0.4609375 0.06640625 0.04609375
10 0.67578125 0.43203125 0.05546875 0.05390625
10 0.75625 0.440625 0.04609375 0.05390625
3 0.5078125 0.45546875 0.05546875 0.04296875
10 0.40859375 0.43125 0.06171875 0.05
10 0.33125 0.4234375 0.0625 0.05
6 0.70390625 0.428125 0.00703125 0.03515625
6 0.72109375 0.42578125 0.00625 0.034375
6 0.709375 0.42109375 0.00703125 0.034375
6 0.72734375 0.4171875 0.00859375 0.034375
3 0.66640625 0.265625 0.02578125 0.02421875
10 0.71015625 0.2375 0.01640625 0.0265625
3 0.66484375 0.20390625 0.0140625 0.01796875
3 0.6671875 0.190625 0.02109375 0.01796875
3 0.690625 0.1859375 0.01328125 0.02109375
3 0.22265625 0.4265625 0.04453125 0.0390625
6 0.25078125 0.41328125 0.00546875 0.034375
6 0.490625 0.25546875 0.00390625 0.01953125
6 0.48515625 0.25625 0.0046875 0.0203125
3 0.61015625 0.2296875 0.01875 0.01875
3 0.6125 0.25234375 0.02421875 0.025