3 0.1140625 0.2796875 0.02890625 0.07421875
9 0.1234375 0.4453125 0.046875 0.090625
3 0.2109375 0.53359375 0.05078125 0.04453125
0 0.2640625 0.43828125 0.03125 0.03203125
4 0.2875 0.47109375 0.01328125 0.03046875
4 0.30859375 0.45078125 0.0203125 0.021875
9 0.24765625 0.709375 0.0625 0.07890625
3 0.4640625 0.45234375 0.05078125 0.04921875
10 0.52734375 0.39921875 0.04921875 0.0640625
9 0.4703125 0.3859375 0.06171875 0.06640625
3 0.5328125 0.32421875 0.040625 0.06640625
3 0.55859375 0.2703125 0.02890625 0.06484375
3 0.56875 0.228125 0.03828125 0.04609375
3 0.51640625 0.215625 0.03984375 0.04375
3 0.5125 0.23671875 0.0328125 0.0359375
3 0.48828125 0.25625 0.0359375 0.05
3 0.646875 0.05859375 0.03046875 0.0609375
7 0.7015625 0.0671875 0.0078125 0.01953125
6 0.66015625 0.190625 0.009375 0.02578125
7 0.61640625 0.23828125 0.00859375 0.0203125
7 0.61640625 0.2296875 0.00703125 0.01875
4 0.615625 0.24609375 0.0078125 0.03671875
4 0.70078125 0.07265625 0.015625 0.0265625
7 0.69375 0.59921875 0.01015625 0.01796875
4 0.690625 0.60078125 0.025 0.01796875
7 0.6203125 0.85 0.01015625 0.0203125
7 0.62734375 0.846875 0.01015625 0.02421875
4 0.6234375 0.8484375 0.025 0.025
4 0.3390625 0.4234375 0.02109375 0.01796875
9 0.359375 0.47421875 0.0546875 0.06015625