7 0.20703125 0.59140625 0.03125 0.021875
7 0.2046875 0.6359375 0.05625 0.034375
7 0.1390625 0.815625 0.071875 0.0390625
7 0.20625 0.8359375 0.0515625 0.025
6 0.30625 0.5921875 0.053125 0.025
6 0.33125 0.621875 0.0421875 0.0234375
6 0.34453125 0.56171875 0.046875 0.0234375
6 0.2984375 0.43671875 0.0609375 0.0265625
3 0.24765625 0.09453125 0.1078125 0.109375
3 0.346875 0.1453125 0.084375 0.0875
3 0.43125 0.18828125 0.0734375 0.075
9 0.59609375 0.1671875 0.078125 0.065625
4 0.5765625 0.13984375 0.040625 0.01875
9 0.58671875 0.11484375 0.0578125 0.0625
6 0.62421875 0.17734375 0.03125 0.0140625
10 0.64296875 0.21875 0.0375 0.0375
7 0.72265625 0.24765625 0.0203125 0.0109375
9 0.77578125 0.21640625 0.03125 0.025
9 0.834375 0.27109375 0.0203125 0.021875
6 0.8234375 0.275 0.0140625 0.00625
6 0.825 0.2796875 0.0125 0.00625
9 0.8078125 0.33671875 0.0578125 0.0484375
10 0.85859375 0.36171875 0.021875 0.0203125
10 0.86484375 0.36953125 0.015625 0.015625
3 0.55859375 0.3703125 0.05 0.0609375
3 0.6546875 0.42734375 0.04375 0.0515625
3 0.73671875 0.60625 0.0390625 0.05
3 0.759375 0.59609375 0.0359375 0.04375
4 0.7703125 0.6296875 0.021875 0.0203125
10 0.72265625 0.503125 0.040625 0.046875
3 0.73828125 0.50625 0.0375 0.046875
3 0.76015625 0.50625 0.0328125 0.0390625
3 0.79140625 0.5078125 0.0296875 0.0390625
10 0.8046875 0.50859375 0.028125 0.0328125
3 0.81640625 0.5046875 0.025 0.03125
3 0.8421875 0.5046875 0.021875 0.028125
10 0.859375 0.5078125 0.021875 0.0140625
3 0.88984375 0.5046875 0.015625 0.01875
3 0.909375 0.50546875 0.0125 0.0171875
10 0.79375 0.58515625 0.0359375 0.0421875
6 0.79609375 0.60390625 0.025 0.009375
6 0.81484375 0.6140625 0.0234375 0.009375
6 0.80078125 0.54921875 0.025 0.0109375
3 0.8140625 0.5703125 0.0296875 0.0359375
6 0.809375 0.5890625 0.0203125 0.009375
6 0.8265625 0.59609375 0.021875 0.0078125
6 0.828125 0.6 0.0203125 0.0078125
6 0.8453125 0.6 0.0203125 0.0078125
6 0.846875 0.60234375 0.01875 0.0078125
10 0.825 0.57421875 0.0296875 0.0359375
4 0.84375 0.60078125 0.0171875 0.0125
3 0.8296875 0.57265625 0.028125 0.0328125
3 0.84296875 0.5671875 0.025 0.028125
10 0.85703125 0.5625 0.025 0.03125
3 0.8640625 0.5609375 0.0203125 0.0265625
3 0.8765625 0.55703125 0.0203125 0.025
3 0.88359375 0.5546875 0.0203125 0.025
3 0.88984375 0.55078125 0.01875 0.0234375
3 0.89609375 0.54921875 0.0171875 0.021875
3 0.89921875 0.55078125 0.015625 0.0203125
3 0.9015625 0.54765625 0.0171875 0.021875
3 0.9125 0.540625 0.0140625 0.0171875
3 0.91484375 0.53984375 0.015625 0.01875
3 0.91953125 0.53515625 0.0125 0.0171875
3 0.92109375 0.5375 0.0125 0.0140625
10 0.92265625 0.53203125 0.015625 0.015625
3 0.92578125 0.52734375 0.0125 0.0140625
3 0.92734375 0.525 0.0125 0.0140625
3 0.9203125 0.5578125 0.0125 0.0125
10 0.94140625 0.52578125 0.0140625 0.0125
6 0.91796875 0.509375 0.009375 0.0046875
3 0.91640625 0.5015625 0.0140625 0.0140625
10 0.934375 0.51171875 0.0109375 0.0109375
10 0.93671875 0.5109375 0.0125 0.0140625
3 0.93828125 0.503125 0.0078125 0.0109375
3 0.9390625 0.50234375 0.0078125 0.0109375
3 0.92421875 0.490625 0.009375 0.0140625
3 0.9390625 0.46640625 0.0078125 0.0109375
10 0.9078125 0.4328125 0.0125 0.009375
10 0.91875 0.428125 0.009375 0.0046875
3 0.92734375 0.41015625 0.0078125 0.0078125
3 0.928125 0.41796875 0.0078125 0.0078125
3 0.9296875 0.42421875 0.0078125 0.0078125
3 0.7234375 0.6703125 0.0453125 0.0421875
10 0.71796875 0.69765625 0.046875 0.0453125
6 0.70390625 0.68515625 0.03125 0.0140625
6 0.70390625 0.68828125 0.0375 0.0171875
3 0.6140625 0.7265625 0.065625 0.0671875
4 0.74140625 0.7265625 0.0234375 0.0125
1 0.725 0.7484375 0.0234375 0.0203125
10 0.7078125 0.7640625 0.059375 0.05625
3 0.7 0.80234375 0.05 0.0546875
3 0.69609375 0.8390625 0.05 0.05
3 0.67265625 0.884375 0.05625 0.0453125
10 0.68359375 0.9265625 0.0578125 0.0484375
3 0.653125 0.34140625 0.0390625 0.0328125
3 0.8453125 0.375 0.015625 0.0125
6 0.8703125 0.45234375 0.0125 0.00625
5 0.6640625 0.02578125 0.0625 0.0515625
5 0.76328125 0.196875 0.065625 0.0453125
5 0.8046875 0.2484375 0.0609375 0.04375
5 0.85625 0.26953125 0.053125 0.0328125