3 0.67890625 0.64609375 0.059375 0.0234375
3 0.5859375 0.64609375 0.0515625 0.0203125
3 0.5625 0.7203125 0.040625 0.0171875
3 0.3828125 0.596875 0.03125 0.0171875
3 0.3546875 0.62109375 0.034375 0.0140625
3 0.3234375 0.6546875 0.021875 0.009375
3 0.27734375 0.62890625 0.0265625 0.0125
3 0.28203125 0.67109375 0.0203125 0.009375
3 0.43359375 0.7671875 0.03125 0.0140625
3 0.271875 0.75625 0.01875 0.015625
3 0.20078125 0.7109375 0.0140625 0.009375
3 0.16328125 0.69375 0.0109375 0.00625
3 0.46328125 0.9515625 0.028125 0.021875
3 0.49296875 0.9453125 0.028125 0.0234375
3 0.528125 0.959375 0.0328125 0.0265625
3 0.39453125 0.96015625 0.01875 0.0125
3 0.38671875 0.94375 0.01875 0.015625
3 0.40859375 0.95078125 0.01875 0.0109375
3 0.33515625 0.94140625 0.01875 0.0125
3 0.33359375 0.92890625 0.015625 0.0140625
3 0.23203125 0.88203125 0.0125 0.0125
3 0.1890625 0.95078125 0.0109375 0.0125
3 0.22578125 0.98125 0.009375 0.015625
3 0.209375 0.96875 0.009375 0.0125
10 0.2234375 0.878125 0.015625 0.0125
3 0.221875 0.8703125 0.0109375 0.009375
10 0.21640625 0.865625 0.015625 0.0125
10 0.2078125 0.8609375 0.015625 0.0125
10 0.20859375 0.8828125 0.0125 0.0140625
10 0.20703125 0.87421875 0.015625 0.0125
3 0.22890625 0.996875 0.0140625 0.00625
3 0.2234375 0.99453125 0.015625 0.0109375
3 0.21953125 0.975 0.009375 0.009375
10 0.2109375 0.996875 0.015625 0.00625
3 0.21796875 0.98984375 0.0109375 0.009375
3 0.21484375 0.98359375 0.009375 0.009375
3 0.21875 0.975 0.0125 0.009375
3 0.2203125 0.98203125 0.009375 0.0078125
3 0.2125 0.9796875 0.009375 0.009375
3 0.2 0.86484375 0.009375 0.009375
3 0.203125 0.86171875 0.009375 0.009375
3 0.20078125 0.88203125 0.009375 0.0125
10 0.20078125 0.96875 0.015625 0.01875
9 0.17109375 0.909375 0.021875 0.0234375
9 0.225 0.79375 0.034375 0.0109375
9 0.29453125 0.77265625 0.034375 0.0234375
10 0.359375 0.8015625 0.028125 0.0203125
10 0.3203125 0.69375 0.021875 0.009375
3 0.21875 0.66875 0.0140625 0.009375
3 0.18828125 0.65625 0.0140625 0.00625
3 0.17109375 0.66796875 0.0140625 0.00625
3 0.15390625 0.6609375 0.015625 0.00625
3 0.13515625 0.65 0.009375 0.00625
3 0.15234375 0.6890625 0.0109375 0.00625
3 0.1234375 0.6703125 0.009375 0.00625
3 0.11171875 0.67734375 0.009375 0.00625
3 0.1171875 0.69296875 0.009375 0.00625
3 0.09453125 0.69296875 0.009375 0.00625
3 0.1 0.67578125 0.009375 0.00625
3 0.09453125 0.71015625 0.009375 0.00625
3 0.08671875 0.715625 0.009375 0.0046875
3 0.05625 0.79921875 0.00625 0.00625
3 0.05703125 0.7828125 0.00625 0.00625
3 0.06015625 0.7734375 0.00625 0.003125
3 0.07421875 0.73671875 0.00625 0.00625
3 0.071875 0.7328125 0.00625 0.00625
3 0.05078125 0.78984375 0.00625 0.00625
3 0.05390625 0.79609375 0.00625 0.00625
9 0.13671875 0.6875 0.01875 0.0078125
9 0.1328125 0.67421875 0.01875 0.0078125
2 0.3609375 0.67265625 0.04375 0.0171875
2 0.4546875 0.7515625 0.09375 0.025
10 0.096875 0.6671875 0.0109375 0.00625
9 0.059375 0.740625 0.0125 0.009375
9 0.05390625 0.75859375 0.0109375 0.009375
3 0.06171875 0.75390625 0.00625 0.003125
3 0.06640625 0.734375 0.00625 0.00625
3 0.05 0.81015625 0.00625 0.00625
2 0.36796875 0.9828125 0.0484375 0.034375
2 0.4265625 0.94296875 0.04375 0.01875
2 0.5609375 0.98515625 0.0546875 0.028125