6 0.50546875 0.08125 0.0203125 0.0046875
6 0.4953125 0.10078125 0.0234375 0.00625
6 0.49609375 0.1171875 0.0234375 0.00625
6 0.6546875 0.07734375 0.05 0.0140625
6 0.596875 0.25625 0.04375 0.0140625
6 0.58515625 0.43671875 0.034375 0.009375
6 0.59921875 0.6171875 0.0359375 0.00625
6 0.59453125 0.621875 0.034375 0.009375
6 0.67265625 0.5609375 0.0640625 0.0140625
6 0.66875 0.55234375 0.0609375 0.0109375
6 0.6640625 0.56953125 0.059375 0.0109375
6 0.66875 0.58125 0.05 0.0109375
7 0.65859375 0.5875 0.0390625 0.009375
6 0.671875 0.590625 0.0625 0.0125
6 0.63046875 0.80546875 0.034375 0.009375
6 0.58125 0.70625 0.0390625 0.00625
6 0.60234375 0.67109375 0.04375 0.009375
6 0.5015625 0.77578125 0.021875 0.009375
6 0.4734375 0.76484375 0.015625 0.0046875
6 0.46875 0.7734375 0.01875 0.00625
6 0.4625 0.77109375 0.0140625 0.003125
6 0.459375 0.77578125 0.009375 0.003125
7 0.45546875 0.7796875 0.015625 0.003125
4 0.4578125 0.7796875 0.0125 0.003125