4 0.103125 0.496875 0.02578125 0.01953125
4 0.09765625 0.52890625 0.0265625 0.01875
7 0.18125 0.46796875 0.01328125 0.01640625
7 0.1828125 0.4484375 0.01328125 0.01875
7 0.18828125 0.428125 0.0109375 0.01640625
7 0.19140625 0.41328125 0.00859375 0.01171875
7 0.1953125 0.40546875 0.01015625 0.0140625
7 0.2125 0.41328125 0.01015625 0.0203125
6 0.20703125 0.48359375 0.0140625 0.021875
6 0.20703125 0.51953125 0.01171875 0.025
7 0.21171875 0.4640625 0.009375 0.01796875
7 0.2171875 0.43984375 0.01015625 0.01484375
7 0.21875 0.42578125 0.01015625 0.01484375
3 0.30546875 0.44453125 0.0296875 0.09453125
7 0.3390625 0.44140625 0.00859375 0.0234375
4 0.3578125 0.4140625 0.0078125 0.03515625
6 0.37890625 0.54140625 0.00859375 0.0234375
7 0.478125 0.48984375 0.00859375 0.0203125
7 0.47578125 0.45390625 0.0109375 0.02109375
7 0.509375 0.4515625 0.0078125 0.01796875
3 0.44375 0.46328125 0.02421875 0.1015625
10 0.5359375 0.46328125 0.02734375 0.10703125
3 0.57890625 0.46484375 0.025 0.090625
3 0.6390625 0.471875 0.025 0.0765625
3 0.740625 0.478125 0.03203125 0.1015625
0 0.78984375 0.4640625 0.03125 0.06015625
1 0.81171875 0.4765625 0.01484375 0.02890625
3 0.81796875 0.34296875 0.02734375 0.07421875
3 0.83515625 0.43203125 0.03203125 0.08515625
10 0.88984375 0.3328125 0.0421875 0.07890625
3 0.9109375 0.43359375 0.03984375 0.090625
3 0.98828125 0.44140625 0.01796875 0.0890625
4 0.07734375 0.5515625 0.02734375 0.01796875
4 0.07421875 0.496875 0.025 0.01796875
10 0.09921875 0.42890625 0.03828125 0.075
3 0.0390625 0.32265625 0.0421875 0.08046875
6 0.01875 0.56328125 0.01328125 0.0234375
6 0.02734375 0.5265625 0.01953125 0.028125
6 0.03125 0.546875 0.01328125 0.021875
7 0.040625 0.5265625 0.01484375 0.01875
7 0.05 0.49296875 0.01328125 0.0234375
7 0.0625 0.4484375 0.0125 0.02109375
7 0.065625 0.43203125 0.01484375 0.0203125