6 0.0328125 0.43359375 0.02265625 0.0453125
6 0.034375 0.36796875 0.0203125 0.053125
7 0.20625 0.2625 0.01953125 0.03203125
6 0.14921875 0.4453125 0.01875 0.04453125
6 0.1640625 0.45859375 0.0125 0.053125
6 0.16171875 0.4328125 0.01484375 0.046875
6 0.25234375 0.44609375 0.01640625 0.0484375
6 0.24609375 0.434375 0.01640625 0.0546875
6 0.240625 0.40703125 0.015625 0.04921875
6 0.28359375 0.35078125 0.01640625 0.05
6 0.28203125 0.33671875 0.01640625 0.0484375
6 0.35625 0.33125 0.01328125 0.04921875
6 0.37578125 0.234375 0.01484375 0.0390625
6 0.36953125 0.19453125 0.0109375 0.0359375
6 0.37578125 0.18671875 0.009375 0.03828125
7 0.40390625 0.16953125 0.01171875 0.034375
6 0.5359375 0.14453125 0.00859375 0.03515625
6 0.80390625 0.1796875 0.01015625 0.04296875
6 0.83203125 0.1984375 0.0109375 0.03515625
6 0.85390625 0.2109375 0.01640625 0.04140625
6 0.87734375 0.2234375 0.01875 0.0390625
6 0.9 0.2359375 0.01875 0.04140625
6 0.93125 0.25390625 0.01328125 0.04140625
6 0.9703125 0.27734375 0.0140625 0.04375
6 0.8765625 0.39140625 0.01484375 0.0484375
6 0.8421875 0.36328125 0.01953125 0.0484375
6 0.82734375 0.43515625 0.0296875 0.05546875
6 0.7953125 0.40546875 0.02734375 0.05078125
6 0.76328125 0.3796875 0.01484375 0.0484375
6 0.8125 0.3390625 0.02578125 0.046875
6 0.78203125 0.3203125 0.01875 0.04609375
6 0.75625 0.30078125 0.01953125 0.04609375
6 0.73515625 0.35390625 0.02109375 0.04921875
6 0.73359375 0.28359375 0.01328125 0.0390625
6 0.71015625 0.2671875 0.01640625 0.04140625
6 0.684375 0.246875 0.01015625 0.03828125
6 0.71796875 0.29921875 0.01328125 0.05625
6 0.7078125 0.33125 0.021875 0.046875
6 0.68515625 0.31328125 0.01796875 0.0453125
6 0.66328125 0.29453125 0.015625 0.040625
6 0.646875 0.28125 0.015625 0.040625
6 0.45234375 0.26640625 0.00859375 0.03828125
7 0.4421875 0.26796875 0.0125 0.0265625
7 0.409375 0.2828125 0.01484375 0.01953125
6 0.41328125 0.3 0.01015625 0.04453125
7 0.4171875 0.3171875 0.01640625 0.0359375
6 0.39375 0.29296875 0.01171875 0.04296875
6 0.46875 0.3703125 0.0078125 0.04296875
6 0.4828125 0.390625 0.00859375 0.05
6 0.50625 0.42109375 0.01796875 0.053125
6 0.52734375 0.44375 0.0171875 0.05078125
6 0.553125 0.48515625 0.01796875 0.05546875
6 0.5765625 0.51953125 0.01953125 0.05859375
6 0.60546875 0.55546875 0.02734375 0.06640625
6 0.6375 0.58671875 0.028125 0.06640625