3 0.01875 0.50234375 0.0375 0.0484375
3 0.14765625 0.54765625 0.05625 0.05
10 0.20859375 0.5296875 0.05625 0.053125
3 0.24375 0.37421875 0.0484375 0.0453125
3 0.28046875 0.3515625 0.0484375 0.0453125
3 0.31640625 0.33828125 0.0421875 0.0421875
3 0.31484375 0.1875 0.0390625 0.0390625
10 0.359375 0.128125 0.040625 0.034375
3 0.3828125 0.11015625 0.0328125 0.034375
9 0.36953125 0.0359375 0.0484375 0.0421875
3 0.47734375 0.02890625 0.028125 0.028125
3 0.50234375 0.01796875 0.028125 0.0296875
3 0.44375 0.078125 0.0296875 0.028125
3 0.4609375 0.0859375 0.03125 0.0328125
3 0.47890625 0.1 0.0296875 0.0328125
3 0.415625 0.1765625 0.0328125 0.034375
3 0.43515625 0.190625 0.03125 0.0328125
2 0.45625 0.23359375 0.075 0.075
3 0.384375 0.28515625 0.0359375 0.0375
3 0.4046875 0.29765625 0.034375 0.034375
3 0.43671875 0.33203125 0.0328125 0.034375
3 0.3859375 0.3828125 0.0359375 0.0375
10 0.35625 0.40390625 0.046875 0.0453125
3 0.4828125 0.50703125 0.034375 0.021875
3 0.32265625 0.540625 0.0390625 0.0390625
3 0.3125 0.6578125 0.0453125 0.04375
3 0.1109375 0.778125 0.0671875 0.0609375
3 0.07890625 0.8109375 0.0234375 0.0421875
3 0.1203125 0.94765625 0.0265625 0.05
3 0.16171875 0.853125 0.0609375 0.0578125
3 0.2453125 0.89375 0.0515625 0.053125
7 0.3203125 0.90625 0.015625 0.0109375
4 0.31640625 0.9046875 0.021875 0.0203125
6 0.9578125 0.6703125 0.0140625 0.0078125
6 0.95859375 0.6609375 0.009375 0.00625
6 0.91640625 0.63046875 0.0125 0.00625
6 0.78203125 0.6234375 0.0125 0.00625
6 0.7796875 0.6203125 0.015625 0.0078125
3 0.95703125 0.6265625 0.0171875 0.01875
3 0.95625 0.60546875 0.0171875 0.01875
3 0.95546875 0.56171875 0.01875 0.01875
3 0.96640625 0.6171875 0.0171875 0.01875
10 0.9578125 0.58359375 0.015625 0.0171875
6 0.4671875 0.57734375 0.01875 0.0078125
7 0.42734375 0.58203125 0.01875 0.009375
4 0.4234375 0.58203125 0.0171875 0.0140625
4 0.44453125 0.390625 0.015625 0.0125
7 0.446875 0.3890625 0.0171875 0.0109375
4 0.5515625 0.45234375 0.0140625 0.009375
4 0.58515625 0.46640625 0.0140625 0.009375
4 0.57578125 0.46015625 0.0125 0.009375
1 0.56484375 0.46171875 0.0140625 0.009375
1 0.5203125 0.42578125 0.0140625 0.009375
1 0.51953125 0.41328125 0.0125 0.0125
1 0.50234375 0.35625 0.0171875 0.0109375
4 0.64375 0.4875 0.0125 0.009375
4 0.6546875 0.49296875 0.0125 0.009375
4 0.7140625 0.52265625 0.0109375 0.009375
6 0.68125 0.5140625 0.015625 0.0078125
6 0.075 0.53515625 0.0234375 0.015625