3 0.6203125 0.12734375 0.0859375 0.1125
3 0.47421875 0.24765625 0.075 0.0703125
7 0.5171875 0.0640625 0.0375 0.0546875
7 0.584375 0.03828125 0.0375 0.0546875
4 0.5109375 0.05234375 0.0515625 0.05625
4 0.57578125 0.0265625 0.0515625 0.053125
9 0.8546875 0.0328125 0.0875 0.065625
3 0.10546875 0.29765625 0.0921875 0.1046875
3 0.196875 0.40703125 0.0625 0.0609375
7 0.03984375 0.50390625 0.0234375 0.034375
4 0.03828125 0.5 0.025 0.0234375
3 0.025 0.5484375 0.05 0.05
3 0.00625 0.58046875 0.0125 0.0453125