3 0.53359375 0.809375 0.0453125 0.096875
10 0.5078125 0.8875 0.0390625 0.0796875
3 0.4828125 0.9515625 0.040625 0.078125
9 0.46484375 0.746875 0.059375 0.13125
9 0.39921875 0.83046875 0.09375 0.10625
5 0.33203125 0.89453125 0.0625 0.1671875
6 0.3296875 0.95390625 0.0140625 0.0359375
8 0.26484375 0.94609375 0.0359375 0.0375
4 0.24921875 0.94921875 0.01875 0.0234375
4 0.28046875 0.925 0.025 0.028125
4 0.2625 0.90390625 0.021875 0.03125
4 0.2671875 0.86796875 0.0203125 0.0296875
4 0.25859375 0.8453125 0.025 0.028125
4 0.275 0.790625 0.028125 0.028125
4 0.278125 0.7703125 0.0234375 0.0234375
4 0.35390625 0.74609375 0.025 0.03125
4 0.29140625 0.715625 0.028125 0.034375
4 0.32421875 0.675 0.0234375 0.0234375
1 0.29140625 0.6765625 0.025 0.0265625
8 0.2984375 0.6484375 0.0421875 0.040625
8 0.29765625 0.85078125 0.028125 0.03125
8 0.28828125 0.86328125 0.040625 0.0359375
8 0.27578125 0.88984375 0.0421875 0.0390625
8 0.3453125 0.4953125 0.0578125 0.040625
8 0.36328125 0.45625 0.0609375 0.0515625
4 0.35078125 0.52421875 0.028125 0.025
4 0.4796875 0.53203125 0.0171875 0.040625
9 0.39296875 0.2234375 0.071875 0.078125
4 0.44453125 0.12578125 0.03125 0.0328125
10 0.25703125 0.16875 0.0390625 0.078125
6 0.25390625 0.48046875 0.0125 0.0328125
6 0.21875 0.39375 0.0109375 0.0203125
6 0.21640625 0.36328125 0.0140625 0.0265625
6 0.228125 0.33125 0.015625 0.0265625
6 0.18359375 0.65625 0.0140625 0.0265625
8 0.21796875 0.92421875 0.0234375 0.0578125
9 0.753125 0.18828125 0.153125 0.3265625
3 0.6484375 0.45546875 0.0640625 0.128125
9 0.609375 0.58984375 0.0546875 0.1234375