3 0.9125 0.48671875 0.175 0.1171875
3 0.85390625 0.3953125 0.1859375 0.1203125
3 0.95234375 0.2390625 0.0953125 0.153125
3 0.86953125 0.2453125 0.125 0.1328125
3 0.79453125 0.234375 0.1140625 0.1234375
3 0.7203125 0.23515625 0.1109375 0.121875
3 0.66328125 0.2296875 0.09375 0.103125
3 0.52734375 0.21484375 0.084375 0.084375
3 0.49375 0.221875 0.0625 0.065625
3 0.4359375 0.22109375 0.06875 0.0734375
6 0.403125 0.2375 0.0390625 0.0234375
6 0.36484375 0.2515625 0.03125 0.0171875
6 0.49765625 0.30546875 0.0453125 0.025
3 0.24609375 0.29765625 0.0375 0.025
3 0.28203125 0.31015625 0.0484375 0.034375
3 0.309375 0.3171875 0.046875 0.0328125
3 0.32890625 0.3453125 0.05625 0.034375
3 0.409375 0.3765625 0.075 0.053125
3 0.4125 0.34609375 0.06875 0.046875
3 0.42265625 0.31640625 0.065625 0.0453125
3 0.48046875 0.3671875 0.0796875 0.053125
3 0.36171875 0.3046875 0.053125 0.040625
3 0.49453125 0.3328125 0.071875 0.053125
3 0.5734375 0.3890625 0.1078125 0.065625
3 0.72890625 0.43125 0.16875 0.1015625
3 0.703125 0.365625 0.15 0.090625
6 0.5734375 0.36015625 0.065625 0.0359375
10 0.6453125 0.4578125 0.1703125 0.1
3 0.23359375 0.36171875 0.0546875 0.0453125
3 0.21328125 0.39921875 0.0359375 0.028125
3 0.246875 0.43125 0.05 0.0390625
3 0.465625 0.48671875 0.109375 0.075
3 0.44765625 0.55859375 0.1015625 0.06875
3 0.57578125 0.71796875 0.125 0.0875
3 0.7421875 0.74296875 0.221875 0.1515625
6 0.47109375 0.5296875 0.0421875 0.0265625
1 0.490625 0.44375 0.028125 0.0203125
7 0.47734375 0.4390625 0.025 0.01875
3 0.05234375 0.30234375 0.0171875 0.0109375
3 0.0421875 0.315625 0.0109375 0.0109375
3 0.04453125 0.321875 0.0140625 0.0109375
3 0.075 0.33515625 0.015625 0.0125
3 0.084375 0.34453125 0.021875 0.0171875
4 0.090625 0.3296875 0.0109375 0.0078125
4 0.109375 0.35859375 0.0171875 0.0109375
7 0.103125 0.35546875 0.0140625 0.0109375
7 0.08515625 0.3265625 0.0109375 0.009375
3 0.04140625 0.3296875 0.0171875 0.0140625
9 0.06171875 0.340625 0.0265625 0.021875
3 0.065625 0.3640625 0.0234375 0.021875
3 0.07734375 0.35625 0.021875 0.01875
3 0.0859375 0.3671875 0.0203125 0.025
3 0.0703125 0.3875 0.021875 0.025
3 0.0703125 0.40625 0.0234375 0.0296875
3 0.08515625 0.38515625 0.0234375 0.021875
3 0.09453125 0.4078125 0.021875 0.0265625
3 0.11796875 0.43203125 0.025 0.021875
3 0.13515625 0.44921875 0.03125 0.0265625
3 0.10859375 0.384375 0.0234375 0.0171875
10 0.1140625 0.39375 0.028125 0.0203125
10 0.11484375 0.37421875 0.03125 0.025
3 0.13046875 0.40703125 0.028125 0.0234375
3 0.1515625 0.421875 0.0296875 0.0234375
3 0.17890625 0.44375 0.0375 0.03125
3 0.1625 0.47734375 0.0359375 0.028125
3 0.171875 0.46015625 0.0359375 0.0296875
1 0.17265625 0.390625 0.0140625 0.0125
1 0.16796875 0.39765625 0.0140625 0.009375
7 0.16484375 0.3875 0.015625 0.0109375
7 0.159375 0.3953125 0.015625 0.0078125
3 0.1640625 0.40625 0.03125 0.0234375
3 0.06796875 0.425 0.0171875 0.0140625
3 0.084375 0.4421875 0.0203125 0.0125
6 0.08984375 0.4515625 0.021875 0.0125
6 0.17578125 0.509375 0.0265625 0.015625
6 0.16796875 0.53046875 0.0328125 0.0203125
3 0.11328125 0.47890625 0.0328125 0.03125
3 0.13125 0.52890625 0.04375 0.0484375
4 0.209375 0.478125 0.0171875 0.0140625
7 0.20078125 0.4765625 0.0171875 0.0109375
3 0.23671875 0.5109375 0.0515625 0.0453125
3 0.215625 0.5234375 0.0421875 0.0359375
3 0.2421875 0.553125 0.0546875 0.05
3 0.26796875 0.54140625 0.0578125 0.05
3 0.26171875 0.58515625 0.071875 0.0546875
3 0.3109375 0.58203125 0.078125 0.065625
3 0.31328125 0.6375 0.071875 0.0625
3 0.36796875 0.63046875 0.0859375 0.0671875
9 0.4578125 0.70078125 0.1640625 0.1046875