10 0.47265625 0.98515625 0.03515625 0.0296875
3 0.409375 0.91953125 0.0296875 0.0640625
3 0.4921875 0.890625 0.03515625 0.05859375
3 0.440625 0.846875 0.03046875 0.0546875
3 0.3984375 0.86953125 0.0296875 0.05859375
3 0.45703125 0.80078125 0.02890625 0.0453125
3 0.61484375 0.81484375 0.0375 0.04609375
3 0.57265625 0.75078125 0.02734375 0.03359375
3 0.4046875 0.7640625 0.02578125 0.04296875
3 0.465625 0.7296875 0.03984375 0.03125
3 0.45625 0.71796875 0.040625 0.03359375
3 0.44609375 0.69296875 0.03828125 0.028125
3 0.43984375 0.68203125 0.03984375 0.025
3 0.40546875 0.66875 0.01796875 0.03125
3 0.3953125 0.65078125 0.01875 0.02890625
3 0.52109375 0.678125 0.0234375 0.028125
3 0.48828125 0.634375 0.02265625 0.0234375
3 0.44921875 0.6484375 0.02109375 0.025
3 0.43515625 0.62734375 0.01640625 0.0234375
3 0.446875 0.584375 0.01640625 0.021875
3 0.42109375 0.6078125 0.015625 0.02109375
3 0.353125 0.628125 0.015625 0.02578125
3 0.32578125 0.6125 0.01484375 0.0234375
9 0.3453125 0.56328125 0.01953125 0.025
10 0.3328125 0.5484375 0.0171875 0.021875
3 0.33125 0.5765625 0.02109375 0.025
3 0.278125 0.98515625 0.03671875 0.0296875
3 0.23359375 0.9859375 0.03671875 0.028125
3 0.23046875 0.640625 0.034375 0.025
3 0.2296875 0.62734375 0.03515625 0.0234375
3 0.23359375 0.60078125 0.03203125 0.01953125
3 0.234375 0.59609375 0.0265625 0.02109375
3 0.2359375 0.5890625 0.0296875 0.0234375
3 0.20859375 0.57578125 0.01328125 0.021875
1 0.2171875 0.94140625 0.0140625 0.025