6 0.0609375 0.515625 0.01015625 0.01484375
6 0.1328125 0.475 0.00703125 0.01875
6 0.1390625 0.490625 0.00703125 0.015625
6 0.14609375 0.484375 0.00703125 0.01640625
6 0.15625 0.53046875 0.00703125 0.01796875
6 0.19609375 0.5390625 0.00703125 0.01953125
6 0.215625 0.5390625 0.00703125 0.01875
6 0.2015625 0.52265625 0.00546875 0.0140625
7 0.20859375 0.5265625 0.0125 0.0140625
5 0.20859375 0.528125 0.0109375 0.01484375
6 0.2046875 0.5109375 0.00703125 0.015625
6 0.20234375 0.50703125 0.00625 0.01796875
6 0.20078125 0.49921875 0.00625 0.01953125
5 0.20703125 0.4984375 0.01015625 0.01484375
7 0.2078125 0.49765625 0.00859375 0.00859375
6 0.2 0.48984375 0.00703125 0.0203125
6 0.22109375 0.50078125 0.00546875 0.01796875
6 0.22109375 0.49375 0.00625 0.01640625
6 0.22734375 0.48046875 0.00625 0.01875
6 0.2234375 0.46796875 0.0046875 0.021875
6 0.21640625 0.4796875 0.00546875 0.021875
6 0.21328125 0.465625 0.00390625 0.01875
6 0.215625 0.45234375 0.00703125 0.01953125
10 0.37109375 0.0671875 0.01328125 0.03984375
10 0.3671875 0.2140625 0.01484375 0.04921875
10 0.3421875 0.22109375 0.01484375 0.05390625
10 0.3390625 0.31015625 0.01796875 0.06875
3 0.346875 0.13984375 0.01328125 0.05
3 0.36640625 0.29140625 0.01640625 0.05859375
3 0.33984375 0.39296875 0.01640625 0.0609375
10 0.36875 0.38359375 0.01875 0.0734375
6 0.40703125 0.00625 0.003125 0.01171875
6 0.4078125 0.04140625 0.003125 0.01640625
6 0.4203125 0.03046875 0.003125 0.01796875
6 0.434375 0.034375 0.00390625 0.0140625
6 0.43515625 0.0296875 0.003125 0.01328125
6 0.43671875 0.04296875 0.00390625 0.01796875
6 0.4015625 0.1171875 0.00546875 0.015625
2 0.36953125 0.12890625 0.015625 0.07109375
4 0.4046875 0.11640625 0.003125 0.028125
6 0.40859375 0.05703125 0.003125 0.0140625
6 0.409375 0.08828125 0.0015625 0.01796875
6 0.4171875 0.08359375 0.003125 0.01796875
6 0.42265625 0.0765625 0.0046875 0.01875
6 0.4265625 0.078125 0.00390625 0.01640625
6 0.43125 0.075 0.00390625 0.01875
6 0.434375 0.07578125 0.00390625 0.01640625
6 0.43984375 0.078125 0.003125 0.01484375
6 0.44296875 0.07890625 0.00234375 0.0140625
6 0.43125 0.04921875 0.003125 0.01484375
6 0.434375 0.046875 0.00234375 0.015625
6 0.42890625 0.06328125 0.003125 0.01640625
6 0.4578125 0.07109375 0.0046875 0.01796875
6 0.47421875 0.1109375 0.00390625 0.01640625
6 0.46015625 0.11796875 0.00546875 0.01953125
6 0.46015625 0.1234375 0.0046875 0.015625
6 0.46484375 0.128125 0.00390625 0.01875
6 0.46875 0.1296875 0.00546875 0.01875
6 0.4671875 0.14296875 0.0046875 0.01953125
6 0.4578125 0.14609375 0.0046875 0.01875
6 0.46015625 0.14609375 0.00390625 0.01953125
6 0.45859375 0.15703125 0.00390625 0.01796875
6 0.46171875 0.15703125 0.00390625 0.015625
6 0.46484375 0.171875 0.00390625 0.01875
6 0.4671875 0.18203125 0.00390625 0.01953125
6 0.46953125 0.178125 0.00546875 0.02109375
6 0.47421875 0.18046875 0.00390625 0.01796875
6 0.4609375 0.1859375 0.0046875 0.01953125
6 0.45703125 0.196875 0.003125 0.01875
6 0.45625 0.18828125 0.00390625 0.01953125
6 0.4671875 0.221875 0.00546875 0.01875
6 0.4703125 0.20859375 0.00546875 0.01953125
6 0.4734375 0.20703125 0.0046875 0.0203125
6 0.47734375 0.203125 0.00546875 0.0203125
6 0.48046875 0.2109375 0.00390625 0.01796875
6 0.475 0.21484375 0.0046875 0.01875
6 0.47734375 0.2140625 0.00546875 0.015625
6 0.47109375 0.22578125 0.00390625 0.01796875
6 0.48203125 0.23203125 0.00546875 0.01953125
6 0.4625 0.2625 0.00546875 0.01796875
6 0.46953125 0.24140625 0.0046875 0.01640625
6 0.47578125 0.24921875 0.00546875 0.01640625
6 0.4375 0.30625 0.00390625 0.025
6 0.4703125 0.29609375 0.0046875 0.01640625
6 0.478125 0.29453125 0.00625 0.01875
6 0.4796875 0.315625 0.00390625 0.0203125
6 0.4640625 0.32265625 0.00390625 0.015625
6 0.46796875 0.321875 0.00546875 0.015625
6 0.46953125 0.33359375 0.00390625 0.01953125
6 0.4734375 0.3328125 0.00390625 0.01796875
6 0.4828125 0.3328125 0.0046875 0.02109375
7 0.48125 0.32890625 0.00546875 0.0109375
6 0.47265625 0.3671875 0.00625 0.02109375
6 0.4921875 0.37578125 0.00546875 0.01953125
6 0.45546875 0.40390625 0.00546875 0.01953125
6 0.465625 0.40703125 0.00546875 0.01953125
7 0.4453125 0.4140625 0.00859375 0.01640625
7 0.434375 0.43828125 0.00703125 0.01640625
7 0.4328125 0.4640625 0.00546875 0.01015625
5 0.43359375 0.46484375 0.0078125 0.01640625
6 0.43828125 0.45703125 0.00546875 0.015625
6 0.446875 0.4484375 0.00546875 0.01953125
6 0.446875 0.46796875 0.00703125 0.01796875
6 0.421875 0.475 0.00546875 0.01875
6 0.42421875 0.48671875 0.00625 0.01796875
6 0.42109375 0.5 0.00546875 0.01484375
6 0.42421875 0.51640625 0.00390625 0.0203125
6 0.41953125 0.534375 0.00390625 0.015625
6 0.43125 0.53984375 0.00390625 0.01640625
6 0.45234375 0.50859375 0.00546875 0.01953125
6 0.43515625 0.5234375 0.00546875 0.01796875
6 0.4359375 0.53359375 0.0046875 0.015625
6 0.44609375 0.53046875 0.00625 0.015625
6 0.44609375 0.53515625 0.00546875 0.021875
6 0.4328125 0.559375 0.00546875 0.01875
6 0.43515625 0.5515625 0.00390625 0.01640625
7 0.44765625 0.58046875 0.0046875 0.01015625
6 0.4984375 0.51796875 0.00546875 0.01640625
6 0.465625 0.55625 0.00703125 0.01953125
6 0.47109375 0.55625 0.00546875 0.01875
6 0.4625 0.61328125 0.00546875 0.01640625
6 0.47421875 0.62109375 0.00546875 0.01640625
6 0.48046875 0.61953125 0.00625 0.01640625
6 0.4890625 0.62734375 0.00546875 0.01171875
6 0.49453125 0.625 0.00703125 0.01484375
6 0.49375 0.6390625 0.00546875 0.01484375
6 0.503125 0.646875 0.00859375 0.01796875
6 0.52265625 0.61796875 0.00703125 0.015625
6 0.56171875 0.62578125 0.009375 0.01796875
6 0.565625 0.61640625 0.0078125 0.01484375
6 0.58203125 0.61875 0.009375 0.01640625
6 0.58671875 0.628125 0.0109375 0.01796875
6 0.59609375 0.63828125 0.009375 0.01640625
6 0.5984375 0.64609375 0.01015625 0.02109375
6 0.60859375 0.6484375 0.00703125 0.01875
6 0.621875 0.646875 0.01015625 0.015625
6 0.68125 0.63671875 0.01171875 0.0140625
6 0.684375 0.64921875 0.0125 0.01484375
6 0.690625 0.62109375 0.01171875 0.0140625
6 0.69453125 0.6359375 0.01171875 0.0109375
6 0.6953125 0.64609375 0.0109375 0.01328125
6 0.6984375 0.65625 0.01171875 0.01328125
6 0.70078125 0.62578125 0.01015625 0.01484375
6 0.71640625 0.62421875 0.01484375 0.0203125
7 0.71796875 0.61640625 0.00625 0.01015625
6 0.71953125 0.64765625 0.01328125 0.015625
6 0.7203125 0.6609375 0.00859375 0.01015625