3 0.75234375 0.540625 0.1515625 0.1734375
3 0.73828125 0.3421875 0.1375 0.1703125
3 0.52421875 0.29609375 0.10625 0.115625
3 0.47734375 0.1296875 0.10625 0.0796875
3 0.48984375 0.41875 0.1078125 0.1140625
3 0.26328125 0.2546875 0.05625 0.0671875
3 0.21484375 0.23125 0.0484375 0.0609375
3 0.2703125 0.05 0.0625 0.078125
3 0.1625 0.39296875 0.0546875 0.0390625
3 0.09140625 0.33203125 0.0296875 0.025
3 0.6390625 0.346875 0.1375 0.1609375
3 0.47421875 0.28515625 0.0765625 0.1078125
3 0.4234375 0.2828125 0.065625 0.1125
9 0.36328125 0.27578125 0.115625 0.1234375
3 0.3296875 0.27578125 0.08125 0.1
3 0.24140625 0.24765625 0.05625 0.0625
10 0.309375 0.12890625 0.0734375 0.0828125
5 0.34375 0.3578125 0.1015625 0.0875
4 0.74296875 0.10546875 0.0671875 0.0640625
4 0.71171875 0.10859375 0.0546875 0.0640625
4 0.68515625 0.1140625 0.046875 0.065625
3 0.4296875 0.39453125 0.0875 0.103125
3 0.24140625 0.08203125 0.0515625 0.046875
3 0.12421875 0.46328125 0.0390625 0.0296875
3 0.1265625 0.41015625 0.0421875 0.0328125
3 0.12734375 0.5328125 0.034375 0.0359375
3 0.1671875 0.63984375 0.05 0.0453125
6 0.51953125 0.52265625 0.0671875 0.0296875
6 0.29453125 0.42734375 0.0484375 0.0203125
6 0.296875 0.43203125 0.05 0.0203125
6 0.19296875 0.32421875 0.0328125 0.015625
6 0.16484375 0.2828125 0.0296875 0.015625
7 0.271875 0.4453125 0.0328125 0.015625
7 0.25078125 0.3875 0.0296875 0.015625
7 0.19765625 0.3453125 0.0234375 0.0109375
7 0.1703125 0.340625 0.0203125 0.0109375
1 0.2125 0.3484375 0.0234375 0.0125
1 0.265625 0.39296875 0.0234375 0.025
1 0.2875 0.446875 0.0328125 0.01875
1 0.17890625 0.34296875 0.01875 0.0203125
6 0.16171875 0.33046875 0.025 0.0109375
6 0.16875 0.33671875 0.025 0.0109375
6 0.14609375 0.27890625 0.021875 0.0078125
4 0.1953125 0.28203125 0.028125 0.0125
6 0.17109375 0.27578125 0.021875 0.0109375
6 0.17265625 0.26796875 0.025 0.0109375
3 0.128125 0.28984375 0.0375 0.0234375
6 0.13984375 0.3 0.0390625 0.0171875
3 0.078125 0.25078125 0.0203125 0.015625
10 0.17578125 0.446875 0.059375 0.0453125
3 0.06953125 0.446875 0.0296875 0.025
3 0.06171875 0.4203125 0.0203125 0.015625
3 0.0515625 0.403125 0.021875 0.01875
3 0.04765625 0.3859375 0.015625 0.0171875
3 0.03828125 0.37265625 0.0171875 0.0125
3 0.0375 0.3640625 0.0171875 0.0140625
3 0.10859375 0.31484375 0.034375 0.021875
7 0.10390625 0.30078125 0.0140625 0.009375
4 0.11015625 0.30234375 0.015625 0.009375