8 0.3421875 0.20546875 0.08125 0.0890625
7 0.39765625 0.07734375 0.021875 0.053125
7 0.390625 0.12109375 0.01875 0.0359375
7 0.428125 0.1578125 0.0234375 0.0390625
6 0.52890625 0.3109375 0.021875 0.0546875
7 0.459375 0.40234375 0.025 0.0390625
6 0.38828125 0.409375 0.01875 0.0640625
6 0.3671875 0.4625 0.01875 0.0609375
6 0.4328125 0.48671875 0.0203125 0.0578125
6 0.2890625 0.5671875 0.01875 0.0546875
3 0.51875 0.03046875 0.14375 0.0609375
3 0.67109375 0.0765625 0.1390625 0.11875
3 0.79375 0.1765625 0.1234375 0.1359375
3 0.88984375 0.2625 0.0953125 0.1234375
10 0.96328125 0.34453125 0.0734375 0.1640625