3 0.61328125 0.103125 0.03203125 0.05859375
3 0.71328125 0.50703125 0.03203125 0.10703125
3 0.1515625 0.0734375 0.04296875 0.0390625
6 0.55234375 0.30546875 0.00546875 0.02890625
6 0.56015625 0.30859375 0.00859375 0.0234375
6 0.50546875 0.29296875 0.00859375 0.0234375
6 0.51015625 0.08828125 0.00546875 0.0203125
6 0.54375 0.11953125 0.0046875 0.025
6 0.5484375 0.121875 0.0046875 0.025
6 0.553125 0.12421875 0.00390625 0.02578125
7 0.5 0.0796875 0.00546875 0.0109375
7 0.49296875 0.078125 0.00625 0.0140625
7 0.48671875 0.08046875 0.00546875 0.01484375
7 0.4578125 0.08046875 0.0046875 0.015625
7 0.48046875 0.08125 0.00703125 0.01328125
6 0.54453125 0.05625 0.0046875 0.01953125
6 0.5484375 0.0578125 0.00546875 0.0234375
7 0.45078125 0.12578125 0.00625 0.021875
7 0.45 0.078125 0.00390625 0.0140625
7 0.3390625 0.52890625 0.00859375 0.01796875
7 0.3375 0.678125 0.01171875 0.01953125
7 0.3375 0.66953125 0.00625 0.01640625
6 0.525 0.03984375 0.0046875 0.021875
7 0.52265625 0.03046875 0.00546875 0.01171875