3 0.15859375 0.04609375 0.0359375 0.0296875
3 0.1296875 0.02578125 0.0359375 0.0296875
10 0.4265625 0.025 0.0484375 0.0359375
10 0.41640625 0.03515625 0.034375 0.0234375
10 0.2125 0.07578125 0.0359375 0.0296875
3 0.25859375 0.121875 0.0296875 0.028125
3 0.23046875 0.12890625 0.04375 0.028125
3 0.215625 0.1359375 0.04375 0.028125
3 0.26875 0.14296875 0.0421875 0.03125
3 0.49609375 0.36484375 0.0453125 0.0203125
2 0.41640625 0.3015625 0.0796875 0.059375
2 0.465625 0.31796875 0.0671875 0.0421875
10 0.59921875 0.415625 0.040625 0.025
9 0.71171875 0.5015625 0.10625 0.0640625
10 0.1578125 0.1296875 0.0359375 0.0203125
3 0.165625 0.1015625 0.04375 0.028125
3 0.17578125 0.1609375 0.0421875 0.025
3 0.37421875 0.41796875 0.04375 0.025
3 0.54453125 0.44765625 0.040625 0.025
3 0.63984375 0.51640625 0.0328125 0.0203125
3 0.571875 0.4875 0.0421875 0.028125
3 0.61953125 0.52265625 0.04375 0.028125
3 0.6109375 0.5359375 0.04375 0.025
3 0.79921875 0.72421875 0.04375 0.025
3 0.89375 0.73671875 0.0421875 0.0203125
3 0.7640625 0.74296875 0.04375 0.025
3 0.5640625 0.74140625 0.0359375 0.0296875
3 0.4 0.6328125 0.040625 0.0296875
3 0.51484375 0.446875 0.040625 0.028125
3 0.31015625 0.21015625 0.04375 0.025
3 0.2609375 0.2484375 0.04375 0.0296875
3 0.1734375 0.2734375 0.046875 0.0296875
3 0.2046875 0.32109375 0.0421875 0.025
3 0.25234375 0.3609375 0.0421875 0.028125
3 0.29921875 0.39296875 0.0375 0.025
3 0.3421875 0.42734375 0.04375 0.028125
3 0.23828125 0.5203125 0.0296875 0.021875
3 0.07578125 0.23828125 0.0421875 0.021875
9 0.1625 0.29609375 0.0515625 0.034375
10 0.16171875 0.3578125 0.0421875 0.03125
3 0.0875 0.390625 0.034375 0.0265625
3 0.1578125 0.46640625 0.04375 0.025
3 0.196875 0.49296875 0.0375 0.0234375
10 0.484375 0.6453125 0.0328125 0.028125
10 0.3734375 0.63984375 0.034375 0.0234375
3 0.30859375 0.57109375 0.0375 0.025
3 0.34375 0.54609375 0.034375 0.0265625
3 0.2765625 0.5484375 0.0390625 0.021875
3 0.36015625 0.55859375 0.03125 0.021875
10 0.38046875 0.57109375 0.034375 0.0234375
3 0.3953125 0.58125 0.028125 0.021875
3 0.41171875 0.5921875 0.03125 0.025
3 0.42421875 0.60234375 0.034375 0.0265625
3 0.43828125 0.61328125 0.03125 0.025
3 0.45546875 0.62578125 0.0390625 0.028125
3 0.38671875 0.6671875 0.0421875 0.0296875
10 0.34375 0.65625 0.0359375 0.0328125
4 0.24609375 0.08125 0.0171875 0.009375
6 0.93359375 0.63203125 0.0125 0.00625
6 0.87265625 0.53828125 0.0125 0.00625
6 0.65234375 0.4796875 0.00625 0.0046875
6 0.503125 0.33984375 0.009375 0.0046875
4 0.6671875 0.51953125 0.0171875 0.0109375
7 0.66796875 0.521875 0.0046875 0.0046875
6 0.55 0.60078125 0.00625 0.0046875
6 0.6625 0.71328125 0.0109375 0.00625
6 0.6921875 0.68984375 0.0078125 0.0078125
6 0.67734375 0.69375 0.0140625 0.009375
6 0.65859375 0.7015625 0.0109375 0.0078125
6 0.46796875 0.6640625 0.0078125 0.0078125
6 0.46484375 0.6625 0.0078125 0.0078125
6 0.5515625 0.628125 0.0078125 0.0078125
6 0.5609375 0.61796875 0.003125 0.003125
3 0.6125 0.75859375 0.0328125 0.025
3 0.634375 0.76875 0.0234375 0.0140625
6 0.40234375 0.6953125 0.0078125 0.0078125
3 0.3265625 0.684375 0.0375 0.021875
6 0.80546875 0.7578125 0.0109375 0.009375
6 0.8828125 0.8296875 0.0078125 0.0078125
6 0.875 0.8265625 0.0078125 0.0078125
6 0.84140625 0.79765625 0.0078125 0.0078125
6 0.85234375 0.8125 0.0109375 0.009375
6 0.82734375 0.80390625 0.0109375 0.0109375
6 0.853125 0.8203125 0.0109375 0.0078125
6 0.7984375 0.78359375 0.0109375 0.0078125
6 0.78515625 0.7625 0.0109375 0.0078125
6 0.7359375 0.79765625 0.0078125 0.0078125