3 0.35546875 0.9203125 0.18125 0.15859375
10 0.26640625 0.48203125 0.1203125 0.1390625
3 0.25234375 0.3359375 0.1265625 0.1140625
3 0.24921875 0.22265625 0.11875 0.10078125
3 0.23203125 0.13984375 0.09375 0.08359375
3 0.22734375 0.0984375 0.09921875 0.08125
3 0.22734375 0.0546875 0.0953125 0.071875
3 0.253125 0.01796875 0.08671875 0.0359375
1 0.87578125 0.603125 0.03984375 0.07578125
10 0.75390625 0.6015625 0.1359375 0.16171875
10 0.67421875 0.428125 0.11328125 0.13046875
3 0.6328125 0.36171875 0.1296875 0.10703125
6 0.6828125 0.24140625 0.01953125 0.07421875
6 0.75078125 0.23984375 0.02265625 0.071875
3 0.57421875 0.19609375 0.14609375 0.13984375
3 0.5453125 0.1609375 0.09296875 0.0703125
3 0.521875 0.11953125 0.0953125 0.08359375
10 0.50234375 0.07265625 0.08984375 0.0859375
3 0.48046875 0.04453125 0.09296875 0.0765625
3 0.46953125 0.02421875 0.090625 0.0484375