3 0.0515625 0.646875 0.02421875 0.03046875
3 0.05078125 0.634375 0.02578125 0.02578125
3 0.04453125 0.62578125 0.02421875 0.0296875
3 0.0375 0.6015625 0.02578125 0.028125
10 0.09140625 0.56953125 0.02578125 0.03515625
3 0.08515625 0.5609375 0.02265625 0.028125
3 0.08046875 0.553125 0.02265625 0.03046875
3 0.0765625 0.54375 0.0234375 0.02890625
3 0.065625 0.52109375 0.021875 0.025
3 0.0390625 0.49609375 0.01484375 0.0234375
3 0.025 0.47890625 0.01328125 0.02109375
10 0.3546875 0.7015625 0.01640625 0.04609375
3 0.3421875 0.634375 0.0125 0.0265625
3 0.3671875 0.51640625 0.0109375 0.02421875
3 0.3921875 0.490625 0.01015625 0.0265625
10 0.42890625 0.39921875 0.00703125 0.025
3 0.43984375 0.31796875 0.00703125 0.01796875
9 0.37421875 0.3375 0.00859375 0.025
3 0.3828125 0.31171875 0.00703125 0.01328125
3 0.309375 0.440625 0.00859375 0.01875
3 0.32265625 0.39765625 0.00703125 0.01796875
9 0.3125 0.31171875 0.009375 0.02890625
2 0.3 0.21015625 0.0109375 0.03671875
3 0.375 0.23671875 0.00625 0.009375
10 0.3640625 0.221875 0.00546875 0.01328125
9 0.3703125 0.21328125 0.00703125 0.015625
9 0.315625 0.0984375 0.00703125 0.01328125
3 0.41796875 0.23125 0.00625 0.01015625
3 0.4265625 0.234375 0.00546875 0.0109375
3 0.41015625 0.1984375 0.00546875 0.01015625
3 0.39375 0.13359375 0.00546875 0.009375
9 0.47265625 0.084375 0.0125 0.01171875
9 0.51953125 0.090625 0.015625 0.01328125
9 0.55078125 0.1015625 0.01484375 0.0109375
9 0.5609375 0.10546875 0.01328125 0.0109375
9 0.56875 0.109375 0.0140625 0.0140625
3 0.39921875 0.0484375 0.00546875 0.0046875
3 0.42890625 0.0359375 0.0046875 0.00546875
3 0.4609375 0.025 0.0046875 0.00546875