1 0.028125 0.29453125 0.0234375 0.04453125
1 0.128125 0.3890625 0.0203125 0.04453125
7 0.02109375 0.26953125 0.01796875 0.03515625
7 0.12578125 0.36171875 0.01796875 0.04453125
3 0.03671875 0.01796875 0.02734375 0.03515625
3 0.0625 0.04140625 0.02734375 0.040625
3 0.08984375 0.0703125 0.02890625 0.05
3 0.115625 0.0921875 0.03984375 0.05078125
3 0.140625 0.1375 0.04609375 0.046875
6 0.07109375 0.009375 0.00703125 0.01875
6 0.14609375 0.190625 0.01484375 0.040625
6 0.159375 0.1875 0.01015625 0.046875
6 0.171875 0.2296875 0.01328125 0.05703125
6 0.1890625 0.221875 0.01328125 0.0546875
3 0.215625 0.19140625 0.05703125 0.06484375
3 0.26640625 0.246875 0.071875 0.075
10 0.01796875 0.41875 0.0359375 0.15
1 0.375 0.26171875 0.01640625 0.03203125
7 0.37421875 0.240625 0.01171875 0.0390625
3 0.428125 0.10625 0.04765625 0.04609375
2 0.45390625 0.13515625 0.0890625 0.09609375
9 0.50234375 0.146875 0.09609375 0.09609375
6 0.48203125 0.26328125 0.01171875 0.05390625
1 0.471875 0.27265625 0.02421875 0.02890625
6 0.496875 0.24609375 0.0078125 0.04921875
6 0.50390625 0.240625 0.00703125 0.04375
6 0.5078125 0.23828125 0.009375 0.0484375
6 0.53984375 0.3375 0.0140625 0.06171875
6 0.57734375 0.2484375 0.00859375 0.06015625
6 0.6046875 0.24609375 0.0125 0.059375
7 0.546875 0.27890625 0.0125 0.034375
1 0.54375 0.30078125 0.02421875 0.03046875
3 0.61953125 0.1609375 0.05859375 0.06796875
3 0.671875 0.196875 0.05859375 0.07109375
3 0.69375 0.07578125 0.05703125 0.08125
6 0.715625 0.06484375 0.01015625 0.0390625
6 0.44296875 0.81171875 0.03515625 0.09296875
6 0.02109375 0.69609375 0.025 0.04296875
1 0.6546875 0.70390625 0.0703125 0.1015625
7 0.6625 0.68359375 0.03828125 0.07109375