3 0.2765625 0.76953125 0.0875 0.065625
3 0.2671875 0.82734375 0.1015625 0.078125
6 0.30234375 0.8484375 0.0390625 0.025
3 0.7765625 0.71875 0.1046875 0.1078125
10 0.69921875 0.7046875 0.096875 0.090625
6 0.66171875 0.753125 0.0375 0.025
6 0.55859375 0.74765625 0.0328125 0.0234375
3 0.60078125 0.78046875 0.1328125 0.0890625
6 0.49765625 0.6171875 0.0296875 0.01875
6 0.48203125 0.61328125 0.034375 0.021875
3 0.44296875 0.4953125 0.0765625 0.0484375
3 0.38984375 0.571875 0.084375 0.05625
3 0.40078125 0.5421875 0.08125 0.053125
3 0.2671875 0.49296875 0.0640625 0.0640625
3 0.190625 0.4296875 0.065625 0.04375
3 0.159375 0.45 0.0453125 0.034375
3 0.1546875 0.47890625 0.05 0.0375
3 0.3171875 0.4421875 0.0640625 0.06875
10 0.06953125 0.38515625 0.0625 0.0375
4 0.10546875 0.41953125 0.0296875 0.025
4 0.23359375 0.41484375 0.0296875 0.0265625
4 0.10546875 0.34609375 0.0265625 0.025
1 0.14765625 0.37578125 0.0234375 0.021875
7 0.1109375 0.48046875 0.0265625 0.015625
7 0.0625 0.41484375 0.0234375 0.0140625
4 0.06484375 0.4171875 0.025 0.01875
1 0.1171875 0.4828125 0.0265625 0.0171875
3 0.1453125 0.65390625 0.0765625 0.0546875
3 0.10390625 0.6109375 0.0671875 0.05
3 0.05703125 0.5703125 0.065625 0.046875
3 0.03203125 0.521875 0.05625 0.0421875