6 0.71171875 0.01171875 0.0296875 0.0234375
6 0.70390625 0.09453125 0.0203125 0.0390625
6 0.696875 0.10078125 0.0203125 0.0375
6 0.7015625 0.18046875 0.025 0.0453125
6 0.7140625 0.1859375 0.025 0.0453125
6 0.721875 0.19609375 0.025 0.0421875
6 0.72578125 0.24375 0.025 0.0421875
6 0.70078125 0.20703125 0.0234375 0.0375
6 0.80546875 0.1234375 0.0296875 0.04375
6 0.80625 0.14921875 0.0328125 0.0421875
6 0.834375 0.13125 0.0328125 0.05
6 0.8625 0.12109375 0.0390625 0.04375
4 0.83359375 0.20703125 0.03125 0.0421875
1 0.83125 0.2359375 0.0375 0.0421875
6 0.671875 0.1796875 0.021875 0.0375
6 0.7140625 0.1265625 0.0203125 0.0359375
6 0.6953125 0.228125 0.025 0.0421875
6 0.709375 0.253125 0.021875 0.0359375
6 0.71484375 0.2453125 0.025 0.0453125
6 0.73046875 0.2671875 0.0234375 0.040625
6 0.72265625 0.2796875 0.01875 0.03125
6 0.7125 0.284375 0.0234375 0.040625
6 0.7078125 0.3 0.021875 0.04375
6 0.7421875 0.29140625 0.0203125 0.0359375
6 0.73359375 0.3140625 0.0234375 0.0421875
6 0.72578125 0.3171875 0.0203125 0.040625
6 0.76796875 0.40859375 0.0203125 0.0390625
6 0.7578125 0.409375 0.0203125 0.040625
6 0.7265625 0.55390625 0.0140625 0.0265625
6 0.7171875 0.56953125 0.0140625 0.0265625
6 0.7203125 0.57109375 0.015625 0.03125
6 0.7078125 0.57265625 0.0140625 0.025
6 0.71484375 0.5921875 0.0140625 0.028125
7 0.68515625 0.60390625 0.015625 0.025
1 0.68125 0.59609375 0.0171875 0.0234375
6 0.65234375 0.609375 0.0140625 0.025
6 0.65390625 0.61171875 0.0140625 0.025
6 0.58046875 0.621875 0.0140625 0.028125
6 0.58125 0.62890625 0.0140625 0.028125
7 0.60703125 0.634375 0.0125 0.0234375
4 0.60546875 0.628125 0.0171875 0.0265625
6 0.57578125 0.65546875 0.0140625 0.025
6 0.57890625 0.6578125 0.0140625 0.025
6 0.54765625 0.6546875 0.01875 0.0328125
6 0.46875 0.68671875 0.0171875 0.0296875
6 0.465625 0.71875 0.015625 0.028125
6 0.41171875 0.65 0.021875 0.0328125
6 0.4015625 0.646875 0.021875 0.0359375
6 0.39453125 0.665625 0.021875 0.0359375
6 0.40546875 0.703125 0.01875 0.0328125
6 0.38203125 0.68984375 0.021875 0.0359375
6 0.36015625 0.628125 0.021875 0.0359375
6 0.35703125 0.69296875 0.021875 0.0328125
6 0.39609375 0.70078125 0.01875 0.0328125
6 0.3875 0.6953125 0.0203125 0.0359375
6 0.390625 0.70546875 0.0171875 0.03125
6 0.41796875 0.7296875 0.01875 0.0265625
6 0.40625 0.73046875 0.0171875 0.028125
6 0.40390625 0.72890625 0.01875 0.028125
6 0.35 0.678125 0.021875 0.0359375
6 0.346875 0.68671875 0.0203125 0.0328125
6 0.35 0.6203125 0.0234375 0.0375
6 0.35234375 0.62578125 0.021875 0.0359375
6 0.346875 0.63125 0.021875 0.0328125
6 0.33203125 0.6265625 0.021875 0.0359375
6 0.321875 0.6515625 0.021875 0.0328125
6 0.31640625 0.65234375 0.021875 0.0328125
6 0.36796875 0.66796875 0.0203125 0.0328125
6 0.3640625 0.6828125 0.0203125 0.0359375
6 0.34765625 0.72265625 0.0203125 0.03125
6 0.3515625 0.725 0.01875 0.0296875
6 0.35234375 0.74140625 0.0203125 0.0328125
6 0.3453125 0.7375 0.0203125 0.0328125
6 0.3390625 0.7328125 0.0171875 0.0265625
3 0.26171875 0.4390625 0.0609375 0.08125
6 0.68671875 0.6328125 0.015625 0.0296875
6 0.6828125 0.6359375 0.0140625 0.028125
6 0.6796875 0.6375 0.0140625 0.0296875
6 0.67578125 0.6375 0.015625 0.0296875
6 0.6921875 0.6671875 0.0125 0.025
6 0.6953125 0.66640625 0.0125 0.025
6 0.6984375 0.6546875 0.0125 0.025
6 0.70234375 0.6546875 0.0109375 0.0234375
6 0.7109375 0.659375 0.0125 0.025
6 0.70703125 0.66171875 0.0140625 0.025
6 0.740625 0.6765625 0.009375 0.01875
6 0.73125 0.6796875 0.0140625 0.025
6 0.775 0.70390625 0.009375 0.01875
6 0.7703125 0.70625 0.0109375 0.0203125
6 0.7890625 0.71171875 0.009375 0.0203125
6 0.78671875 0.7140625 0.0109375 0.021875
6 0.79609375 0.73125 0.009375 0.01875
6 0.7921875 0.7328125 0.009375 0.01875
6 0.803125 0.7265625 0.009375 0.01875
6 0.8015625 0.728125 0.009375 0.01875
6 0.8109375 0.76640625 0.009375 0.01875
6 0.809375 0.76640625 0.0078125 0.015625
6 0.84453125 0.79921875 0.0078125 0.015625
6 0.85390625 0.81484375 0.0078125 0.0140625
6 0.8640625 0.81484375 0.0078125 0.0140625
6 0.85234375 0.815625 0.0078125 0.015625
6 0.82734375 0.82890625 0.00625 0.0125
6 0.82578125 0.8296875 0.0078125 0.0140625
6 0.81875 0.8359375 0.00625 0.0125
6 0.859375 0.83515625 0.00625 0.0125
6 0.85703125 0.8375 0.0078125 0.0140625
6 0.91640625 0.84765625 0.00625 0.009375
6 0.88984375 0.840625 0.00625 0.009375
6 0.521875 0.940625 0.0125 0.0203125
6 0.51796875 0.94296875 0.0125 0.0203125
6 0.5046875 0.9515625 0.0125 0.0203125
6 0.5015625 0.953125 0.009375 0.01875
6 0.534375 0.96796875 0.0109375 0.0203125
6 0.51953125 0.98046875 0.0078125 0.015625
6 0.546875 0.97265625 0.0078125 0.0125