6 0.0078125 0.16171875 0.0078125 0.02578125
3 0.02265625 0.08125 0.02265625 0.0265625
3 0.05234375 0.046875 0.028125 0.021875
3 0.065625 0.03125 0.0203125 0.0203125
6 0.06171875 0.0671875 0.00859375 0.01953125
6 0.06875 0.05390625 0.00703125 0.021875
3 0.11015625 0.03359375 0.0125 0.021875
3 0.096875 0.140625 0.01640625 0.03671875
3 0.12421875 0.05078125 0.01171875 0.028125
3 0.14921875 0.12890625 0.01171875 0.028125
3 0.15234375 0.10625 0.01328125 0.02578125
3 0.153125 0.08828125 0.015625 0.01640625
3 0.15625 0.07578125 0.015625 0.0265625
3 0.159375 0.059375 0.01171875 0.025
2 0.1828125 0.15625 0.06484375 0.08828125
3 0.20703125 0.04765625 0.01171875 0.01953125
3 0.1984375 0.01796875 0.00859375 0.0140625
3 0.19375 0.0953125 0.0171875 0.02421875
6 0.23125 0.01484375 0.00703125 0.0203125
2 0.246875 0.04765625 0.01796875 0.0453125
3 0.2546875 0.08203125 0.01171875 0.021875
4 0.25078125 0.1515625 0.00859375 0.01796875
7 0.24921875 0.140625 0.00625 0.01640625
7 0.30390625 0.1015625 0.00546875 0.021875
7 0.3015625 0.25546875 0.01015625 0.03515625
7 0.35234375 0.16875 0.00546875 0.02578125
7 0.32890625 0.15546875 0.00625 0.0234375
7 0.3234375 0.153125 0.00625 0.0265625
7 0.32109375 0.1875 0.00703125 0.02890625
3 0.3453125 0.065625 0.03359375 0.0234375
3 0.43515625 0.17578125 0.03828125 0.03046875
3 0.45859375 0.20390625 0.04453125 0.034375
6 0.6125 0.090625 0.00703125 0.01875
9 0.51875 0.3390625 0.08203125 0.065625
9 0.5640625 0.4140625 0.09296875 0.08203125
3 0.6796875 0.3921875 0.05078125 0.046875
3 0.459375 0.46328125 0.06796875 0.05078125
9 0.41953125 0.33359375 0.06015625 0.04375
6 0.3875 0.43125 0.0078125 0.0359375
6 0.4203125 0.371875 0.0046875 0.034375
6 0.43515625 0.384375 0.0078125 0.03125
4 0.43046875 0.38125 0.01875 0.021875
6 0.43125 0.3671875 0.01015625 0.025
6 0.3296875 0.43203125 0.00703125 0.03828125
3 0.09140625 0.9453125 0.05 0.05390625
2 0.4296875 0.76171875 0.15546875 0.4203125