3 0.35 0.91640625 0.07578125 0.1109375
3 0.43828125 0.83828125 0.06796875 0.21953125
4 0.21875 0.6265625 0.01796875 0.07890625
3 0.32421875 0.60625 0.04609375 0.15390625
6 0.21640625 0.4546875 0.015625 0.04296875
4 0.240625 0.42578125 0.03203125 0.034375
1 0.1875 0.3828125 0.0125 0.04140625
6 0.2984375 0.36875 0.0140625 0.04453125
6 0.3125 0.40078125 0.01328125 0.04296875
6 0.3140625 0.15703125 0.01171875 0.04296875
6 0.29453125 0.07578125 0.009375 0.040625
8 0.2796875 0.078125 0.0171875 0.04609375
4 0.25703125 0.11953125 0.025 0.03203125
7 0.259375 0.08828125 0.01015625 0.021875
4 0.259375 0.09921875 0.02265625 0.03671875
3 0.490625 0.5453125 0.05859375 0.178125
3 0.4234375 0.5734375 0.0453125 0.16171875
3 0.51953125 0.1609375 0.04453125 0.09140625
3 0.60078125 0.5421875 0.06640625 0.15859375