10 0.53125 0.7984375 0.02734375 0.06953125
3 0.40234375 0.76328125 0.03125 0.065625
4 0.33359375 0.6234375 0.01328125 0.01328125
4 0.3453125 0.60703125 0.0046875 0.01328125
4 0.46015625 0.45703125 0.00390625 0.0109375
7 0.46015625 0.45546875 0.00234375 0.00546875
3 0.46171875 0.478125 0.02109375 0.01328125
3 0.53203125 0.43671875 0.00859375 0.015625
3 0.54140625 0.41015625 0.009375 0.01484375
3 0.55078125 0.3890625 0.00546875 0.009375
3 0.55390625 0.3828125 0.00546875 0.00859375
3 0.5625 0.35859375 0.0046875 0.009375
6 0.440625 0.52890625 0.003125 0.0140625
7 0.440625 0.5234375 0.00390625 0.00859375
6 0.52578125 0.4859375 0.00234375 0.01171875
6 0.5484375 0.48203125 0.00234375 0.0140625
6 0.52734375 0.48828125 0.00234375 0.00859375
4 0.565625 0.43125 0.00234375 0.01015625
4 0.525 0.66171875 0.00703125 0.0265625
3 0.51484375 0.39609375 0.00703125 0.00859375
3 0.47890625 0.57421875 0.015625 0.028125
3 0.4703125 0.59453125 0.0171875 0.0296875
3 0.43671875 0.6734375 0.02265625 0.04453125
3 0.54375 0.69921875 0.0203125 0.05
3 0.55625 0.54765625 0.01640625 0.03203125
3 0.553125 0.63828125 0.015625 0.0390625
3 0.56015625 0.58671875 0.01484375 0.02890625
3 0.559375 0.46953125 0.01171875 0.01796875
3 0.5765625 0.39375 0.00625 0.0109375
3 0.58671875 0.384375 0.0078125 0.0109375
3 0.5984375 0.40546875 0.00703125 0.00703125
3 0.5984375 0.36328125 0.0046875 0.00625
3 0.59140625 0.35234375 0.00546875 0.00625
3 0.59765625 0.33984375 0.00390625 0.00546875
3 0.590625 0.33828125 0.00546875 0.0046875
3 0.59296875 0.3328125 0.00390625 0.0046875
3 0.590625 0.3203125 0.00390625 0.00546875
3 0.59375 0.32578125 0.00390625 0.00546875
3 0.5953125 0.31640625 0.00234375 0.0046875
3 0.5953125 0.32109375 0.00390625 0.0046875
3 0.59375 0.31015625 0.003125 0.00390625
3 0.5953125 0.45546875 0.01015625 0.01328125
3 0.5953125 0.50546875 0.01171875 0.01484375
3 0.56953125 0.515625 0.0140625 0.02109375
3 0.5734375 0.48046875 0.01015625 0.01796875
3 0.60703125 0.38984375 0.00546875 0.009375
3 0.60859375 0.37578125 0.00390625 0.00625
3 0.6 0.37265625 0.0046875 0.00859375
3 0.61015625 0.3859375 0.00546875 0.00859375
3 0.5765625 0.46796875 0.00859375 0.01328125
3 0.6125 0.5265625 0.01171875 0.01953125
3 0.62109375 0.46328125 0.021875 0.015625
3 0.6734375 0.571875 0.0171875 0.021875
3 0.66640625 0.5421875 0.01171875 0.02109375
3 0.69375 0.66328125 0.01953125 0.03125
3 0.6875 0.634375 0.01640625 0.02578125
3 0.65625 0.4984375 0.01015625 0.01640625
6 0.35078125 0.61484375 0.003125 0.01328125
3 0.609375 0.64609375 0.01875 0.03515625
4 0.60703125 0.48203125 0.00390625 0.01328125
7 0.565625 0.428125 0.00234375 0.00546875
7 0.60703125 0.478125 0.003125 0.00703125
3 0.6625 0.471875 0.0078125 0.01328125
3 0.6453125 0.446875 0.00859375 0.0109375
3 0.64375 0.43984375 0.01015625 0.0109375
3 0.64140625 0.42890625 0.00859375 0.0109375
3 0.66171875 0.5125 0.01015625 0.01171875
3 0.63125 0.3875 0.00546875 0.00625
3 0.6296875 0.38125 0.00546875 0.00546875
3 0.6296875 0.37734375 0.0046875 0.00625
3 0.62890625 0.3734375 0.00546875 0.00703125
3 0.62734375 0.36640625 0.0046875 0.00390625
3 0.62578125 0.36328125 0.00390625 0.00546875
3 0.625 0.35703125 0.00390625 0.00546875
3 0.6234375 0.353125 0.0046875 0.0046875
3 0.603125 0.30390625 0.003125 0.00390625
3 0.653125 0.37578125 0.00546875 0.00546875
3 0.65 0.36953125 0.00390625 0.0046875
3 0.65 0.36640625 0.00546875 0.00390625
3 0.6484375 0.36171875 0.00390625 0.0046875
3 0.6484375 0.35625 0.00390625 0.0046875
3 0.64921875 0.3515625 0.00390625 0.00390625
3 0.65390625 0.34375 0.00390625 0.0046875
3 0.64453125 0.34296875 0.00390625 0.0046875
3 0.66640625 0.38125 0.0078125 0.00703125
3 0.665625 0.396875 0.00703125 0.00703125
10 0.66875 0.4109375 0.00859375 0.009375
10 0.6703125 0.43046875 0.01015625 0.00625
3 0.6703125 0.42421875 0.0078125 0.0046875
3 0.66875 0.41953125 0.00546875 0.0046875
3 0.67734375 0.440625 0.00703125 0.00703125
7 0.52578125 0.65390625 0.00546875 0.01171875