3 0.3015625 0.95625 0.03828125 0.03125
10 0.37265625 0.91171875 0.02421875 0.034375
9 0.4609375 0.871875 0.03515625 0.03984375
8 0.703125 0.90390625 0.009375 0.02578125
3 0.675 0.996875 0.059375 0.00625
3 0.6625 0.99140625 0.05625 0.01640625
3 0.6625 0.96875 0.05078125 0.03046875
3 0.66640625 0.9609375 0.0515625 0.025
10 0.66328125 0.9484375 0.0515625 0.03125
10 0.659375 0.9203125 0.04609375 0.0296875
3 0.65546875 0.9078125 0.03125 0.015625
3 0.66015625 0.9015625 0.0359375 0.01015625
3 0.65703125 0.89609375 0.0296875 0.01484375
3 0.6578125 0.88828125 0.02265625 0.01015625
3 0.65546875 0.84140625 0.02578125 0.06640625
3 0.67578125 0.86171875 0.01484375 0.01171875
3 0.68125 0.8265625 0.01328125 0.00703125
3 0.67421875 0.81953125 0.00625 0.00859375
3 0.7390625 0.90859375 0.01875 0.0234375
3 0.7078125 0.87421875 0.02578125 0.01640625
3 0.7578125 0.95234375 0.0328125 0.0265625
3 0.75625 0.9375 0.03046875 0.01953125