3 0.42890625 0.6109375 0.05 0.028125
3 0.54140625 0.63125 0.034375 0.021875
3 0.68671875 0.6828125 0.0203125 0.015625
3 0.6828125 0.6515625 0.0234375 0.01875
3 0.73671875 0.715625 0.015625 0.0125
3 0.7625 0.72421875 0.015625 0.0125
3 0.7796875 0.74375 0.015625 0.0125
3 0.775 0.75703125 0.015625 0.0125
3 0.7921875 0.75 0.015625 0.0125
3 0.82890625 0.78984375 0.0109375 0.0109375
3 0.825 0.796875 0.0109375 0.009375
3 0.80390625 0.78828125 0.0109375 0.009375
3 0.821875 0.81953125 0.0109375 0.0109375
3 0.81875 0.83203125 0.0109375 0.009375
3 0.834375 0.84140625 0.0109375 0.009375
3 0.8203125 0.86171875 0.0078125 0.0078125
3 0.83046875 0.86015625 0.0109375 0.0078125
3 0.82734375 0.875 0.0109375 0.0078125
9 0.80703125 0.80546875 0.0203125 0.0171875
3 0.8328125 0.88671875 0.0078125 0.0078125
3 0.83984375 0.8890625 0.0078125 0.0078125
3 0.840625 0.90078125 0.0078125 0.0078125
3 0.83984375 0.940625 0.0109375 0.0078125
3 0.8421875 0.99765625 0.00625 0.0046875
3 0.8453125 0.9921875 0.0078125 0.0078125
3 0.8359375 0.96953125 0.00625 0.00625
3 0.82890625 0.890625 0.0078125 0.0078125
9 0.8328125 0.94765625 0.0140625 0.0140625
2 0.83671875 0.9796875 0.021875 0.01875
10 0.8375 0.95546875 0.0078125 0.0078125
10 0.6171875 0.653125 0.03125 0.0171875
9 0.27578125 0.6 0.0625 0.04375
10 0.63203125 0.8515625 0.0265625 0.0171875
9 0.6625 0.93046875 0.0328125 0.0234375
9 0.5625 0.89453125 0.04375 0.028125
9 0.6890625 0.99140625 0.028125 0.0171875
10 0.83359375 0.93046875 0.0109375 0.0109375
3 0.40078125 0.915625 0.03125 0.0390625
3 0.3921875 0.903125 0.025 0.034375
3 0.36484375 0.9046875 0.028125 0.0375
3 0.3515625 0.90625 0.0359375 0.0359375