6 0.92265625 0.42578125 0.0234375 0.0109375
7 0.821875 0.4234375 0.015625 0.0078125
6 0.7734375 0.4515625 0.01875 0.0078125
6 0.7328125 0.4125 0.0203125 0.0125
6 0.75703125 0.403125 0.01875 0.00625
7 0.8265625 0.4140625 0.0171875 0.009375
7 0.7859375 0.41484375 0.009375 0.00625
7 0.7875 0.4109375 0.0171875 0.0109375
6 0.65078125 0.35859375 0.0203125 0.009375
7 0.5703125 0.3125 0.0140625 0.0109375
6 0.57734375 0.30546875 0.0203125 0.0109375
6 0.46796875 0.44453125 0.015625 0.0109375
6 0.40703125 0.6609375 0.0171875 0.0125
6 0.38984375 0.67890625 0.015625 0.0140625
6 0.40390625 0.67578125 0.0140625 0.0140625
7 0.31171875 0.30078125 0.0203125 0.009375
7 0.3484375 0.2875 0.0171875 0.009375
6 0.41484375 0.290625 0.0140625 0.009375
3 0.08515625 0.35546875 0.0796875 0.0421875
4 0.075 0.2453125 0.01875 0.0234375
4 0.1015625 0.25078125 0.0171875 0.0234375
4 0.1265625 0.25625 0.0203125 0.0265625
4 0.228125 0.271875 0.01875 0.025
1 0.246875 0.2765625 0.015625 0.01875
4 0.27265625 0.275 0.0171875 0.0265625
4 0.31328125 0.30234375 0.0421875 0.0171875
4 0.346875 0.2875 0.01875 0.0234375
4 0.33359375 0.45625 0.0359375 0.01875
4 0.4640625 0.58671875 0.034375 0.0125
4 0.4640625 0.5953125 0.034375 0.0125
4 0.4609375 0.6046875 0.0375 0.0140625
4 0.465625 0.6125 0.0328125 0.0171875
4 0.53203125 0.44296875 0.028125 0.0109375
4 0.534375 0.4359375 0.0328125 0.015625
4 0.5890625 0.3265625 0.0171875 0.01875
4 0.615625 0.32890625 0.021875 0.021875
4 0.66640625 0.34140625 0.015625 0.0171875
4 0.6796875 0.34296875 0.0125 0.0171875
4 0.68515625 0.34140625 0.015625 0.0203125
4 0.7015625 0.34609375 0.01875 0.021875
4 0.7140625 0.346875 0.0171875 0.0203125
4 0.72734375 0.34765625 0.01875 0.0203125
4 0.7515625 0.353125 0.01875 0.021875
4 0.765625 0.35390625 0.01875 0.01875
4 0.77578125 0.35546875 0.0125 0.0203125
4 0.7859375 0.35625 0.0125 0.0171875
4 0.7921875 0.359375 0.01875 0.021875
4 0.8078125 0.3609375 0.021875 0.01875
4 0.81953125 0.36171875 0.015625 0.0171875
4 0.83203125 0.3640625 0.015625 0.0171875
4 0.84375 0.3671875 0.015625 0.0171875
4 0.8515625 0.36796875 0.0125 0.0171875
4 0.8609375 0.36875 0.0171875 0.015625
4 0.8703125 0.36953125 0.015625 0.0171875
4 0.8828125 0.37265625 0.01875 0.021875
4 0.90390625 0.37421875 0.025 0.0203125
4 0.7859375 0.4125 0.0265625 0.015625
4 0.8203125 0.421875 0.0296875 0.0125
4 0.8234375 0.4125 0.0296875 0.0140625
4 0.85546875 0.4265625 0.0296875 0.0140625
4 0.825 0.43984375 0.01875 0.021875
4 0.83515625 0.440625 0.0171875 0.0203125
4 0.84765625 0.44296875 0.01875 0.01875
4 0.85703125 0.44296875 0.021875 0.01875
4 0.86875 0.44296875 0.0125 0.0140625
4 0.88203125 0.446875 0.0171875 0.015625
3 0.97890625 0.45703125 0.0421875 0.0296875
3 0.925 0.4515625 0.0453125 0.0234375
3 0.77890625 0.43359375 0.071875 0.034375
3 0.7 0.425 0.0765625 0.0359375
3 0.6109375 0.41796875 0.078125 0.0375
6 0.59296875 0.4375 0.0140625 0.0078125
3 0.471875 0.478125 0.05625 0.0609375
3 0.33828125 0.50078125 0.053125 0.0578125
3 0.3296875 0.5578125 0.04375 0.053125
4 0.45078125 0.70625 0.0234375 0.0109375
4 0.459375 0.665625 0.0328125 0.015625
4 0.45078125 0.68828125 0.0359375 0.01875
0 0.41953125 0.6953125 0.034375 0.0390625