3 0.06015625 0.021875 0.01640625 0.03203125
3 0.02890625 0.16796875 0.0140625 0.02421875
2 0.08984375 0.10859375 0.02421875 0.071875
2 0.0328125 0.03671875 0.0234375 0.0546875
10 0.121875 0.34453125 0.02578125 0.03984375
3 0.02890625 0.46875 0.04140625 0.06875
9 0.21171875 0.2578125 0.0375 0.0640625
3 0.24765625 0.1265625 0.02109375 0.028125
3 0.2921875 0.11328125 0.0203125 0.028125
3 0.35390625 0.01875 0.015625 0.02109375
3 0.30859375 0.01875 0.015625 0.0203125
3 0.27265625 0.32578125 0.021875 0.04375
3 0.29296875 0.29140625 0.02109375 0.034375
3 0.31015625 0.25 0.01796875 0.03125
3 0.32578125 0.22734375 0.01484375 0.02109375
3 0.34375 0.20078125 0.0140625 0.02578125
3 0.35078125 0.2421875 0.015625 0.025
3 0.3046875 0.371875 0.02265625 0.0359375
3 0.24140625 0.50859375 0.02578125 0.05390625
3 0.4296875 0.2890625 0.01328125 0.03515625
10 0.446875 0.29140625 0.01171875 0.03984375
10 0.46171875 0.296875 0.0125 0.03671875
3 0.478125 0.30390625 0.01328125 0.03984375
3 0.4953125 0.31171875 0.01484375 0.034375
3 0.5125 0.315625 0.01328125 0.03515625
3 0.528125 0.31796875 0.01484375 0.04296875
3 0.5484375 0.3234375 0.01484375 0.05
10 0.490625 0.2765625 0.01796875 0.03203125
10 0.51015625 0.28046875 0.015625 0.034375
10 0.45078125 0.2640625 0.02109375 0.0296875
3 0.3625 0.434375 0.02109375 0.04140625
3 0.39375 0.44765625 0.02109375 0.04921875
3 0.42734375 0.4609375 0.021875 0.04375
9 0.4265625 0.53203125 0.040625 0.12421875
9 0.47421875 0.553125 0.03671875 0.12578125
9 0.496875 0.56171875 0.03203125 0.11171875
9 0.57578125 0.60859375 0.03203125 0.11640625
10 0.6046875 0.5515625 0.02109375 0.065625
3 0.58046875 0.534375 0.0234375 0.0484375
3 0.540625 0.51875 0.01796875 0.0546875
3 0.521875 0.5140625 0.01796875 0.05
10 0.50390625 0.4953125 0.01953125 0.0484375
3 0.48515625 0.484375 0.01640625 0.03671875
3 0.4484375 0.4734375 0.01796875 0.0515625
3 0.6125 0.4671875 0.04296875 0.03828125
3 0.6125 0.44140625 0.03359375 0.03046875
10 0.615625 0.41875 0.03984375 0.04375
3 0.57421875 0.4078125 0.0421875 0.034375
3 0.49609375 0.41640625 0.03671875 0.03515625
10 0.4984375 0.39140625 0.03828125 0.03984375
10 0.58125 0.37421875 0.0359375 0.028125
10 0.5828125 0.3546875 0.03671875 0.01875
10 0.621875 0.390625 0.03515625 0.0296875
10 0.6265625 0.371875 0.03203125 0.0265625
3 0.62421875 0.3515625 0.03125 0.02578125
3 0.6203125 0.3234375 0.03984375 0.02890625
3 0.62421875 0.3046875 0.0359375 0.0203125
9 0.5875 0.24921875 0.0578125 0.04609375
10 0.690625 0.23828125 0.0171875 0.0484375
3 0.69375 0.334375 0.015625 0.03671875
3 0.6890625 0.296875 0.01796875 0.02890625
3 0.69453125 0.38828125 0.01796875 0.034375
10 0.69765625 0.434375 0.02109375 0.06015625
10 0.71953125 0.44609375 0.01796875 0.06640625
3 0.696875 0.5234375 0.025 0.0515625
10 0.70078125 0.584375 0.02734375 0.06953125
3 0.725 0.59296875 0.00859375 0.06953125
3 0.721875 0.52578125 0.0140625 0.03828125
9 0.34140625 0.6875 0.04765625 0.0765625
9 0.60546875 0.16796875 0.05234375 0.0359375
9 0.59453125 0.2 0.04921875 0.03359375
9 0.590625 0.23203125 0.04609375 0.03984375
9 0.6234375 0.1671875 0.0421875 0.04375
3 0.353125 0.17734375 0.01171875 0.02890625
3 0.33359375 0.1828125 0.01328125 0.02890625
3 0.41484375 0.284375 0.01484375 0.03828125
3 0.43046875 0.259375 0.01484375 0.040625
3 0.47265625 0.26953125 0.015625 0.03359375
3 0.57734375 0.2984375 0.02734375 0.01796875
3 0.5984375 0.2796875 0.02734375 0.021875
3 0.5859375 0.31484375 0.02421875 0.0203125
3 0.58359375 0.3328125 0.0296875 0.02109375
3 0.72421875 0.30859375 0.009375 0.034375
3 0.01640625 0.61953125 0.03046875 0.07109375
3 0.33359375 0.0109375 0.015625 0.01953125
3 0.39765625 0.38046875 0.034375 0.034375
3 0.40078125 0.35859375 0.03125 0.02890625
3 0.41328125 0.20859375 0.01640625 0.028125
3 0.3296875 0.14140625 0.025 0.02890625
3 0.31640625 0.15078125 0.02109375 0.021875
3 0.30859375 0.16484375 0.02421875 0.01875
3 0.284375 0.20625 0.02265625 0.03125
3 0.2890625 0.19609375 0.02109375 0.03046875
3 0.29921875 0.18125 0.02578125 0.02578125