3 0.03515625 0.94140625 0.05625 0.05703125
3 0.0328125 0.82109375 0.04453125 0.1015625
3 0.11484375 0.83359375 0.0625 0.078125
3 0.36796875 0.45390625 0.02890625 0.07421875
3 0.3171875 0.57421875 0.05859375 0.03984375
3 0.24765625 0.5890625 0.05625 0.05546875
3 0.5796875 0.6546875 0.04296875 0.0984375
3 0.62734375 0.4453125 0.03125 0.05546875
3 0.46015625 0.09765625 0.02109375 0.03203125
3 0.4484375 0.40390625 0.0234375 0.078125
3 0.38359375 0.2921875 0.02265625 0.06015625
3 0.4109375 0.059375 0.01484375 0.034375
3 0.3921875 0.015625 0.01328125 0.03046875
3 0.5421875 0.090625 0.01953125 0.03984375
3 0.51328125 0.06328125 0.01953125 0.040625
3 0.2484375 0.64296875 0.07109375 0.04921875
3 0.25078125 0.54453125 0.05703125 0.04140625
3 0.103125 0.7765625 0.071875 0.09375
3 0.31015625 0.4734375 0.05078125 0.03671875
3 0.3046875 0.4359375 0.05234375 0.03828125
3 0.309375 0.39921875 0.04765625 0.04296875
3 0.13984375 0.41015625 0.05078125 0.028125
3 0.14375 0.37109375 0.04296875 0.04375
3 0.15234375 0.3484375 0.0421875 0.03046875
3 0.14765625 0.32421875 0.05 0.03359375
3 0.1625 0.1625 0.01796875 0.04140625
3 0.065625 0.2453125 0.04453125 0.0390625
3 0.05390625 0.37890625 0.0484375 0.04296875
3 0.05546875 0.340625 0.053125 0.03984375
3 0.05625 0.30625 0.04609375 0.03515625
3 0.05546875 0.278125 0.05078125 0.03828125
10 0.10078125 0.715625 0.07734375 0.07578125
10 0.11484375 0.640625 0.05546875 0.07109375
10 0.1171875 0.590625 0.05390625 0.06171875
10 0.18984375 0.740625 0.03359375 0.1140625
10 0.23671875 0.69375 0.06171875 0.0515625
10 0.315625 0.68671875 0.06484375 0.0765625
10 0.3078125 0.5078125 0.0546875 0.053125
3 0.321875 0.628125 0.05703125 0.075
3 0.25 0.37578125 0.03984375 0.03203125
3 0.25 0.409375 0.05078125 0.03984375
3 0.246875 0.44375 0.04609375 0.05078125
3 0.25390625 0.4890625 0.0546875 0.04609375
3 0.16015625 0.50390625 0.03046875 0.06796875
3 0.1375 0.440625 0.05390625 0.0453125
3 0.06328125 0.440625 0.046875 0.0609375
3 0.15625 0.25234375 0.02734375 0.03828125
10 0.0171875 0.615625 0.034375 0.0890625
10 0.04375 0.4140625 0.0515625 0.071875
10 0.153125 0.2109375 0.02109375 0.0453125
10 0.1734375 0.11171875 0.02109375 0.03828125
10 0.17265625 0.0625 0.0171875 0.034375
3 0.36875 0.10703125 0.02265625 0.06328125
3 0.71875 0.62890625 0.02109375 0.078125
3 0.715625 0.36953125 0.02734375 0.034375
3 0.62421875 0.315625 0.03046875 0.040625
3 0.63984375 0.34453125 0.02421875 0.046875
3 0.65234375 0.3765625 0.0359375 0.05390625
3 0.675 0.32109375 0.034375 0.065625
3 0.69375 0.31875 0.02890625 0.0609375
3 0.7109375 0.31171875 0.03203125 0.05546875
3 0.67421875 0.27578125 0.02578125 0.059375
3 0.5859375 0.10703125 0.02421875 0.03203125
3 0.58359375 0.0609375 0.02265625 0.0484375
3 0.60546875 0.05390625 0.02890625 0.03203125
3 0.6734375 0.18203125 0.0421875 0.02890625
3 0.6578125 0.1484375 0.03203125 0.03046875
10 0.64375 0.09609375 0.03515625 0.0296875
9 0.59140625 0.275 0.0484375 0.08359375
6 0.025 0.26875 0.01328125 0.021875
6 0.109375 0.25078125 0.0078125 0.0203125
6 0.075 0.2640625 0.00859375 0.02421875
6 0.15859375 0.05390625 0.00703125 0.01953125
6 0.175 0.0359375 0.00390625 0.021875
6 0.18203125 0.0265625 0.00703125 0.01875
6 0.1703125 0.02890625 0.00546875 0.02109375
6 0.01875 0.26875 0.00546875 0.01484375
7 0.409375 0.3703125 0.0046875 0.01484375
4 0.409375 0.37578125 0.00859375 0.02109375
6 0.346875 0.3640625 0.00703125 0.02890625
1 0.36015625 0.2921875 0.00703125 0.025
10 0.36484375 0.078125 0.01796875 0.04375
3 0.35859375 0.05546875 0.02578125 0.03125
6 0.53984375 0.1875 0.00703125 0.025
6 0.63828125 0.04296875 0.00625 0.02578125
7 0.52265625 0.2109375 0.00546875 0.01796875
7 0.54296875 0.23203125 0.00546875 0.015625
4 0.54140625 0.24140625 0.009375 0.025
4 0.52109375 0.215625 0.00859375 0.021875