6 0.784375 0.6375 0.05625 0.0296875
6 0.78984375 0.628125 0.065625 0.0359375
9 0.9796875 0.640625 0.03125 0.06875
9 0.8125 0.8359375 0.171875 0.15625
3 0.7390625 0.740625 0.13125 0.0890625
3 0.7765625 0.6796875 0.134375 0.0859375
9 0.86953125 0.6265625 0.1796875 0.1046875
9 0.5296875 0.61328125 0.09375 0.0640625
3 0.5953125 0.478125 0.0765625 0.0828125
3 0.52734375 0.50859375 0.0703125 0.0484375
9 0.47734375 0.46484375 0.059375 0.0703125
3 0.44375 0.42578125 0.0515625 0.0375
3 0.37890625 0.4515625 0.0421875 0.03125
3 0.3515625 0.44375 0.034375 0.0265625
3 0.32421875 0.49140625 0.03125 0.025
3 0.27421875 0.440625 0.025 0.0203125
3 0.20234375 0.4203125 0.015625 0.0140625
3 0.2796875 0.38671875 0.028125 0.0203125
3 0.2484375 0.365625 0.025 0.025
3 0.25234375 0.375 0.025 0.021875
3 0.246875 0.35078125 0.0234375 0.0265625
3 0.2109375 0.39609375 0.0203125 0.0140625
3 0.196875 0.40078125 0.0140625 0.0125
3 0.175 0.38984375 0.0140625 0.0109375
3 0.16015625 0.3921875 0.0109375 0.009375
3 0.16171875 0.40390625 0.0125 0.009375
6 0.37578125 0.40859375 0.03125 0.0171875
6 0.378125 0.40390625 0.0265625 0.0140625
6 0.38203125 0.40078125 0.03125 0.0171875
6 0.34140625 0.45703125 0.025 0.0125
6 0.3484375 0.45625 0.015625 0.009375
6 0.29921875 0.46796875 0.025 0.0140625
6 0.2953125 0.478125 0.025 0.0140625
6 0.27578125 0.4703125 0.01875 0.009375
6 0.24609375 0.4453125 0.021875 0.0109375
6 0.2390625 0.44765625 0.021875 0.0109375
6 0.25859375 0.44296875 0.0203125 0.0125
7 0.69765625 0.6796875 0.0359375 0.025
7 0.68515625 0.67265625 0.0328125 0.0203125
7 0.6640625 0.6015625 0.0390625 0.0234375
7 0.68125 0.54453125 0.03125 0.021875
7 0.6796875 0.56171875 0.0296875 0.0234375
7 0.56796875 0.603125 0.03125 0.021875
7 0.56484375 0.6390625 0.046875 0.03125
7 0.54453125 0.540625 0.0359375 0.021875
7 0.57578125 0.5375 0.0421875 0.025
7 0.4546875 0.5078125 0.03125 0.0203125
7 0.42734375 0.53203125 0.0296875 0.0171875
7 0.43359375 0.53515625 0.0203125 0.0125
7 0.3734375 0.509375 0.025 0.015625
4 0.69609375 0.678125 0.0484375 0.0265625
4 0.675 0.60625 0.0453125 0.025
4 0.7171875 0.55625 0.05 0.0328125
4 0.5828125 0.53828125 0.0328125 0.0203125
4 0.5515625 0.54375 0.0359375 0.021875
4 0.57734375 0.60703125 0.0359375 0.025
6 0.5078125 0.5640625 0.0375 0.021875
6 0.42734375 0.5484375 0.040625 0.0203125
7 0.3046875 0.4640625 0.021875 0.0140625
7 0.303125 0.453125 0.01875 0.009375
7 0.30625 0.42890625 0.0203125 0.0125
4 0.3109375 0.465625 0.015625 0.0109375
8 0.30625 0.45546875 0.0265625 0.0171875
4 0.309375 0.43046875 0.0203125 0.0125
7 0.42578125 0.4546875 0.0203125 0.0125
3 0.26328125 0.33359375 0.0203125 0.021875
3 0.1359375 0.37109375 0.0109375 0.0078125
3 0.13359375 0.3796875 0.0078125 0.00625
3 0.1515625 0.39453125 0.0140625 0.0109375
3 0.14296875 0.3921875 0.00625 0.0046875
3 0.12265625 0.38125 0.009375 0.00625
3 0.11328125 0.365625 0.0078125 0.00625