10 0.03515625 0.29609375 0.06953125 0.1
10 0.15859375 0.31875 0.1015625 0.0984375
0 0.26953125 0.346875 0.08984375 0.0765625
1 0.18203125 0.41796875 0.03984375 0.03984375
4 0.32421875 0.2859375 0.034375 0.0390625
7 0.32265625 0.278125 0.015625 0.04921875
6 0.25 0.28828125 0.01171875 0.05078125
6 0.59609375 0.021875 0.01484375 0.04375
0 0.58046875 0.0203125 0.0453125 0.0390625
0 0.478125 0.41875 0.02578125 0.0859375
0 0.5140625 0.53125 0.09140625 0.2
0 0.5390625 0.86875 0.13359375 0.20546875
7 0.39921875 0.65703125 0.02109375 0.05078125
6 0.5015625 0.69453125 0.0203125 0.05625
6 0.38828125 0.46796875 0.01171875 0.04921875
6 0.4 0.45859375 0.01171875 0.05
9 0.3546875 0.509375 0.05859375 0.25390625
0 0.58046875 0.4578125 0.06015625 0.07109375
6 0.53671875 0.46875 0.01640625 0.03984375
6 0.565625 0.496875 0.01796875 0.046875
6 0.571875 0.4875 0.01796875 0.046875
6 0.5625 0.421875 0.01796875 0.05859375
0 0.55625 0.38125 0.11015625 0.0984375
0 0.61171875 0.39296875 0.04140625 0.06328125
0 0.68359375 0.471875 0.0359375 0.06953125
10 0.496875 0.29296875 0.07734375 0.08828125
6 0.57421875 0.3421875 0.01484375 0.046875
6 0.590625 0.35234375 0.00703125 0.0453125
6 0.634375 0.321875 0.0203125 0.053125
6 0.67421875 0.15625 0.01953125 0.046875
6 0.715625 0.16328125 0.02109375 0.04609375
7 0.68203125 0.515625 0.02265625 0.028125
7 0.65859375 0.63359375 0.01796875 0.04296875
6 0.6796875 0.63125 0.0296875 0.05
6 0.1671875 0.78046875 0.0328125 0.06171875
6 0.18359375 0.89453125 0.02578125 0.05078125