3 0.58515625 0.51015625 0.0953125 0.084375
3 0.6703125 0.375 0.11875 0.1
3 0.53125 0.29375 0.084375 0.06875
3 0.45546875 0.396875 0.0765625 0.0625
3 0.4625 0.4890625 0.0609375 0.05625
3 0.56953125 0.76875 0.053125 0.040625
3 0.5203125 0.85625 0.04375 0.0421875
3 0.62734375 0.87890625 0.065625 0.0578125
3 0.38828125 0.6453125 0.0375 0.0265625
3 0.384375 0.6203125 0.0375 0.0265625
3 0.3765625 0.60078125 0.0390625 0.0296875
3 0.41171875 0.703125 0.0390625 0.0296875
3 0.41171875 0.75390625 0.03125 0.021875
3 0.36953125 0.578125 0.0390625 0.0296875
3 0.40234375 0.68046875 0.04375 0.0296875
3 0.48671875 0.92421875 0.034375 0.03125
3 0.50234375 0.88828125 0.0359375 0.0328125
3 0.46015625 0.9640625 0.0296875 0.0265625
3 0.43984375 0.99609375 0.0265625 0.0078125
10 0.59296875 0.915625 0.0671875 0.053125
3 0.578125 0.9453125 0.046875 0.0390625
3 0.54921875 0.965625 0.0484375 0.040625
3 0.54609375 0.99375 0.0484375 0.0125
3 0.4734375 0.93828125 0.0328125 0.0296875
3 0.44765625 0.98203125 0.028125 0.0265625
3 0.5140625 0.78359375 0.0484375 0.0484375
3 0.49921875 0.81640625 0.0390625 0.0375
3 0.48671875 0.684375 0.059375 0.059375
3 0.484375 0.71015625 0.053125 0.0546875
3 0.4734375 0.72265625 0.053125 0.0546875
3 0.465625 0.74765625 0.046875 0.05
3 0.45625 0.77890625 0.046875 0.05
3 0.4421875 0.8109375 0.04375 0.04375
3 0.46171875 0.90390625 0.0375 0.04375
3 0.42578125 0.53828125 0.0453125 0.0515625
3 0.396875 0.50859375 0.04375 0.0421875
3 0.3453125 0.4703125 0.0390625 0.0375
3 0.31875 0.45703125 0.0359375 0.0328125
3 0.2921875 0.4390625 0.0328125 0.0328125
3 0.2765625 0.42578125 0.034375 0.03125
3 0.26171875 0.41640625 0.0359375 0.0265625
3 0.38671875 0.4125 0.05 0.046875
3 0.36015625 0.42890625 0.040625 0.040625
3 0.33046875 0.34453125 0.0484375 0.0421875
9 0.36796875 0.37578125 0.1046875 0.0890625
2 0.26328125 0.3625 0.075 0.053125
6 0.44609375 0.578125 0.0328125 0.0203125
6 0.4375 0.71640625 0.0234375 0.0140625
6 0.4390625 0.72578125 0.025 0.0140625
6 0.73046875 0.75390625 0.0484375 0.028125
7 0.71171875 0.7953125 0.0359375 0.0234375
4 0.72109375 0.78828125 0.05 0.0390625
3 0.4171875 0.72890625 0.034375 0.0265625
3 0.4171875 0.99375 0.021875 0.0125
3 0.35234375 0.996875 0.0140625 0.00625
3 0.35859375 0.996875 0.0171875 0.00625
3 0.36015625 0.99296875 0.0171875 0.0140625
3 0.37265625 0.95234375 0.021875 0.0234375
3 0.38046875 0.9359375 0.025 0.0265625
3 0.38203125 0.90703125 0.0234375 0.0296875
3 0.425 0.98828125 0.025 0.0234375
3 0.42890625 0.9828125 0.028125 0.0296875
3 0.4390625 0.96015625 0.0296875 0.0328125
3 0.4484375 0.93203125 0.028125 0.0359375
3 0.45625 0.915625 0.0296875 0.0328125
6 0.4046875 0.8625 0.021875 0.0125
6 0.40625 0.865625 0.01875 0.0109375
3 0.45234375 0.8015625 0.0375 0.0421875
6 0.3796875 0.7765625 0.0234375 0.0125
6 0.39375 0.76171875 0.0234375 0.0109375
6 0.425 0.778125 0.025 0.0140625
1 0.39921875 0.728125 0.021875 0.01875
4 0.403125 0.73984375 0.01875 0.0171875
3 0.396875 0.66328125 0.03125 0.0234375
1 0.4765625 0.6578125 0.0203125 0.0125
8 0.4859375 0.66171875 0.028125 0.0234375
3 0.35546875 0.5625 0.0296875 0.0234375
3 0.2359375 0.3984375 0.0296875 0.0234375
3 0.25078125 0.40703125 0.0296875 0.0234375
3 0.23203125 0.36796875 0.0265625 0.025