6 0.21328125 0.515625 0.01875 0.05546875
6 0.23359375 0.42890625 0.01015625 0.03828125
6 0.2203125 0.4265625 0.0109375 0.03828125
6 0.18828125 0.4109375 0.01015625 0.03359375
6 0.1328125 0.440625 0.009375 0.0359375
6 0.1671875 0.41953125 0.00703125 0.03671875
6 0.1703125 0.41796875 0.00859375 0.034375
6 0.18671875 0.453125 0.00859375 0.03828125
6 0.18984375 0.453125 0.009375 0.0265625
6 0.26640625 0.4484375 0.0109375 0.04140625
6 0.25703125 0.4390625 0.0125 0.0390625
6 0.203125 0.28984375 0.00546875 0.021875
10 0.24296875 0.36328125 0.02734375 0.0484375
3 0.3421875 0.39140625 0.025 0.04453125
3 0.3421875 0.346875 0.02265625 0.040625
3 0.35078125 0.3171875 0.01796875 0.03046875
3 0.35390625 0.29375 0.01640625 0.0265625
3 0.36015625 0.271875 0.015625 0.02578125
3 0.3625 0.26171875 0.01328125 0.0265625
2 0.36328125 0.2359375 0.01796875 0.04609375
2 0.35390625 0.196875 0.00546875 0.01015625
7 0.3515625 0.190625 0.00234375 0.00390625
4 0.35078125 0.19296875 0.003125 0.00546875
6 0.46953125 0.4546875 0.01171875 0.04296875
7 0.4578125 0.47265625 0.0140625 0.0359375
7 0.55859375 0.44140625 0.01328125 0.03828125
6 0.59375 0.44921875 0.009375 0.046875
6 0.5125 0.440625 0.00859375 0.046875
6 0.52734375 0.4234375 0.01015625 0.03671875
6 0.5328125 0.42109375 0.00625 0.02890625
6 0.53125 0.41328125 0.00859375 0.03984375
6 0.51875 0.43671875 0.0078125 0.04609375
6 0.50859375 0.4265625 0.009375 0.03828125
6 0.5140625 0.43125 0.009375 0.040625
6 0.48671875 0.39453125 0.01015625 0.03671875
6 0.4890625 0.42421875 0.01015625 0.03984375
6 0.49453125 0.4109375 0.01171875 0.0390625
6 0.49375 0.40546875 0.00703125 0.03671875
6 0.48125 0.43203125 0.0109375 0.03984375
6 0.475 0.44921875 0.00859375 0.0390625
6 0.4734375 0.44296875 0.01171875 0.04609375
8 0.4484375 0.48359375 0.04609375 0.03984375
1 0.55546875 0.45078125 0.02421875 0.02890625
6 0.55625 0.371875 0.01015625 0.03515625
3 0.65546875 0.54453125 0.10546875 0.0734375
7 0.6640625 0.47734375 0.01484375 0.0546875
7 0.71328125 0.49140625 0.0140625 0.04921875
1 0.7109375 0.496875 0.0296875 0.03046875
1 0.66171875 0.48359375 0.03203125 0.03125
6 0.71328125 0.4140625 0.00859375 0.03984375
3 0.70546875 0.384375 0.04765625 0.05
3 0.6921875 0.37734375 0.05234375 0.04140625
3 0.6765625 0.36171875 0.06171875 0.0453125
10 0.665625 0.34609375 0.05390625 0.04609375
3 0.6484375 0.340625 0.04609375 0.03046875
3 0.640625 0.33046875 0.04453125 0.03203125
3 0.62890625 0.31875 0.04765625 0.03046875
3 0.61484375 0.309375 0.04140625 0.025
3 0.61015625 0.30078125 0.03828125 0.025
8 0.64765625 0.3734375 0.02421875 0.03046875
7 0.6609375 0.37578125 0.01015625 0.02109375
6 0.5375 0.27734375 0.00703125 0.0265625
6 0.51640625 0.26171875 0.0046875 0.0234375
7 0.5125 0.26953125 0.00625 0.015625
2 0.475 0.265625 0.02890625 0.05703125
3 0.55078125 0.325 0.02890625 0.03515625
6 0.44921875 0.26953125 0.00546875 0.01796875
1 0.44921875 0.27421875 0.00546875 0.015625
7 0.46875 0.20703125 0.00234375 0.009375
4 0.46875 0.209375 0.003125 0.00703125
4 0.453125 0.19375 0.00234375 0.00625
7 0.453125 0.19140625 0.00234375 0.00625
6 0.4125 0.215625 0.0046875 0.01328125
6 0.3828125 0.20703125 0.00234375 0.0109375
3 0.39140625 0.1734375 0.00546875 0.009375
3 0.3921875 0.17109375 0.00390625 0.00859375
3 0.39296875 0.16875 0.00546875 0.00859375
3 0.3984375 0.175 0.00546875 0.00703125
2 0.42109375 0.16484375 0.00703125 0.01484375
3 0.3921875 0.14921875 0.00234375 0.0046875
3 0.3921875 0.159375 0.00390625 0.0046875
3 0.38671875 0.1609375 0.00390625 0.0046875
3 0.3890625 0.15859375 0.00234375 0.00546875
3 0.40625 0.18125 0.00546875 0.00859375
3 0.41484375 0.18046875 0.00390625 0.00703125
3 0.41171875 0.203125 0.00859375 0.01171875
3 0.3890625 0.15390625 0.003125 0.00390625
3 0.38125 0.16171875 0.00390625 0.0046875
3 0.3828125 0.15859375 0.00390625 0.0046875
3 0.38515625 0.15625 0.00390625 0.00546875
3 0.38515625 0.153125 0.003125 0.00625
2 0.375 0.159375 0.0078125 0.01171875
2 0.38125 0.15390625 0.00703125 0.00859375
3 0.36953125 0.16328125 0.003125 0.00546875
3 0.36015625 0.16953125 0.0078125 0.00625
3 0.36484375 0.1640625 0.003125 0.00546875
3 0.3625 0.16484375 0.00234375 0.00703125
3 0.35859375 0.16484375 0.00390625 0.00546875
3 0.35078125 0.18203125 0.00546875 0.00859375
3 0.34140625 0.1890625 0.0046875 0.00859375
3 0.3390625 0.19296875 0.00546875 0.009375
3 0.3359375 0.1953125 0.00546875 0.009375
3 0.33359375 0.1984375 0.00625 0.01015625
3 0.33125 0.203125 0.00703125 0.0109375
3 0.3234375 0.209375 0.00859375 0.0140625
3 0.31875 0.21640625 0.0078125 0.0140625
3 0.3171875 0.20625 0.01640625 0.0140625
7 0.3109375 0.22421875 0.003125 0.01171875
1 0.3109375 0.2265625 0.003125 0.009375
3 0.30390625 0.21328125 0.01015625 0.01484375
6 0.03203125 0.45546875 0.01953125 0.03828125
3 0.02578125 0.40625 0.05078125 0.04375
3 0.04921875 0.39375 0.06015625 0.03671875
3 0.06796875 0.37578125 0.05390625 0.03671875
6 0.0890625 0.38125 0.0109375 0.03359375
3 0.08203125 0.3640625 0.04921875 0.03671875
3 0.09921875 0.35625 0.04765625 0.03125
6 0.11171875 0.375 0.0078125 0.03359375
6 0.1171875 0.3734375 0.01171875 0.03671875
3 0.1125 0.34453125 0.04609375 0.03046875
3 0.128125 0.334375 0.03671875 0.03046875
3 0.13359375 0.32578125 0.03359375 0.02421875
3 0.13984375 0.31796875 0.0296875 0.01953125
3 0.15390625 0.30703125 0.03984375 0.0296875
3 0.1640625 0.303125 0.0328125 0.025
6 0.16171875 0.33203125 0.00703125 0.02421875
6 0.16328125 0.32265625 0.00859375 0.0234375
6 0.16796875 0.321875 0.00625 0.025
3 0.1875 0.28203125 0.03125 0.0203125
3 0.19765625 0.27734375 0.03203125 0.01953125
10 0.20234375 0.26875 0.02578125 0.02109375
3 0.2078125 0.265625 0.0234375 0.01796875
3 0.21328125 0.2609375 0.02265625 0.01875
6 0.20546875 0.25078125 0.00390625 0.015625
6 0.22890625 0.26484375 0.0046875 0.01875
10 0.2234375 0.2546875 0.02109375 0.021875
6 0.2421875 0.26953125 0.00390625 0.02109375
6 0.24609375 0.26953125 0.00546875 0.01875
6 0.2515625 0.2703125 0.0046875 0.01875
6 0.25703125 0.265625 0.00625 0.02109375
6 0.253125 0.2453125 0.00234375 0.01640625
6 0.24609375 0.25 0.00390625 0.01875
6 0.278125 0.23203125 0.0046875 0.01328125
6 0.27109375 0.240625 0.00390625 0.01171875
6 0.27265625 0.23671875 0.0046875 0.01484375
6 0.30625 0.20625 0.00234375 0.01328125
6 0.3265625 0.1875 0.00390625 0.01171875
6 0.34453125 0.18125 0.003125 0.00859375
6 0.34140625 0.18203125 0.00234375 0.01015625
6 0.3390625 0.1828125 0.003125 0.01015625
6 0.33671875 0.1875 0.00234375 0.00859375
6 0.334375 0.18828125 0.00390625 0.009375