3 0.07265625 0.0453125 0.01328125 0.009375
5 0.13125 0.14921875 0.01015625 0.02421875
3 0.13359375 0.03359375 0.003125 0.00859375
10 0.14453125 0.01328125 0.009375 0.0234375
10 0.225 0.021875 0.00703125 0.01328125
10 0.240625 0.14609375 0.01640625 0.03046875
10 0.25 0.13671875 0.01328125 0.02421875
3 0.22265625 0.146875 0.0078125 0.01484375
3 0.23515625 0.12890625 0.009375 0.01328125
4 0.27109375 0.159375 0.0046875 0.00625
7 0.2703125 0.15703125 0.00234375 0.00859375
7 0.234375 0.771875 0.00703125 0.02109375
4 0.234375 0.78125 0.00703125 0.034375
4 0.3234375 0.7171875 0.00859375 0.0359375
7 0.32265625 0.715625 0.00546875 0.01875
10 0.3421875 0.640625 0.0203125 0.06875
10 0.45546875 0.478125 0.04921875 0.115625
10 0.3609375 0.209375 0.0109375 0.01796875
6 0.415625 0.2453125 0.00234375 0.01328125
6 0.42109375 0.2328125 0.00234375 0.0140625
6 0.41328125 0.21875 0.003125 0.01015625
6 0.40625 0.2203125 0.00234375 0.0109375
6 0.43828125 0.26796875 0.00234375 0.015625
6 0.47109375 0.39140625 0.00390625 0.01484375
3 0.459375 0.31484375 0.021875 0.021875
3 0.46796875 0.25859375 0.01328125 0.01875
3 0.45234375 0.25703125 0.01328125 0.01640625
10 0.44453125 0.2640625 0.0140625 0.021875
2 0.41875 0.30234375 0.03046875 0.06953125
2 0.396875 0.22578125 0.02421875 0.04921875
3 0.46484375 0.21875 0.01640625 0.01640625
3 0.44453125 0.14609375 0.0125 0.0109375
3 0.45234375 0.1359375 0.01171875 0.0109375
3 0.42890625 0.1265625 0.01484375 0.0109375
7 0.37578125 0.190625 0.00234375 0.00859375
4 0.37578125 0.19453125 0.00234375 0.00703125
3 0.39453125 0.15546875 0.01484375 0.01328125
3 0.4578125 0.121875 0.01328125 0.01171875
10 0.4671875 0.13359375 0.02109375 0.0265625
10 0.4 0.14609375 0.0109375 0.0140625
10 0.38828125 0.146875 0.01015625 0.0140625
10 0.3796875 0.13984375 0.01953125 0.021875
10 0.38046875 0.13125 0.01953125 0.01640625
10 0.40625 0.109375 0.00859375 0.03125
5 0.38125 0.15546875 0.0078125 0.01171875
5 0.4 0.171875 0.009375 0.01640625
10 0.309375 0.17265625 0.0203125 0.025
10 0.353125 0.15859375 0.01328125 0.02578125
10 0.39296875 0.10859375 0.0078125 0.03125
3 0.384375 0.11484375 0.0046875 0.009375
0 0.390625 0.18671875 0.00703125 0.01640625
7 0.390625 0.1890625 0.00234375 0.009375
2 0.36171875 0.14375 0.01640625 0.0390625
2 0.3390625 0.12265625 0.01484375 0.03203125
10 0.58984375 0.8921875 0.08671875 0.15859375
4 0.59765625 0.815625 0.01640625 0.0359375
7 0.5984375 0.8109375 0.01015625 0.0140625
3 0.70859375 0.68203125 0.03984375 0.03359375
3 0.71875 0.71484375 0.02109375 0.0390625
3 0.715625 0.54609375 0.02734375 0.03359375
3 0.71875 0.49375 0.02109375 0.03046875
3 0.63125 0.640625 0.03984375 0.06171875
10 0.57890625 0.659375 0.05234375 0.1015625
3 0.65859375 0.6390625 0.040625 0.06328125
3 0.6953125 0.64609375 0.04140625 0.03125
3 0.6796875 0.61171875 0.04140625 0.0296875
3 0.70703125 0.5265625 0.03671875 0.03046875
3 0.71328125 0.47265625 0.03125 0.0234375
3 0.7015625 0.4546875 0.0328125 0.02578125
3 0.6828125 0.48125 0.0359375 0.03125
3 0.66953125 0.4609375 0.034375 0.028125
3 0.6515625 0.39609375 0.025 0.03515625
3 0.6390625 0.3984375 0.0234375 0.0390625
3 0.621875 0.48515625 0.03046875 0.04453125
3 0.64453125 0.525 0.0296875 0.05
3 0.6953125 0.50390625 0.03515625 0.028125
3 0.628125 0.52890625 0.0296875 0.053125
3 0.60390625 0.48515625 0.028125 0.04296875
3 0.61015625 0.40234375 0.021875 0.0359375
3 0.56484375 0.40546875 0.0171875 0.0359375
3 0.553125 0.4109375 0.01328125 0.03203125
10 0.6046875 0.34296875 0.02109375 0.0359375
10 0.55234375 0.3296875 0.02265625 0.0203125
10 0.52421875 0.2578125 0.025 0.025
3 0.61875 0.34375 0.0234375 0.03359375
3 0.6359375 0.346875 0.02265625 0.02890625
3 0.6484375 0.34453125 0.02109375 0.02421875
3 0.6625 0.34453125 0.02109375 0.02890625
3 0.70234375 0.33671875 0.01640625 0.01640625
4 0.709375 0.346875 0.01953125 0.01484375
3 0.6875 0.34140625 0.02265625 0.02890625
4 0.65234375 0.30078125 0.0078125 0.01015625
4 0.6015625 0.24765625 0.00625 0.01015625
4 0.60859375 0.26796875 0.00390625 0.01171875
10 0.57734375 0.34609375 0.01953125 0.034375
3 0.53046875 0.27265625 0.02109375 0.01796875
3 0.509375 0.19921875 0.01640625 0.01640625
3 0.5140625 0.253125 0.01484375 0.015625
3 0.49140625 0.20703125 0.015625 0.015625
3 0.5015625 0.18203125 0.01484375 0.0203125
3 0.48671875 0.13359375 0.00703125 0.01015625
3 0.3890625 0.08125 0.00546875 0.009375
3 0.38125 0.08203125 0.00625 0.0109375
3 0.31953125 0.028125 0.00390625 0.00625
3 0.296875 0.01953125 0.00546875 0.00703125
3 0.29921875 0.0109375 0.00390625 0.00859375
10 0.33828125 0.06640625 0.00859375 0.01640625
4 0.3734375 0.090625 0.00546875 0.00546875
7 0.37421875 0.08828125 0.00234375 0.00703125
10 0.35078125 0.03046875 0.00703125 0.00859375
3 0.35546875 0.03359375 0.00625 0.00703125
3 0.30234375 0.01953125 0.00390625 0.00390625
3 0.3125 0.0296875 0.00546875 0.00703125
10 0.303125 0.028125 0.00390625 0.00859375