3 0.2828125 0.009375 0.01875 0.01875
4 0.26953125 0.00546875 0.0109375 0.0109375
3 0.3109375 0.0109375 0.015625 0.021875
3 0.32578125 0.0171875 0.0140625 0.021875
6 0.340625 0.01640625 0.0046875 0.00625
3 0.35625 0.0234375 0.0171875 0.0234375
4 0.390625 0.03046875 0.00625 0.009375
3 0.3890625 0.046875 0.0203125 0.0203125
3 0.3921875 0.06875 0.021875 0.0203125
3 0.37265625 0.02734375 0.015625 0.0234375
3 0.45234375 0.00234375 0.0140625 0.0046875
3 0.4453125 0.01640625 0.0140625 0.021875
9 0.4265625 0.06171875 0.028125 0.0515625
3 0.41015625 0.1078125 0.015625 0.0234375
3 0.40078125 0.13046875 0.01875 0.0265625
3 0.39140625 0.15625 0.01875 0.0265625
6 0.3953125 0.16171875 0.00625 0.009375
3 0.38046875 0.18359375 0.0171875 0.0234375
3 0.3625 0.2328125 0.015625 0.0265625
9 0.371875 0.25546875 0.0421875 0.0796875
3 0.303125 0.26875 0.01875 0.0296875
3 0.29296875 0.26875 0.01875 0.028125
3 0.28515625 0.26484375 0.01875 0.0265625
3 0.3140625 0.253125 0.0203125 0.01875
3 0.31953125 0.22734375 0.01875 0.0265625
3 0.309375 0.22421875 0.01875 0.0265625
3 0.30078125 0.221875 0.01875 0.0296875
3 0.2578125 0.20703125 0.01875 0.0265625
10 0.25 0.203125 0.0203125 0.0328125
3 0.21171875 0.16484375 0.0234375 0.0265625
3 0.2296875 0.2015625 0.01875 0.0296875
3 0.2203125 0.19921875 0.015625 0.025
3 0.2140625 0.19453125 0.0171875 0.0296875
3 0.19921875 0.1921875 0.0203125 0.01875
3 0.19453125 0.2046875 0.01875 0.0171875
3 0.19140625 0.15234375 0.01875 0.028125
3 0.1625 0.1453125 0.0203125 0.028125
3 0.1390625 0.14140625 0.0203125 0.028125
4 0.1484375 0.13828125 0.0078125 0.0109375
3 0.1296875 0.1390625 0.01875 0.0265625
3 0.11796875 0.1296875 0.01875 0.0265625
3 0.0578125 0.3453125 0.025 0.0359375
4 0.07265625 0.3453125 0.00625 0.009375
3 0.07890625 0.34921875 0.01875 0.0296875
3 0.09765625 0.3546875 0.01875 0.0296875
3 0.10625 0.3578125 0.0203125 0.0328125
3 0.11796875 0.36015625 0.021875 0.0328125
4 0.13671875 0.34921875 0.00625 0.009375
4 0.13984375 0.35234375 0.00625 0.009375
3 0.14921875 0.359375 0.0203125 0.0328125
3 0.13046875 0.41171875 0.0203125 0.0328125
4 0.1078125 0.39609375 0.0140625 0.0109375
10 0.225 0.3625 0.01875 0.0296875
3 0.28515625 0.465625 0.0203125 0.034375
7 0.32421875 0.3359375 0.0046875 0.0046875
4 0.32421875 0.33671875 0.00625 0.0109375
3 0.253125 0.5703125 0.0234375 0.0390625
10 0.17421875 0.5796875 0.0203125 0.01875
4 0.18203125 0.55859375 0.0109375 0.0140625
4 0.1546875 0.5609375 0.00625 0.009375
3 0.1171875 0.58984375 0.028125 0.028125
3 0.1078125 0.609375 0.0265625 0.0234375
3 0.1 0.62890625 0.028125 0.028125
8 0.1921875 0.67890625 0.0109375 0.015625
3 0.06796875 0.64765625 0.0265625 0.025
3 0.07734375 0.62734375 0.028125 0.0265625
3 0.08515625 0.60546875 0.0265625 0.025
4 0.08125 0.58515625 0.0078125 0.0125
4 0.075 0.58359375 0.0109375 0.015625
3 0.0359375 0.5953125 0.0265625 0.025
3 0.01875 0.63515625 0.0296875 0.028125
3 0.00390625 0.63359375 0.0078125 0.0265625
3 0.00625 0.75390625 0.0125 0.0484375
3 0.0296875 0.74921875 0.0265625 0.0421875
9 0.20234375 0.68828125 0.03125 0.0546875
3 0.56171875 0.00234375 0.0203125 0.0046875
3 0.5859375 0.0078125 0.01875 0.015625
3 0.58515625 0.01640625 0.0203125 0.0203125
6 0.68125 0.2296875 0.00625 0.009375
4 0.71328125 0.23671875 0.0078125 0.0078125
6 0.63359375 0.09296875 0.00625 0.009375
6 0.625 0.090625 0.0046875 0.009375
7 0.63515625 0.1265625 0.0046875 0.00625
6 0.628125 0.015625 0.003125 0.00625
3 0.390625 0.8125 0.03125 0.028125
3 0.384375 0.840625 0.025 0.025
3 0.41015625 0.84765625 0.0265625 0.025
3 0.43828125 0.85546875 0.0296875 0.0234375
3 0.46640625 0.86328125 0.0265625 0.025
3 0.321875 0.8953125 0.028125 0.0453125
3 0.33203125 0.90078125 0.0296875 0.0515625
3 0.35390625 0.90546875 0.0296875 0.0515625
3 0.3671875 0.90703125 0.03125 0.0484375
3 0.37734375 0.9125 0.0296875 0.05
3 0.4234375 0.92109375 0.03125 0.046875
3 0.43515625 0.92265625 0.0328125 0.05
3 0.44765625 0.92890625 0.03125 0.0484375
3 0.46953125 0.93515625 0.03125 0.0484375
3 0.50078125 0.98203125 0.0328125 0.0359375
3 0.5796875 0.8921875 0.01875 0.021875