3 0.2453125 0.64453125 0.01640625 0.0484375
2 0.25703125 0.53125 0.0265625 0.09140625
6 0.11796875 0.35 0.00859375 0.01328125
2 0.07421875 0.29296875 0.05625 0.04453125
9 0.01328125 0.26640625 0.02578125 0.04296875
6 0.19453125 0.22734375 0.00546875 0.015625
6 0.22421875 0.1703125 0.00859375 0.01328125
6 0.1625 0.0984375 0.0078125 0.01484375
6 0.31171875 0.0109375 0.0046875 0.02109375
6 0.46640625 0.0359375 0.00546875 0.0140625
3 0.4390625 0.31640625 0.03359375 0.02890625
3 0.43671875 0.35390625 0.034375 0.02890625
3 0.48359375 0.3640625 0.03515625 0.02890625
3 0.5359375 0.3765625 0.03515625 0.02890625
3 0.59140625 0.384375 0.03203125 0.028125
2 0.66953125 0.378125 0.09453125 0.04921875
6 0.6890625 0.453125 0.00859375 0.00859375
6 0.72421875 0.45390625 0.009375 0.01015625
4 0.584375 0.18203125 0.01171875 0.01484375
7 0.58515625 0.18046875 0.00546875 0.01484375