3 0.7 0.975 0.040625 0.04921875
3 0.69296875 0.828125 0.03671875 0.09296875
3 0.40859375 0.596875 0.03515625 0.06953125
3 0.45703125 0.4375 0.02734375 0.0453125
3 0.50234375 0.3265625 0.0234375 0.040625
3 0.5125 0.3015625 0.01953125 0.03984375
3 0.5375 0.2546875 0.01953125 0.03515625
3 0.55234375 0.21640625 0.01796875 0.0296875
3 0.57109375 0.18125 0.01875 0.025
3 0.58125 0.16015625 0.015625 0.0296875
6 0.6125 0.13828125 0.00390625 0.0203125
3 0.6046875 0.121875 0.01484375 0.02109375
3 0.6203125 0.09765625 0.0125 0.01953125
10 0.64375 0.065625 0.01171875 0.0234375
3 0.9828125 0.62265625 0.034375 0.05