3 0.06015625 0.02109375 0.04296875 0.04140625
10 0.1109375 0.0671875 0.06171875 0.09375
3 0.03515625 0.18203125 0.05546875 0.08515625
3 0.0953125 0.26328125 0.0578125 0.08828125
3 0.12578125 0.196875 0.06171875 0.09609375
3 0.18515625 0.16953125 0.05390625 0.08359375
3 0.27734375 0.215625 0.046875 0.09375
3 0.24765625 0.25859375 0.05625 0.090625
3 0.16328125 0.353125 0.0609375 0.09609375
3 0.22890625 0.43515625 0.06640625 0.078125
3 0.4078125 0.45703125 0.0609375 0.09140625
3 0.28828125 0.51796875 0.0546875 0.08828125
3 0.33984375 0.59453125 0.046875 0.0765625
10 0.396875 0.67578125 0.04765625 0.10078125
3 0.465625 0.765625 0.0578125 0.08046875
3 0.534375 0.65859375 0.05390625 0.084375
3 0.528125 0.85390625 0.0546875 0.08984375
3 0.60234375 0.74375 0.05703125 0.0859375
3 0.79453125 0.66875 0.05078125 0.1109375
3 0.66796875 0.83828125 0.059375 0.0953125
10 0.56484375 0.61875 0.05625 0.08359375
3 0.5984375 0.95 0.0609375 0.09921875
10 0.7375 0.925 0.0578125 0.090625
6 0.80546875 0.3359375 0.01484375 0.028125
6 0.7328125 0.22890625 0.0140625 0.028125
6 0.60234375 0.240625 0.01171875 0.03828125
6 0.525 0.23046875 0.01171875 0.03828125
6 0.78203125 0.13125 0.015625 0.03125
6 0.78984375 0.15078125 0.01640625 0.03515625
10 0.6609375 0.23125 0.0546875 0.05703125
10 0.7890625 0.97734375 0.05 0.0453125
3 0.6578125 0.9921875 0.059375 0.015625
8 0.0578125 0.4296875 0.04140625 0.059375
6 0.08515625 0.39453125 0.021875 0.03125
6 0.09453125 0.440625 0.02265625 0.0296875
6 0.0703125 0.55 0.02421875 0.02578125
6 0.10078125 0.371875 0.02109375 0.0265625
6 0.12578125 0.40625 0.02578125 0.02421875
6 0.1296875 0.26796875 0.02265625 0.03671875