9 0.29140625 0.75703125 0.1140625 0.309375
3 0.4046875 0.5734375 0.04296875 0.08984375
3 0.4890625 0.5859375 0.0453125 0.071875
3 0.3734375 0.2140625 0.0265625 0.0390625
3 0.18828125 0.46328125 0.02890625 0.071875
3 0.1796875 0.3140625 0.02734375 0.05859375
3 0.221875 0.07890625 0.0203125 0.02890625
3 0.34375 0.17109375 0.02421875 0.0359375
3 0.31796875 0.13359375 0.021875 0.03203125
3 0.29140625 0.096875 0.01953125 0.02421875
9 0.27578125 0.06171875 0.02578125 0.04296875
3 0.2484375 0.0203125 0.0171875 0.02578125
3 0.23515625 0.00859375 0.01796875 0.01640625
3 0.08515625 0.10546875 0.01796875 0.03359375
3 0.578125 0.21015625 0.0296875 0.03671875
3 0.61171875 0.2453125 0.03515625 0.0390625
2 0.12421875 0.24609375 0.0375 0.09140625
6 0.15 0.3515625 0.0078125 0.02890625
6 0.15859375 0.33515625 0.0078125 0.0296875
3 0.01328125 0.05234375 0.0265625 0.0265625
3 0.03828125 0.0453125 0.01484375 0.028125
3 0.0515625 0.01328125 0.015625 0.02578125
3 0.05703125 0.03984375 0.01640625 0.0296875
3 0.0671875 0.05859375 0.03515625 0.0265625
3 0.08671875 0.01796875 0.01640625 0.02421875
6 0.075 0.0796875 0.00546875 0.01640625
6 0.103125 0.1125 0.00703125 0.025
6 0.10625 0.1109375 0.0046875 0.0203125
4 0.146875 0.103125 0.00546875 0.01796875
7 0.14609375 0.096875 0.0046875 0.015625
6 0.4109375 0.95078125 0.00859375 0.0265625
6 0.375 0.93359375 0.00859375 0.02578125
6 0.45234375 0.28828125 0.00703125 0.02421875
6 0.4421875 0.303125 0.00546875 0.021875
7 0.303125 0.46875 0.00703125 0.015625
1 0.3046875 0.48046875 0.01015625 0.02578125
10 0.35 0.07890625 0.02421875 0.0265625
3 0.41640625 0.05703125 0.02421875 0.0203125
10 0.45546875 0.06875 0.02109375 0.03125
10 0.57265625 0.91171875 0.0640625 0.11484375
3 0.54921875 0.17578125 0.02109375 0.028125
3 0.5640625 0.259375 0.02890625 0.03203125
3 0.5828125 0.28046875 0.02734375 0.034375
3 0.59609375 0.3015625 0.03125 0.0359375
3 0.6140625 0.32421875 0.03046875 0.03359375
3 0.63125 0.34296875 0.03359375 0.0390625
3 0.65078125 0.365625 0.034375 0.03984375
3 0.6703125 0.3890625 0.0328125 0.04140625
3 0.6921875 0.4109375 0.03515625 0.0453125
3 0.71015625 0.35625 0.03828125 0.0515625
7 0.69765625 0.7203125 0.01484375 0.01875
1 0.69375 0.72421875 0.02421875 0.03984375
3 0.68203125 0.8765625 0.08046875 0.13125