3 0.078125 0.3875 0.0140625 0.01953125
3 0.08984375 0.39609375 0.01953125 0.01953125
9 0.1828125 0.44609375 0.04296875 0.05390625
3 0.23984375 0.4984375 0.03046875 0.04375
3 0.27578125 0.5234375 0.03515625 0.0484375
3 0.32421875 0.528125 0.02734375 0.046875
7 0.33046875 0.54921875 0.00859375 0.03203125
6 0.29765625 0.534375 0.00859375 0.0359375
3 0.37734375 0.528125 0.03046875 0.0484375
3 0.41796875 0.51875 0.040625 0.05078125
3 0.459375 0.5140625 0.04140625 0.0515625
3 0.48984375 0.503125 0.03828125 0.04453125
6 0.67109375 0.403125 0.00546875 0.028125
3 0.66171875 0.56875 0.05234375 0.065625
3 0.628125 0.61328125 0.0640625 0.07109375
3 0.625 0.6890625 0.06484375 0.10078125
3 0.02109375 0.4484375 0.0265625 0.03203125
3 0.05078125 0.496875 0.03515625 0.04609375
3 0.0734375 0.53828125 0.04453125 0.05546875
3 0.109375 0.57421875 0.05703125 0.06875
3 0.1546875 0.66171875 0.07109375 0.11328125
3 0.34765625 0.928125 0.15 0.0890625
9 0.08125 0.87421875 0.1625 0.19296875