3 0.43046875 0.85546875 0.05234375 0.08125
3 0.55 0.69296875 0.04765625 0.06328125
3 0.58203125 0.64453125 0.04375 0.059375
3 0.6171875 0.60546875 0.04453125 0.0515625
0 0.6015625 0.615625 0.02578125 0.04375
3 0.83984375 0.81640625 0.05703125 0.07421875
3 0.865625 0.78203125 0.06328125 0.05390625
3 0.85390625 0.73671875 0.05859375 0.04296875
6 0.71875 0.74375 0.00625 0.0296875
3 0.7859375 0.85390625 0.04296875 0.05078125
3 0.56640625 0.24453125 0.01171875 0.025
3 0.59453125 0.24375 0.0125 0.0234375
3 0.62421875 0.28515625 0.02265625 0.02421875
3 0.628125 0.2734375 0.01953125 0.01640625
3 0.46015625 0.265625 0.028125 0.01953125
3 0.765625 0.1671875 0.0203125 0.0140625
3 0.75625 0.15859375 0.0234375 0.01796875
3 0.75078125 0.146875 0.02578125 0.021875
3 0.74921875 0.13125 0.01875 0.01640625
3 0.74765625 0.12734375 0.01953125 0.015625
3 0.75078125 0.12109375 0.01875 0.01640625
3 0.7015625 0.11640625 0.01953125 0.01640625
3 0.709375 0.1140625 0.01484375 0.0140625
3 0.7125 0.10859375 0.01796875 0.015625
3 0.71875 0.1046875 0.0140625 0.0109375
3 0.72734375 0.10078125 0.01796875 0.015625
3 0.746875 0.08515625 0.01640625 0.01328125
8 0.72421875 0.0828125 0.00546875 0.015625
3 0.75703125 0.07578125 0.01171875 0.0109375
3 0.32734375 0.28671875 0.0265625 0.0296875
3 0.0171875 0.46875 0.03046875 0.03046875
2 0.58515625 0.128125 0.03671875 0.0296875
2 0.6484375 0.1015625 0.02890625 0.0265625