7 0.7109375 0.05859375 0.00546875 0.01953125
1 0.7109375 0.06484375 0.00390625 0.01640625
3 0.7265625 0.08515625 0.01171875 0.028125
3 0.725 0.02109375 0.01328125 0.03203125
3 0.73046875 0.1375 0.01640625 0.034375
10 0.73203125 0.2109375 0.01796875 0.0453125
3 0.73359375 0.2515625 0.01875 0.040625
6 0.72421875 0.4234375 0.00703125 0.03203125
6 0.73359375 0.421875 0.00859375 0.03203125
6 0.771875 0.45546875 0.00546875 0.03046875
6 0.77734375 0.45859375 0.00703125 0.03203125
6 0.78203125 0.4890625 0.00703125 0.03046875
6 0.78828125 0.490625 0.00703125 0.03046875
10 0.75625 0.53828125 0.02890625 0.075
10 0.76484375 0.7109375 0.028125 0.09609375
3 0.60859375 0.85625 0.03203125 0.11640625
3 0.26015625 0.9609375 0.0546875 0.078125
10 0.30390625 0.86484375 0.05703125 0.12421875
3 0.34140625 0.75390625 0.04140625 0.08671875
3 0.4796875 0.784375 0.0390625 0.10859375
3 0.39375 0.60234375 0.0328125 0.0734375
3 0.41953125 0.496875 0.0265625 0.05859375
3 0.52734375 0.4421875 0.02578125 0.065625
3 0.57421875 0.3921875 0.02265625 0.06171875
3 0.64296875 0.30625 0.0234375 0.05390625
3 0.56015625 0.3109375 0.01796875 0.05078125
10 0.4828125 0.26328125 0.02578125 0.05390625
7 0.50703125 0.2609375 0.00703125 0.0234375
1 0.5078125 0.26796875 0.00703125 0.0234375
1 0.48515625 0.1890625 0.01484375 0.01796875
3 0.5203125 0.13046875 0.01484375 0.03828125
3 0.53046875 0.09609375 0.015625 0.034375
3 0.5453125 0.0484375 0.00625 0.025
3 0.48984375 0.08203125 0.02421875 0.0265625
3 0.49921875 0.03828125 0.01484375 0.0296875
3 0.48359375 0.03359375 0.0125 0.03125
6 0.46953125 0.18125 0.00703125 0.0234375
6 0.4640625 0.18203125 0.00546875 0.02421875