10 0.43359375 0.16640625 0.040625 0.1015625
10 0.59609375 0.16171875 0.04375 0.084375
2 0.3125 0.834375 0.0140625 0.028125
2 0.32109375 0.734375 0.01875 0.0453125
2 0.3421875 0.6890625 0.0125 0.0234375
2 0.39375 0.66640625 0.0125 0.0265625
2 0.3484375 0.60390625 0.0125 0.0265625
2 0.31953125 0.80703125 0.0046875 0.0109375
9 0.3203125 0.865625 0.0109375 0.0203125
3 0.3265625 0.88125 0.0046875 0.00625
3 0.33046875 0.8703125 0.0046875 0.009375
3 0.3 0.840625 0.0078125 0.0109375
3 0.3171875 0.78671875 0.0078125 0.0140625
9 0.3296875 0.83828125 0.009375 0.0171875
9 0.30625 0.77890625 0.0078125 0.015625
9 0.35390625 0.86875 0.0234375 0.0296875
6 0.55625 0.325 0.0109375 0.0265625
10 0.5109375 0.425 0.0265625 0.05
3 0.58125 0.4015625 0.0328125 0.0546875
3 0.55703125 0.45234375 0.0296875 0.05
7 0.3609375 0.15078125 0.009375 0.01875
1 0.36171875 0.140625 0.0078125 0.0265625
6 0.309375 0.69375 0.0046875 0.0109375
6 0.07265625 0.73984375 0.0046875 0.0140625
6 0.0921875 0.7640625 0.0046875 0.00625
6 0.11640625 0.7390625 0.0046875 0.00625
6 0.10859375 0.740625 0.0046875 0.009375
6 0.09765625 0.7484375 0.0046875 0.009375
6 0.0765625 0.75234375 0.0046875 0.00625