3 0.16015625 0.08203125 0.046875 0.046875
3 0.21015625 0.10859375 0.046875 0.04453125
3 0.140625 0.20390625 0.05078125 0.053125
3 0.27109375 0.128125 0.0515625 0.034375
3 0.33125 0.15546875 0.05078125 0.05546875
3 0.28125 0.1609375 0.05546875 0.0484375
3 0.25234375 0.22890625 0.05703125 0.05546875
3 0.34921875 0.26640625 0.06328125 0.0640625
6 0.36640625 0.28828125 0.00859375 0.040625
3 0.4265625 0.31328125 0.0625 0.06171875
3 0.54921875 0.24296875 0.06953125 0.06484375
3 0.509375 0.35546875 0.0796875 0.075
3 0.59140625 0.44921875 0.03671875 0.10390625
3 0.703125 0.31953125 0.05234375 0.05390625
3 0.696875 0.5109375 0.06484375 0.1453125
6 0.26953125 0.3890625 0.0109375 0.053125
4 0.08203125 0.4609375 0.03203125 0.0359375
4 0.08125 0.49609375 0.03203125 0.034375