3 0.34609375 0.88203125 0.06171875 0.13359375
3 0.4 0.75546875 0.053125 0.109375
3 0.246875 0.2171875 0.03046875 0.034375
3 0.26328125 0.27421875 0.028125 0.03515625
3 0.3765625 0.28203125 0.02421875 0.0390625
3 0.42578125 0.3359375 0.0421875 0.04375
9 0.01875 0.09296875 0.03671875 0.05
3 0.36171875 0.34921875 0.0421875 0.046875
3 0.40859375 0.37890625 0.04296875 0.04609375
3 0.46171875 0.4203125 0.046875 0.05
3 0.45546875 0.38125 0.04140625 0.04140625
3 0.46875 0.36875 0.04140625 0.04296875
3 0.5171875 0.40078125 0.05078125 0.046875
3 0.5453125 0.39296875 0.04140625 0.040625
3 0.57109375 0.38359375 0.04140625 0.04296875
3 0.584375 0.359375 0.04765625 0.03671875
3 0.59453125 0.3359375 0.03828125 0.0390625
3 0.60859375 0.3 0.03984375 0.03515625
3 0.61875 0.2859375 0.03359375 0.03203125
3 0.62265625 0.271875 0.03828125 0.03828125
3 0.63046875 0.26171875 0.03125 0.03203125
3 0.640625 0.253125 0.0375 0.03203125
3 0.6484375 0.2359375 0.03671875 0.028125
3 0.65546875 0.2234375 0.03359375 0.028125
3 0.6625 0.20625 0.03828125 0.0234375
10 0.66953125 0.190625 0.028125 0.0234375
3 0.67421875 0.18046875 0.03125 0.02578125
3 0.68359375 0.1703125 0.03515625 0.0296875
3 0.69296875 0.16015625 0.03203125 0.021875
10 0.70078125 0.1421875 0.03671875 0.03203125
3 0.70703125 0.1265625 0.03125 0.025
3 0.71640625 0.11953125 0.0234375 0.0234375
3 0.72109375 0.10546875 0.015625 0.01796875
3 0.71953125 0.09609375 0.01953125 0.01875
3 0.71953125 0.29140625 0.01875 0.03046875
3 0.71875 0.32890625 0.0203125 0.046875
3 0.6671875 0.33828125 0.02734375 0.05546875
3 0.6953125 0.38828125 0.03046875 0.05703125
3 0.68984375 0.4296875 0.03046875 0.059375
3 0.70234375 0.49609375 0.05390625 0.071875
3 0.703125 0.60078125 0.05234375 0.05859375
3 0.63515625 0.64375 0.0359375 0.08203125
3 0.61171875 0.74375 0.0421875 0.1
3 0.58203125 0.8734375 0.05078125 0.13203125
3 0.4828125 0.503125 0.04921875 0.0703125
3 0.48671875 0.56171875 0.040625 0.0703125
3 0.44765625 0.64609375 0.03984375 0.07578125