3 0.22578125 0.57890625 0.040625 0.090625
3 0.37421875 0.34609375 0.0265625 0.075
3 0.4109375 0.15390625 0.021875 0.0484375
3 0.37109375 0.04921875 0.0203125 0.0328125
3 0.6125 0.37578125 0.028125 0.0578125
3 0.64296875 0.3609375 0.0296875 0.053125
3 0.65390625 0.40859375 0.0359375 0.071875
3 0.67578125 0.35 0.0390625 0.046875
3 0.628125 0.46953125 0.034375 0.05
3 0.4796875 0.6328125 0.0265625 0.0703125
3 0.48671875 0.3234375 0.028125 0.0640625
3 0.48828125 0.2703125 0.025 0.053125
10 0.49296875 0.175 0.021875 0.0515625
3 0.04765625 0.51328125 0.0421875 0.065625
3 0.2140625 0.475 0.0359375 0.075
3 0.16171875 0.3140625 0.034375 0.0328125
9 0.1984375 0.428125 0.0421875 0.11875
9 0.2984375 0.18984375 0.046875 0.084375
3 0.11171875 0.13515625 0.01875 0.0453125
3 0.09609375 0.13125 0.0203125 0.046875
3 0.20078125 0.1125 0.021875 0.0328125
3 0.06171875 0.2140625 0.0296875 0.0375
3 0.0828125 0.203125 0.025 0.03125
3 0.1 0.1921875 0.028125 0.03125
2 0.1515625 0.4375 0.0703125 0.1546875
6 0.49609375 0.13984375 0.0046875 0.015625
6 0.50078125 0.1375 0.00625 0.01875
3 0.71171875 0.06328125 0.0171875 0.0234375
3 0.74375 0.0875 0.01875 0.0234375
3 0.75546875 0.09453125 0.01875 0.03125
3 0.76484375 0.103125 0.0171875 0.0265625
3 0.76484375 0.04296875 0.01875 0.025
3 0.74140625 0.04765625 0.01875 0.0265625
3 0.7734375 0.0515625 0.015625 0.0203125
3 0.7625 0.06484375 0.015625 0.025
3 0.72890625 0.040625 0.015625 0.0265625
3 0.58359375 0.4734375 0.04375 0.0390625
3 0.5953125 0.6078125 0.0484375 0.0484375
3 0.478125 0.70859375 0.025 0.040625