4 0.93203125 0.76171875 0.0421875 0.0265625
3 0.98359375 0.39453125 0.0265625 0.08125
3 0.96171875 0.3796875 0.06875 0.0921875
1 0.8359375 0.696875 0.0359375 0.015625
9 0.94140625 0.60859375 0.1171875 0.1078125
4 0.928125 0.20390625 0.0375 0.0328125
7 0.91953125 0.20390625 0.0484375 0.01875
9 0.834375 0.26484375 0.11875 0.115625
6 0.67578125 0.40625 0.034375 0.009375
3 0.6078125 0.97734375 0.03125 0.034375
3 0.5734375 0.8765625 0.0328125 0.0296875
3 0.54921875 0.84921875 0.0265625 0.025
3 0.53828125 0.68046875 0.028125 0.034375
3 0.51796875 0.7234375 0.0296875 0.0328125
3 0.4984375 0.66015625 0.0265625 0.0296875
3 0.6015625 0.5390625 0.034375 0.0453125
6 0.5390625 0.41953125 0.025 0.0078125
3 0.56171875 0.42578125 0.0296875 0.0171875
6 0.4734375 0.53125 0.01875 0.0046875
3 0.53125 0.38125 0.03125 0.0234375
9 0.4953125 0.37421875 0.0421875 0.034375
9 0.37734375 0.23359375 0.025 0.0328125
9 0.371875 0.22734375 0.0234375 0.0328125