3 0.3671875 0.01640625 0.028125 0.0328125
3 0.35 0.065625 0.025 0.0546875
10 0.3359375 0.125 0.0265625 0.0703125
7 0.37734375 0.10625 0.00625 0.0203125
4 0.37734375 0.09765625 0.0078125 0.025
7 0.32890625 0.24765625 0.00625 0.01875
1 0.32890625 0.240625 0.00625 0.01875
2 0.32265625 0.203125 0.0453125 0.1296875
3 0.29765625 0.28046875 0.01875 0.0390625
3 0.2921875 0.31328125 0.015625 0.0359375
3 0.284375 0.340625 0.0140625 0.03125
1 0.31796875 0.309375 0.00625 0.015625
7 0.31796875 0.3140625 0.00625 0.01875
3 0.278125 0.36953125 0.015625 0.03125
3 0.27265625 0.38984375 0.0125 0.025
10 0.26640625 0.41484375 0.009375 0.0265625
6 0.25078125 0.38125 0.003125 0.0125
6 0.2453125 0.41640625 0.003125 0.01875
3 0.2625 0.43125 0.0125 0.028125
8 0.26875 0.440625 0.00625 0.015625
6 0.2703125 0.45703125 0.003125 0.01875
6 0.25703125 0.446875 0.003125 0.0125
3 0.25625 0.46015625 0.009375 0.0203125
6 0.25859375 0.48125 0.003125 0.015625
3 0.25234375 0.47109375 0.0125 0.021875
3 0.215625 0.6265625 0.009375 0.015625
3 0.23359375 0.70234375 0.00625 0.0109375
3 0.2109375 0.7265625 0.00625 0.00625
3 0.209375 0.734375 0.0046875 0.00625
6 0.209375 0.6796875 0.003125 0.0109375
4 0.21484375 0.6765625 0.003125 0.00625
7 0.21484375 0.6796875 0.003125 0.00625
3 0.31328125 0.56015625 0.009375 0.015625
10 0.21640625 0.7375 0.00625 0.009375
3 0.22265625 0.7390625 0.0046875 0.009375
10 0.21171875 0.7453125 0.00625 0.009375
3 0.20078125 0.75 0.00625 0.009375
2 0.21015625 0.76953125 0.00625 0.0140625
3 0.21015625 0.75625 0.00625 0.009375
3 0.21328125 0.75859375 0.0046875 0.00625
3 0.73984375 0.0140625 0.040625 0.0203125
1 0.7 0.02265625 0.0125 0.0265625
7 0.69921875 0.03203125 0.009375 0.025
3 0.6484375 0.13671875 0.0359375 0.046875
4 0.6328125 0.1640625 0.015625 0.015625
4 0.62421875 0.175 0.0109375 0.0265625
4 0.61953125 0.18125 0.0125 0.021875
4 0.615625 0.1890625 0.015625 0.01875
1 0.60078125 0.20078125 0.0140625 0.015625
7 0.59765625 0.22109375 0.00625 0.021875
4 0.5984375 0.21796875 0.009375 0.0265625
1 0.584375 0.2265625 0.009375 0.025
4 0.56875 0.20625 0.009375 0.0203125
7 0.56796875 0.209375 0.00625 0.0203125
3 0.55 0.03515625 0.034375 0.0546875
3 0.521875 0.31796875 0.021875 0.0296875
6 0.525 0.34140625 0.0046875 0.01875
6 0.53671875 0.34375 0.003125 0.01875
3 0.49765625 0.346875 0.021875 0.025
3 0.4703125 0.38203125 0.01875 0.0234375
3 0.4609375 0.40546875 0.0171875 0.021875
3 0.5109375 0.428125 0.0171875 0.021875
1 0.51640625 0.38671875 0.003125 0.01875
1 0.5046875 0.39375 0.003125 0.0140625
1 0.50078125 0.4046875 0.009375 0.0109375
3 0.4359375 0.446875 0.015625 0.01875
3 0.4265625 0.4640625 0.015625 0.0203125
4 0.4546875 0.471875 0.009375 0.0125
3 0.36328125 0.48046875 0.0140625 0.021875
3 0.3546875 0.5234375 0.0125 0.015625
3 0.38203125 0.54921875 0.0078125 0.015625
4 0.4234375 0.4421875 0.00625 0.0125
7 0.4234375 0.4453125 0.00625 0.015625
7 0.41015625 0.4609375 0.003125 0.015625
1 0.41015625 0.45859375 0.003125 0.0125
3 0.4125 0.4859375 0.0125 0.01875
3 0.4046875 0.49921875 0.0125 0.015625
3 0.39765625 0.5125 0.0125 0.01875
3 0.38984375 0.52421875 0.0125 0.01875
3 0.42265625 0.49453125 0.0125 0.01875
3 0.40546875 0.6015625 0.0171875 0.0125
6 0.384375 0.51171875 0.003125 0.0125
7 0.38515625 0.50390625 0.003125 0.0140625
4 0.38515625 0.5 0.003125 0.0125
7 0.37109375 0.53203125 0.003125 0.009375
4 0.37109375 0.528125 0.003125 0.009375
3 0.425 0.59921875 0.021875 0.015625
3 0.33203125 0.5921875 0.00625 0.0125
1 0.375 0.59375 0.00625 0.00625
7 0.3734375 0.5953125 0.003125 0.0125
7 0.36171875 0.55234375 0.003125 0.0125
1 0.36171875 0.54921875 0.003125 0.009375
3 0.27109375 0.6671875 0.00625 0.0109375
3 0.26640625 0.67734375 0.00625 0.009375
3 0.253125 0.7 0.00625 0.009375
3 0.25234375 0.7078125 0.00625 0.00625
3 0.2421875 0.7125 0.00625 0.009375
2 0.284375 0.671875 0.0125 0.025
3 0.2375 0.7234375 0.00625 0.009375
3 0.234375 0.7328125 0.00625 0.00625
3 0.23046875 0.74140625 0.0046875 0.00625
3 0.22421875 0.75234375 0.003125 0.00625
3 0.23046875 0.75390625 0.003125 0.00625
3 0.240625 0.75859375 0.0078125 0.00625
3 0.240625 0.7484375 0.0046875 0.00625
3 0.2453125 0.73984375 0.00625 0.00625
3 0.2484375 0.71796875 0.0046875 0.009375
3 0.24453125 0.72578125 0.0046875 0.00625
3 0.2421875 0.73125 0.00625 0.00625
3 0.2390625 0.73828125 0.0046875 0.00625
3 0.2359375 0.74375 0.003125 0.00625
3 0.234375 0.74921875 0.0046875 0.00625
3 0.29375 0.68203125 0.00625 0.009375
3 0.2921875 0.70234375 0.0125 0.009375
4 0.35078125 0.565625 0.003125 0.009375
7 0.35 0.56875 0.003125 0.009375
4 0.34609375 0.584375 0.003125 0.009375
7 0.34609375 0.58828125 0.003125 0.009375
4 0.3375 0.5953125 0.003125 0.00625
7 0.3375 0.5984375 0.003125 0.009375
6 0.3421875 0.6171875 0.003125 0.009375
6 0.36484375 0.60546875 0.003125 0.009375
6 0.375 0.62109375 0.003125 0.009375
3 0.30625 0.6625 0.00625 0.009375
3 0.303125 0.6671875 0.00625 0.009375
3 0.30078125 0.67265625 0.00625 0.00625
3 0.30546875 0.690625 0.00625 0.009375
3 0.33671875 0.61171875 0.009375 0.0125
3 0.33359375 0.61796875 0.009375 0.0125
3 0.328125 0.6234375 0.009375 0.0125
3 0.325 0.6296875 0.009375 0.009375
3 0.32265625 0.6359375 0.009375 0.0125
3 0.31875 0.640625 0.009375 0.009375
3 0.315625 0.64765625 0.0078125 0.0109375
3 0.3125 0.65234375 0.0078125 0.0109375
1 0.309375 0.64375 0.003125 0.00625
7 0.309375 0.64609375 0.003125 0.00625
1 0.3234375 0.615625 0.003125 0.00625
7 0.32265625 0.61953125 0.003125 0.009375
3 0.04296875 0.34375 0.034375 0.028125
1 0.7984375 0.00625 0.0140625 0.0015625