3 0.60234375 0.89140625 0.04921875 0.11875
3 0.515625 0.66171875 0.03046875 0.05859375
3 0.55703125 0.55 0.02578125 0.05
3 0.53828125 0.41875 0.02265625 0.03046875
10 0.4 0.69375 0.03125 0.09140625
10 0.5265625 0.346875 0.01484375 0.025
3 0.46640625 0.340625 0.0140625 0.03203125
3 0.4421875 0.3859375 0.0171875 0.03984375
9 0.44375 0.3484375 0.01953125 0.046875
3 0.45078125 0.3234375 0.0140625 0.03203125
9 0.4390625 0.23125 0.02890625 0.0234375
8 0.4 0.23125 0.02265625 0.02109375
3 0.40234375 0.36875 0.02421875 0.03046875
7 0.3984375 0.3359375 0.00390625 0.00859375
7 0.39921875 0.33125 0.00390625 0.01484375
4 0.35625 0.43046875 0.0109375 0.02109375
0 0.3484375 0.41953125 0.02421875 0.03125
8 0.4046875 0.4390625 0.02734375 0.0234375
8 0.384375 0.4859375 0.02578125 0.03515625
6 0.36328125 0.4578125 0.00546875 0.025
6 0.35234375 0.4578125 0.0078125 0.0265625
6 0.35546875 0.45390625 0.00625 0.02890625
6 0.31953125 0.45625 0.0078125 0.02578125
7 0.34296875 0.50390625 0.00859375 0.02578125
1 0.38203125 0.53203125 0.01796875 0.015625
8 0.34609375 0.5734375 0.01953125 0.04140625
7 0.35390625 0.60703125 0.01171875 0.02421875
4 0.28046875 0.63671875 0.01875 0.03046875
6 0.24453125 0.690625 0.01015625 0.04453125
4 0.3515625 0.75859375 0.03125 0.03671875
8 0.3453125 0.73984375 0.0421875 0.04296875
0 0.36015625 0.7109375 0.03359375 0.0703125
0 0.33671875 0.8421875 0.04375 0.0734375
0 0.4875 0.41640625 0.0203125 0.05
0 0.50546875 0.30234375 0.01015625 0.01953125
9 0.52265625 0.29375 0.01640625 0.046875
6 0.3875 0.334375 0.00703125 0.021875
9 0.53359375 0.27890625 0.01796875 0.03046875
7 0.484375 0.22578125 0.00390625 0.009375
7 0.50859375 0.2359375 0.003125 0.01015625
4 0.50859375 0.23828125 0.0046875 0.01171875
8 0.484375 0.22890625 0.0046875 0.0109375
0 0.46328125 0.1703125 0.01328125 0.01640625
10 0.4515625 0.15546875 0.0125 0.0109375
0 0.48203125 0.18125 0.00546875 0.0109375
3 0.484375 0.1765625 0.00546875 0.0109375
7 0.49140625 0.1359375 0.00234375 0.00546875
4 0.4921875 0.1390625 0.00234375 0.00546875
6 0.48828125 0.1109375 0.00234375 0.00703125
0 0.65546875 0.18984375 0.009375 0.01328125
3 0.59921875 0.196875 0.00703125 0.01484375