3 0.66484375 0.61640625 0.015625 0.0125
3 0.6609375 0.60859375 0.0171875 0.0125
3 0.678125 0.60390625 0.0171875 0.0125
3 0.67734375 0.59296875 0.015625 0.009375
3 0.68828125 0.59453125 0.0140625 0.009375
10 0.73203125 0.59765625 0.0140625 0.0125
2 0.71328125 0.61015625 0.0296875 0.028125
2 0.6875 0.60859375 0.034375 0.0234375
2 0.7171875 0.6046875 0.0296875 0.025
3 0.27890625 0.6703125 0.0453125 0.025
3 0.24609375 0.6578125 0.0328125 0.0171875
3 0.2390625 0.65078125 0.0328125 0.01875
3 0.21875 0.63828125 0.0359375 0.0203125
3 0.171875 0.61484375 0.0390625 0.021875
3 0.36328125 0.5375 0.025 0.015625
3 0.3484375 0.521875 0.0296875 0.0171875
3 0.13046875 0.5890625 0.03125 0.0203125
3 0.31328125 0.57578125 0.0328125 0.025
9 0.3421875 0.5859375 0.040625 0.0265625
3 0.640625 0.42578125 0.0140625 0.0140625
3 0.69765625 0.3703125 0.0171875 0.0109375
3 0.7890625 0.34453125 0.0125 0.00625
9 0.78515625 0.328125 0.0125 0.0140625
6 0.65078125 0.3890625 0.009375 0.00625
6 0.64609375 0.38671875 0.009375 0.00625
6 0.65703125 0.39453125 0.00625 0.0046875
6 0.66015625 0.40078125 0.00625 0.0046875
6 0.66796875 0.40078125 0.00625 0.0046875
6 0.6625 0.390625 0.00625 0.0046875
6 0.66015625 0.39609375 0.00625 0.0046875
6 0.646875 0.38046875 0.00625 0.0046875
6 0.69453125 0.4390625 0.00625 0.0046875
6 0.67421875 0.40625 0.00625 0.003125
6 0.7453125 0.46171875 0.00625 0.0046875
6 0.80390625 0.4453125 0.00625 0.0046875
6 0.80703125 0.4390625 0.00625 0.0046875
6 0.8515625 0.440625 0.00625 0.0046875
6 0.8515625 0.43984375 0.00625 0.0046875
2 0.8625 0.45625 0.0109375 0.0078125