3 0.384375 0.63125 0.01015625 0.040625
3 0.415625 0.5828125 0.0140625 0.03984375
3 0.3578125 0.43203125 0.00859375 0.01953125
3 0.34609375 0.41640625 0.00859375 0.01875
3 0.3578125 0.38828125 0.00703125 0.01796875
3 0.3921875 0.290625 0.00546875 0.01171875
3 0.3921875 0.2546875 0.0046875 0.0109375
3 0.38828125 0.23203125 0.0046875 0.01171875
3 0.33515625 0.2234375 0.0046875 0.01015625
3 0.33125 0.2546875 0.0046875 0.009375
3 0.3390625 0.18359375 0.00390625 0.0109375
3 0.353125 0.19921875 0.00390625 0.00859375
3 0.359375 0.20234375 0.003125 0.00859375
3 0.38828125 0.20078125 0.0046875 0.00703125
3 0.3421875 0.20859375 0.00390625 0.00703125
3 0.3421875 0.19296875 0.00390625 0.00625
3 0.340625 0.1640625 0.00390625 0.00546875
3 0.359375 0.16171875 0.00390625 0.00625
3 0.35625 0.11328125 0.003125 0.00703125
3 0.359375 0.1046875 0.00234375 0.00703125
3 0.3546875 0.1 0.00234375 0.00390625
3 0.359375 0.09375 0.003125 0.0046875
3 0.36484375 0.09375 0.003125 0.003125
2 0.36796875 0.08046875 0.00390625 0.01015625
2 0.3875 0.16953125 0.0046875 0.01640625
2 0.3890625 0.14921875 0.0078125 0.01796875
2 0.346875 0.32578125 0.009375 0.03671875
10 0.35078125 0.290625 0.00546875 0.01328125
10 0.3296875 0.278125 0.0046875 0.01015625
10 0.3703125 0.23671875 0.0046875 0.015625
3 0.35859375 0.3484375 0.00703125 0.015625
10 0.3765625 0.39765625 0.0078125 0.025
10 0.35703125 0.5484375 0.01015625 0.03046875
10 0.38984375 0.434375 0.00859375 0.02578125
3 0.4015625 0.40703125 0.00703125 0.0234375
3 0.34609375 0.17109375 0.00390625 0.00703125
2 0.346875 0.146875 0.00546875 0.01953125
3 0.34140625 0.14921875 0.00390625 0.009375