3 0.5515625 0.94609375 0.075 0.1078125
3 0.95703125 0.546875 0.0859375 0.096875
3 0.9828125 0.253125 0.034375 0.046875
3 0.80390625 0.2234375 0.0359375 0.03984375
3 0.0875 0.153125 0.0421875 0.0390625
3 0.08984375 0.103125 0.03359375 0.034375
3 0.13515625 0.0890625 0.03515625 0.03515625
3 0.12265625 0.04140625 0.02421875 0.03046875
3 0.04375 0.03984375 0.03515625 0.028125
3 0.3328125 0.1109375 0.0453125 0.0359375
3 0.01171875 0.1296875 0.0234375 0.03671875
3 0.01171875 0.09375 0.0234375 0.0359375
2 0.08359375 0.0140625 0.0453125 0.028125
9 0.11875 0.01328125 0.03515625 0.02578125
6 0.19375 0.0984375 0.00625 0.028125
4 0.19609375 0.103125 0.00859375 0.02421875
10 0.31640625 0.02265625 0.0171875 0.034375
3 0.5421875 0.1484375 0.04765625 0.03515625
3 0.5984375 0.15078125 0.0484375 0.03828125
3 0.6625 0.153125 0.04921875 0.0390625
3 0.76171875 0.15703125 0.04921875 0.03671875
3 0.828125 0.16015625 0.05 0.03671875
3 0.96640625 0.18828125 0.05078125 0.03671875
3 0.97421875 0.16640625 0.0515625 0.03828125
3 0.92734375 0.1109375 0.04453125 0.03515625
9 0.8265625 0.09609375 0.0609375 0.0515625
9 0.8125 0.075 0.03984375 0.0390625
3 0.4390625 0.10625 0.0421875 0.03046875
6 0.8203125 0.99609375 0.028125 0.00703125
6 0.5640625 0.3640625 0.01015625 0.03046875
6 0.58125 0.40234375 0.01171875 0.03828125
6 0.59375 0.3984375 0.00859375 0.040625
6 0.7140625 0.38671875 0.0140625 0.046875
6 0.70625 0.396875 0.01015625 0.0484375
6 0.70625 0.3890625 0.01015625 0.04609375
6 0.70078125 0.38125 0.01015625 0.04453125
7 0.459375 0.46171875 0.01484375 0.03671875
7 0.42421875 0.43046875 0.01796875 0.040625