2 0.65546875 0.80234375 0.115625 0.23984375
2 0.5109375 0.94765625 0.1015625 0.09921875
3 0.4421875 0.75390625 0.05703125 0.0765625
3 0.56015625 0.60859375 0.040625 0.0640625
10 0.5 0.6765625 0.03984375 0.07421875
4 0.40546875 0.73125 0.0203125 0.03046875
4 0.525 0.6078125 0.01015625 0.0265625
4 0.5859375 0.5390625 0.0203125 0.02421875
4 0.57890625 0.525 0.01015625 0.0296875
4 0.5703125 0.5546875 0.01328125 0.02578125
1 0.46328125 0.68046875 0.01328125 0.0265625
6 0.38203125 0.73671875 0.01171875 0.02421875
6 0.50625 0.6265625 0.00703125 0.0265625
6 0.5140625 0.6390625 0.0078125 0.0234375
2 0.890625 0.2984375 0.03828125 0.065625
10 0.8125 0.31875 0.01640625 0.03671875
3 0.8328125 0.253125 0.02109375 0.0203125
3 0.83125 0.2515625 0.0234375 0.025
3 0.84453125 0.23671875 0.02109375 0.01953125
3 0.8703125 0.2 0.02421875 0.03125
3 0.8859375 0.22265625 0.01484375 0.01953125
6 0.78828125 0.33359375 0.0046875 0.0203125
6 0.79375 0.3125 0.00703125 0.025
7 0.8046875 0.35234375 0.00234375 0.0140625
1 0.80234375 0.35859375 0.00390625 0.01953125
7 0.46875 0.61171875 0.00546875 0.0109375
4 0.4703125 0.62734375 0.01328125 0.015625
1 0.646875 0.453125 0.01328125 0.01640625
6 0.61953125 0.4390625 0.00390625 0.01953125
6 0.6140625 0.4390625 0.00390625 0.021875
4 0.65859375 0.4375 0.01328125 0.00859375
7 0.68125 0.509375 0.00390625 0.01015625
4 0.68125 0.5234375 0.01015625 0.015625
6 0.45078125 0.6140625 0.00546875 0.0109375
6 0.528125 0.54453125 0.01015625 0.01484375
4 0.48125 0.64765625 0.01328125 0.0265625