7 0.33515625 0.1296875 0.028125 0.040625
3 0.3390625 0.13203125 0.071875 0.078125
6 0.35390625 0.22421875 0.0234375 0.04375
1 0.35859375 0.203125 0.028125 0.0359375
1 0.3875 0.240625 0.0234375 0.0328125
4 0.37421875 0.1703125 0.0328125 0.0375
4 0.35625 0.165625 0.034375 0.0359375
3 0.4078125 0.128125 0.065625 0.1
0 0.48125 0.14609375 0.04375 0.0765625
0 0.496875 0.24609375 0.0328125 0.0546875
0 0.4640625 0.2609375 0.040625 0.0640625
0 0.40859375 0.27890625 0.053125 0.0625
4 0.428125 0.321875 0.03125 0.03125
3 0.45078125 0.33828125 0.0609375 0.0578125
3 0.471875 0.38046875 0.05625 0.05625
0 0.56796875 0.44375 0.034375 0.040625
0 0.5625 0.49296875 0.0328125 0.0390625
4 0.553125 0.51640625 0.021875 0.0234375
4 0.55078125 0.5328125 0.0203125 0.021875
4 0.5625 0.53359375 0.0203125 0.0203125
7 0.55234375 0.56015625 0.0125 0.0203125
7 0.6328125 0.55703125 0.0125 0.0203125
7 0.6140625 0.49921875 0.0125 0.021875
7 0.6015625 0.50390625 0.0109375 0.0171875
7 0.5875 0.48515625 0.0125 0.0203125
7 0.58828125 0.40859375 0.0125 0.0203125
4 0.58671875 0.40390625 0.0140625 0.025
4 0.6125 0.49453125 0.0140625 0.0234375
8 0.5875 0.48125 0.0171875 0.028125
8 0.59921875 0.50078125 0.015625 0.025
3 0.66171875 0.38359375 0.059375 0.0515625
4 0.6578125 0.35859375 0.0234375 0.0265625
4 0.66640625 0.3609375 0.021875 0.0234375
6 0.6890625 0.36015625 0.015625 0.0265625
6 0.6984375 0.359375 0.015625 0.0296875
4 0.675 0.30859375 0.028125 0.0296875
4 0.65390625 0.17890625 0.0296875 0.03125
4 0.62421875 0.14765625 0.0328125 0.0375
4 0.65234375 0.11953125 0.028125 0.03125
3 0.61796875 0.1015625 0.0875 0.0796875
7 0.57890625 0.14296875 0.01875 0.03125
7 0.5859375 0.13671875 0.021875 0.034375
7 0.58671875 0.13984375 0.0140625 0.0234375
1 0.5765625 0.14140625 0.01875 0.0296875
1 0.58203125 0.13203125 0.021875 0.0390625
3 0.61328125 0.04375 0.0984375 0.0875
6 0.71015625 0.48671875 0.0140625 0.0234375
6 0.63046875 0.60234375 0.0125 0.0203125
7 0.6453125 0.61875 0.0078125 0.0125
7 0.67265625 0.60625 0.0078125 0.0140625
6 0.68203125 0.59140625 0.009375 0.01875
4 0.64453125 0.615625 0.009375 0.0140625
4 0.67109375 0.603125 0.0078125 0.015625
4 0.68203125 0.5890625 0.0125 0.0140625
7 0.6875 0.63984375 0.00625 0.009375
4 0.6859375 0.63671875 0.009375 0.0140625
0 0.703125 0.6859375 0.009375 0.0140625
0 0.70390625 0.6890625 0.0125 0.015625
6 0.596875 0.63671875 0.009375 0.015625
6 0.59765625 0.64296875 0.0078125 0.015625
3 0.61796875 0.6765625 0.0265625 0.025
10 0.64453125 0.71171875 0.021875 0.025
3 0.6640625 0.703125 0.015625 0.0203125
3 0.68515625 0.74296875 0.0109375 0.0140625
7 0.69765625 0.70078125 0.00625 0.009375
7 0.7015625 0.7109375 0.00625 0.009375
7 0.7046875 0.71015625 0.00625 0.009375
7 0.69296875 0.721875 0.00625 0.009375
7 0.7078125 0.7296875 0.0046875 0.00625
7 0.70625 0.73515625 0.00625 0.009375
7 0.709375 0.746875 0.00625 0.009375
7 0.70234375 0.73359375 0.0046875 0.00625
6 0.70703125 0.7078125 0.00625 0.009375
6 0.7078125 0.70703125 0.00625 0.0109375
4 0.696875 0.6984375 0.0046875 0.00625
4 0.70078125 0.71015625 0.00625 0.009375
4 0.7046875 0.7078125 0.00625 0.009375
4 0.69296875 0.72109375 0.00625 0.009375
4 0.7015625 0.7328125 0.00625 0.009375
4 0.70703125 0.72734375 0.00625 0.009375
4 0.709375 0.7453125 0.00625 0.009375
8 0.70546875 0.734375 0.0046875 0.00625
0 0.69921875 0.721875 0.009375 0.0140625
0 0.71171875 0.72109375 0.009375 0.0140625
3 0.7171875 0.7421875 0.009375 0.0109375
0 0.69609375 0.75390625 0.00625 0.009375
0 0.71875 0.76015625 0.009375 0.0109375
0 0.7203125 0.765625 0.009375 0.0125
3 0.72578125 0.77890625 0.009375 0.0109375
3 0.7265625 0.784375 0.009375 0.0109375
3 0.7265625 0.790625 0.0046875 0.00625
3 0.72890625 0.796875 0.0046875 0.00625
3 0.72109375 0.809375 0.009375 0.0109375
7 0.71484375 0.7609375 0.0046875 0.00625
7 0.72109375 0.7859375 0.003125 0.00625
7 0.7125 0.7828125 0.0046875 0.00625
7 0.7078125 0.7875 0.0046875 0.00625
4 0.71328125 0.759375 0.0046875 0.00625
4 0.72109375 0.784375 0.0046875 0.00625
4 0.7125 0.78203125 0.0046875 0.00625
4 0.7109375 0.7859375 0.0046875 0.00625
4 0.7078125 0.78671875 0.0046875 0.00625
0 0.70390625 0.78125 0.00625 0.009375
0 0.7 0.7765625 0.0046875 0.00625
7 0.7171875 0.77109375 0.0046875 0.00625
8 0.71796875 0.76953125 0.0046875 0.00625