6 0.58125 0.89296875 0.02734375 0.08359375
6 0.6234375 0.5515625 0.01484375 0.053125
4 0.03046875 0.825 0.04453125 0.05546875
4 0.08046875 0.77109375 0.0421875 0.0453125
4 0.10234375 0.75625 0.040625 0.040625
4 0.11171875 0.71796875 0.04609375 0.04921875
6 0.5 0.48828125 0.01171875 0.0484375
1 0.50390625 0.51171875 0.02109375 0.028125
10 0.2015625 0.62578125 0.06953125 0.14375
10 0.4234375 0.609375 0.08828125 0.17109375
10 0.26640625 0.64375 0.08984375 0.18515625
10 0.721875 0.5859375 0.0890625 0.115625
3 0.4203125 0.0515625 0.03203125 0.025
10 0.4359375 0.12578125 0.02109375 0.04375
8 0.45546875 0.12421875 0.01015625 0.025
3 0.4421875 0.02109375 0.00859375 0.01171875
3 0.4234375 0.04140625 0.0203125 0.01953125
3 0.4265625 0.03671875 0.025 0.0203125
3 0.4265625 0.03046875 0.02265625 0.0140625
1 0.709375 0.734375 0.0171875 0.06171875