3 0.19453125 0.10078125 0.04375 0.04375
3 0.1765625 0.1171875 0.046875 0.05625
3 0.40546875 0.31796875 0.0671875 0.078125
3 0.24609375 0.33046875 0.0625 0.08125
3 0.20703125 0.37734375 0.065625 0.0828125
4 0.3953125 0.3671875 0.025 0.03125
4 0.39921875 0.353125 0.025 0.0375
4 0.221875 0.825 0.0359375 0.04375
4 0.44609375 0.72109375 0.0359375 0.0484375
7 0.44609375 0.72109375 0.021875 0.03125
6 0.38359375 0.55 0.01875 0.03125
7 0.571875 0.95546875 0.01875 0.0265625
7 0.56796875 0.9671875 0.01875 0.0234375
4 0.56875 0.96015625 0.0390625 0.0453125
3 0.41640625 0.63359375 0.084375 0.1046875
3 0.178125 0.44296875 0.053125 0.0671875
3 0.159375 0.4765625 0.065625 0.08125
3 0.1453125 0.5140625 0.0671875 0.090625
9 0.634375 0.8625 0.1171875 0.15625
3 0.7296875 0.865625 0.0984375 0.115625
3 0.75703125 0.68671875 0.090625 0.11875
3 0.66953125 0.665625 0.09375 0.1203125
9 0.690625 0.4640625 0.125 0.165625
7 0.6046875 0.1671875 0.0140625 0.0203125
0 0.6046875 0.16796875 0.0328125 0.0453125
3 0.38515625 0.18515625 0.053125 0.0578125
6 0.0765625 0.25390625 0.0171875 0.0296875