3 0.34140625 0.59921875 0.01328125 0.040625
3 0.39609375 0.590625 0.03046875 0.028125
3 0.40703125 0.6875 0.01484375 0.0546875
3 0.3984375 0.63359375 0.03203125 0.03359375
3 0.46484375 0.6390625 0.03203125 0.025
3 0.478125 0.69609375 0.03203125 0.02421875
3 0.45703125 0.49609375 0.02734375 0.0203125
3 0.3890625 0.36796875 0.02265625 0.01796875
3 0.4453125 0.42578125 0.02421875 0.01953125
3 0.41953125 0.28046875 0.00859375 0.0203125
3 0.43203125 0.28203125 0.00859375 0.02109375
3 0.4140625 0.2515625 0.01640625 0.01484375
3 0.371875 0.2890625 0.00625 0.0203125
3 0.3625 0.23984375 0.0078125 0.01484375
3 0.35 0.23203125 0.00703125 0.01640625
3 0.35703125 0.17578125 0.00625 0.01484375
3 0.0328125 0.14453125 0.01328125 0.009375
3 0.0421875 0.13828125 0.01015625 0.01328125
3 0.05 0.1328125 0.01015625 0.01171875
3 0.0546875 0.128125 0.01015625 0.0109375
3 0.059375 0.12421875 0.01015625 0.01015625
3 0.06484375 0.11640625 0.0125 0.01171875
3 0.3703125 0.0046875 0.00390625 0.00703125
3 0.3828125 0.0078125 0.00390625 0.00625
3 0.3703125 0.0171875 0.00390625 0.00625
3 0.36875 0.03046875 0.00390625 0.00625
3 0.36953125 0.02421875 0.00390625 0.00625
3 0.35546875 0.03359375 0.00390625 0.00625
3 0.3625 0.0640625 0.00546875 0.00859375
3 0.3515625 0.0640625 0.0046875 0.00859375
3 0.37265625 0.059375 0.009375 0.009375
3 0.33515625 0.08984375 0.01015625 0.00703125
3 0.34140625 0.04765625 0.009375 0.00859375
3 0.33203125 0.10703125 0.01015625 0.0109375
3 0.33125 0.09921875 0.01015625 0.009375
3 0.32578125 0.121875 0.01171875 0.00859375
3 0.3265625 0.12890625 0.0109375 0.009375
3 0.3234375 0.14609375 0.00546875 0.01328125
3 0.31640625 0.19765625 0.01328125 0.01171875
3 0.3171875 0.190625 0.01171875 0.01171875
3 0.31953125 0.18359375 0.01328125 0.01328125
3 0.3109375 0.2265625 0.0140625 0.01171875
3 0.3125 0.25234375 0.01796875 0.0140625
3 0.30625 0.26171875 0.01640625 0.015625
3 0.29921875 0.28125 0.01953125 0.015625
3 0.2953125 0.309375 0.0203125 0.0140625
3 0.31796875 0.2828125 0.0109375 0.02109375
10 0.3609375 0.14296875 0.00546875 0.0109375
3 0.3875 0.10390625 0.01171875 0.01015625
3 0.38515625 0.09765625 0.01171875 0.00859375
3 0.38515625 0.09296875 0.01015625 0.00703125
3 0.38671875 0.0890625 0.01015625 0.00703125
3 0.3875 0.084375 0.01015625 0.00703125
3 0.38515625 0.065625 0.01015625 0.00703125
3 0.3859375 0.05390625 0.01015625 0.00703125
3 0.3875 0.07265625 0.01015625 0.00859375
3 0.3859375 0.046875 0.01015625 0.00703125
3 0.3984375 0.071875 0.0046875 0.00859375
3 0.40390625 0.0671875 0.003125 0.00625
3 0.428125 0.071875 0.0046875 0.01015625
3 0.4140625 0.06640625 0.0109375 0.009375
3 0.4328125 0.05390625 0.0046875 0.00859375
3 0.4015625 0.14453125 0.00859375 0.0109375
3 0.3875 0.14140625 0.0125 0.009375
3 0.41171875 0.19140625 0.01484375 0.0109375
3 0.39921875 0.24609375 0.01640625 0.01171875
3 0.4109375 0.21796875 0.01171875 0.01015625
3 0.4265625 0.2125 0.01484375 0.01015625
3 0.4265625 0.20546875 0.0140625 0.01171875
3 0.428125 0.22109375 0.015625 0.01171875
3 0.44140625 0.28203125 0.00859375 0.02109375
3 0.4125 0.05390625 0.01015625 0.00625
3 0.41328125 0.0515625 0.00859375 0.00625
3 0.4125 0.04765625 0.00859375 0.00625
3 0.40859375 0.04375 0.00859375 0.00625
3 0.41015625 0.0796875 0.009375 0.00546875
3 0.41171875 0.084375 0.009375 0.00625
3 0.41171875 0.0875 0.0109375 0.00625
3 0.41171875 0.09140625 0.01015625 0.00625
3 0.42265625 0.17421875 0.01484375 0.01328125
3 0.421875 0.165625 0.01484375 0.01015625
3 0.41953125 0.15625 0.01328125 0.009375
3 0.41953125 0.16015625 0.01328125 0.0109375
3 0.41796875 0.14921875 0.01328125 0.01015625
10 0.41640625 0.14140625 0.0125 0.009375
10 0.41875 0.146875 0.01328125 0.0109375
3 0.4140625 0.1359375 0.01328125 0.00859375
3 0.415625 0.128125 0.01328125 0.01015625
3 0.415625 0.12421875 0.01171875 0.00859375
3 0.4125 0.115625 0.01171875 0.009375
3 0.4171875 0.1125 0.0125 0.00859375
10 0.4140625 0.1046875 0.01015625 0.00703125
3 0.4140625 0.10078125 0.01171875 0.00546875
3 0.41328125 0.0984375 0.01171875 0.009375
3 0.4171875 0.18515625 0.01484375 0.0109375
10 0.41015625 0.225 0.0109375 0.01328125
3 0.3859375 0.15234375 0.01171875 0.01015625
3 0.3875 0.13671875 0.01171875 0.01015625
3 0.3875 0.16171875 0.01484375 0.01015625
3 0.3890625 0.16796875 0.0109375 0.01015625
3 0.3875 0.17421875 0.01484375 0.009375
3 0.38671875 0.18046875 0.015625 0.01015625
3 0.38828125 0.18515625 0.01484375 0.0109375
3 0.3875 0.19140625 0.01484375 0.0109375
3 0.38828125 0.1984375 0.01484375 0.009375
3 0.3890625 0.20546875 0.01640625 0.01015625
9 0.3875 0.2203125 0.02421875 0.021875
9 0.39609375 0.23203125 0.02421875 0.01796875
3 0.40078125 0.26875 0.01796875 0.01484375
3 0.40390625 0.27890625 0.01953125 0.01171875
3 0.4015625 0.30625 0.01953125 0.0109375
3 0.4015625 0.31328125 0.01953125 0.01171875
3 0.4015625 0.32421875 0.0203125 0.015625
3 0.38984375 0.334375 0.01953125 0.01484375
3 0.38828125 0.34453125 0.0203125 0.015625
3 0.390625 0.35546875 0.021875 0.015625
10 0.4046875 0.29375 0.0171875 0.01640625
3 0.42734375 0.3453125 0.02265625 0.01484375
3 0.43671875 0.33671875 0.021875 0.015625
3 0.43359375 0.32578125 0.02109375 0.0140625
3 0.4328125 0.31875 0.02109375 0.01328125
3 0.4359375 0.35546875 0.02109375 0.01484375
3 0.4375 0.365625 0.02265625 0.01796875
3 0.43984375 0.37734375 0.0203125 0.01953125
3 0.43671875 0.3890625 0.02421875 0.01796875
3 0.4390625 0.403125 0.02421875 0.01875
3 0.440625 0.415625 0.02421875 0.01796875
10 0.4484375 0.4484375 0.02890625 0.021875
10 0.421875 0.44296875 0.01171875 0.02578125
10 0.44921875 0.4796875 0.02421875 0.02421875
3 0.453125 0.46796875 0.02421875 0.01875
10 0.45078125 0.5609375 0.02578125 0.025
3 0.27109375 0.41953125 0.0125 0.0296875
6 0.378125 0.4109375 0.00234375 0.0140625
6 0.38203125 0.409375 0.003125 0.01484375
6 0.51171875 0.68671875 0.00546875 0.0203125
6 0.5171875 0.665625 0.00625 0.015625
6 0.50859375 0.61484375 0.00546875 0.0203125
6 0.49609375 0.5921875 0.00390625 0.01796875
6 0.4859375 0.5359375 0.0046875 0.01796875
6 0.4984375 0.53828125 0.0046875 0.01484375
6 0.4921875 0.52109375 0.0046875 0.01796875
6 0.5109375 0.60390625 0.00546875 0.02109375
6 0.50078125 0.621875 0.003125 0.0109375
6 0.48203125 0.47109375 0.003125 0.0140625
6 0.484375 0.46953125 0.00234375 0.0109375
6 0.47109375 0.35703125 0.003125 0.01171875
6 0.4671875 0.36171875 0.00390625 0.0140625
6 0.4625 0.36171875 0.003125 0.0140625
6 0.453125 0.3515625 0.003125 0.01484375
6 0.46171875 0.3234375 0.003125 0.01171875
6 0.46171875 0.296875 0.00234375 0.01328125
6 0.45234375 0.27421875 0.003125 0.01171875
6 0.384375 0.27578125 0.00234375 0.01484375
6 0.375 0.35546875 0.00390625 0.015625
6 0.390625 0.26796875 0.003125 0.01328125
6 0.45 0.246875 0.00234375 0.01171875
6 0.44609375 0.2484375 0.00234375 0.01328125
6 0.4453125 0.21796875 0.00234375 0.0109375
6 0.440625 0.22578125 0.00390625 0.0109375
6 0.4390625 0.20546875 0.003125 0.0109375
6 0.44375 0.19296875 0.00234375 0.0109375
6 0.4390625 0.1890625 0.003125 0.01328125
6 0.4390625 0.165625 0.00234375 0.0109375
6 0.4359375 0.15625 0.0015625 0.01015625
6 0.43203125 0.1046875 0.0015625 0.009375
6 0.4296875 0.1046875 0.0015625 0.009375
6 0.42265625 0.0984375 0.00234375 0.009375
6 0.37734375 0.12265625 0.0015625 0.00859375
6 0.37890625 0.13671875 0.00234375 0.009375
6 0.37890625 0.15625 0.00234375 0.01015625
6 0.42734375 0.0859375 0.00234375 0.009375
6 0.43515625 0.078125 0.00234375 0.00703125
6 0.42421875 0.05703125 0.00234375 0.00703125
6 0.4203125 0.04453125 0.0015625 0.00859375
6 0.42109375 0.0609375 0.00234375 0.00703125
6 0.42109375 0.05703125 0.0015625 0.00703125
6 0.43203125 0.07109375 0.00234375 0.00859375
6 0.434375 0.07109375 0.00234375 0.009375
6 0.42890625 0.09765625 0.00234375 0.01015625
4 0.43515625 0.1265625 0.00234375 0.00859375
4 0.42890625 0.19296875 0.00234375 0.01015625
6 0.4421875 0.24765625 0.00234375 0.01171875
6 0.440625 0.24375 0.00234375 0.01015625
8 0.4359375 0.2453125 0.01171875 0.01328125
6 0.4421875 0.27109375 0.003125 0.0140625
6 0.47109375 0.28203125 0.003125 0.01171875
6 0.4671875 0.28359375 0.00234375 0.01328125
6 0.4703125 0.278125 0.003125 0.01171875
6 0.425 0.046875 0.0015625 0.00703125
6 0.42421875 0.046875 0.0015625 0.00859375
9 0.42890625 0.0328125 0.009375 0.00859375
3 0.4359375 0.04140625 0.00390625 0.00625
6 0.465625 0.26171875 0.00234375 0.0109375
6 0.44140625 0.21875 0.003125 0.0109375
4 0.38359375 0.1265625 0.00390625 0.00703125
4 0.49296875 0.4765625 0.00234375 0.015625
1 0.47421875 0.515625 0.003125 0.01796875
4 0.46875 0.53125 0.00859375 0.01328125
4 0.4828125 0.590625 0.01015625 0.01796875
4 0.50625 0.57109375 0.00546875 0.015625
4 0.5109375 0.58125 0.00546875 0.01640625
4 0.49296875 0.65078125 0.01328125 0.01640625
4 0.49921875 0.671875 0.00703125 0.0265625
4 0.509375 0.71875 0.00703125 0.01953125
4 0.52734375 0.684375 0.00703125 0.01953125
4 0.49296875 0.58671875 0.00546875 0.021875
6 0.52109375 0.59140625 0.0046875 0.01640625
6 0.51875 0.584375 0.003125 0.015625
6 0.38828125 0.7015625 0.00546875 0.025
6 0.39375 0.7015625 0.00546875 0.02421875
6 0.24609375 0.66875 0.00703125 0.01875
6 0.24140625 0.659375 0.0078125 0.02421875