3 0.9078125 0.9828125 0.034375 0.034375
3 0.9046875 0.90234375 0.075 0.0890625
3 0.85 0.7859375 0.1203125 0.1046875
3 0.7765625 0.69609375 0.090625 0.078125
10 0.665625 0.5625 0.0828125 0.0765625
3 0.6375 0.50390625 0.071875 0.06875
3 0.65546875 0.11328125 0.053125 0.0640625
1 0.5546875 0.44453125 0.0203125 0.015625
1 0.5453125 0.44453125 0.0203125 0.015625
1 0.55234375 0.30625 0.0265625 0.021875
1 0.521875 0.3109375 0.025 0.021875
3 0.4890625 0.28125 0.0484375 0.0421875
3 0.44140625 0.296875 0.0453125 0.0375
3 0.4140625 0.24609375 0.0484375 0.0390625
3 0.45546875 0.2265625 0.0515625 0.0421875
6 0.503125 0.2 0.028125 0.0109375
3 0.30859375 0.35390625 0.0359375 0.0328125
3 0.2875 0.315625 0.0375 0.03125
3 0.315625 0.29765625 0.0375 0.03125
3 0.275 0.365625 0.0296875 0.0296875
3 0.24765625 0.390625 0.03125 0.0375
3 0.221875 0.40625 0.0296875 0.0328125
3 0.1875 0.37734375 0.025 0.021875
3 0.16953125 0.3890625 0.028125 0.021875
3 0.1359375 0.41796875 0.021875 0.01875
3 0.18359375 0.41875 0.025 0.01875
3 0.16640625 0.4296875 0.025 0.01875
10 0.146875 0.4390625 0.025 0.01875
1 0.97421875 0.61953125 0.0265625 0.01875
7 0.97265625 0.61953125 0.0296875 0.0171875