2 0.19921875 0.63984375 0.06796875 0.06328125
2 0.1640625 0.63359375 0.07734375 0.06875
2 0.13359375 0.62421875 0.06796875 0.0640625
2 0.11171875 0.61171875 0.06796875 0.06484375
2 0.09765625 0.6 0.06953125 0.06328125
2 0.08984375 0.584375 0.06484375 0.06171875
2 0.08046875 0.571875 0.06484375 0.06015625
2 0.028125 0.51171875 0.05546875 0.04375
2 0.01953125 0.5 0.0390625 0.03515625
2 0.01484375 0.490625 0.02890625 0.03125
6 0.11875 0.48359375 0.00390625 0.0109375
6 0.134375 0.5109375 0.0046875 0.0140625
6 0.13671875 0.571875 0.00546875 0.0140625
6 0.19765625 0.5921875 0.00625 0.0140625
6 0.26484375 0.58984375 0.00390625 0.01484375
6 0.2703125 0.5765625 0.00390625 0.0140625
6 0.20078125 0.5140625 0.00234375 0.01015625
6 0.20234375 0.515625 0.003125 0.01015625
6 0.2046875 0.51875 0.003125 0.0109375
6 0.2125 0.51171875 0.00390625 0.01328125
6 0.22109375 0.50625 0.00390625 0.0140625
6 0.28984375 0.565625 0.00390625 0.015625
6 0.3203125 0.48359375 0.00390625 0.0109375
6 0.31328125 0.4890625 0.003125 0.01171875
6 0.31171875 0.4875 0.00390625 0.0140625
6 0.31171875 0.5375 0.00234375 0.01171875
6 0.3140625 0.53828125 0.00390625 0.01328125
6 0.315625 0.553125 0.00390625 0.0140625
6 0.31328125 0.553125 0.003125 0.01640625
6 0.3546875 0.44921875 0.00390625 0.01328125
6 0.36171875 0.4359375 0.003125 0.009375
6 0.36875 0.43203125 0.00234375 0.009375
6 0.37890625 0.434375 0.003125 0.009375
6 0.38515625 0.41875 0.00234375 0.009375
6 0.3890625 0.4265625 0.00234375 0.009375
6 0.371875 0.45625 0.00234375 0.0109375
3 0.4171875 0.46015625 0.01640625 0.01484375
3 0.44453125 0.41640625 0.0125 0.01328125
3 0.61171875 0.44921875 0.00859375 0.01640625
3 0.61171875 0.29921875 0.00390625 0.00703125
2 0.6046875 0.3734375 0.00859375 0.02421875
3 0.4453125 0.86640625 0.02578125 0.0640625