2 0.371875 0.52109375 0.0140625 0.06171875
2 0.3140625 0.56875 0.01640625 0.06484375
2 0.33828125 0.40234375 0.009375 0.04140625
2 0.3375 0.30859375 0.009375 0.03359375
2 0.33671875 0.22734375 0.00859375 0.02890625
2 0.34140625 0.16484375 0.01328125 0.04609375
3 0.6546875 0.6484375 0.02109375 0.04453125
3 0.6265625 0.55625 0.01640625 0.03359375
3 0.615625 0.5203125 0.01484375 0.03359375
3 0.32421875 0.3921875 0.00859375 0.025
3 0.32578125 0.3296875 0.0078125 0.021875
3 0.32578125 0.29609375 0.00703125 0.01796875
3 0.334375 0.2546875 0.00625 0.01484375
3 0.31640625 0.23515625 0.00625 0.01328125
3 0.3953125 0.2515625 0.00703125 0.01875
10 0.33671875 0.20625 0.00625 0.01484375
3 0.3296875 0.18359375 0.00703125 0.01015625
10 0.32734375 0.2296875 0.00625 0.01328125
10 0.328125 0.20546875 0.00546875 0.0140625
10 0.090625 0.13984375 0.0140625 0.0109375
3 0.06484375 0.1484375 0.01328125 0.0109375
3 0.14765625 0.12421875 0.01328125 0.009375
3 0.234375 0.115625 0.01328125 0.0109375
3 0.153125 0.1859375 0.01328125 0.01171875
10 0.26953125 0.184375 0.01328125 0.01328125
10 0.3921875 0.20546875 0.00703125 0.01953125
6 0.24765625 0.64453125 0.0046875 0.01796875
6 0.38984375 0.5375 0.003125 0.0140625
10 0.234375 0.00625 0.00703125 0.0109375
5 0.26328125 0.03828125 0.0234375 0.02578125
6 0.3703125 0.23203125 0.00234375 0.00859375
6 0.3703125 0.21171875 0.003125 0.00703125
10 0.00703125 0.13671875 0.01328125 0.01171875