3 0.4515625 0.4859375 0.0234375 0.1
3 0.42890625 0.27734375 0.0390625 0.075
3 0.4796875 0.27890625 0.0453125 0.071875
3 0.27734375 0.15 0.046875 0.04296875
2 0.50390625 0.1640625 0.07421875 0.05703125
2 0.03359375 0.21015625 0.06640625 0.08671875
2 0.5859375 0.20625 0.075 0.05703125
10 0.39765625 0.49375 0.025 0.10546875
10 0.5390625 0.45078125 0.0328125 0.103125
10 0.146875 0.025 0.05390625 0.04453125
6 0.51484375 0.640625 0.01484375 0.02578125
6 0.346875 0.47109375 0.0078125 0.02421875
6 0.3484375 0.44921875 0.00859375 0.0203125
6 0.36015625 0.41875 0.0078125 0.0265625
6 0.34765625 0.39609375 0.00703125 0.025
6 0.3640625 0.36953125 0.0078125 0.021875
6 0.35390625 0.35625 0.00703125 0.025
6 0.2265625 0.2484375 0.00703125 0.0234375
6 0.1890625 0.44375 0.009375 0.0265625
3 0.6953125 0.153125 0.0546875 0.05