3 0.3203125 0.58984375 0.1078125 0.0671875
10 0.39921875 0.646875 0.096875 0.0640625
10 0.46953125 0.6953125 0.090625 0.0546875
3 0.56875 0.76796875 0.06875 0.04375
3 0.70859375 0.9046875 0.040625 0.028125
3 0.85390625 0.990625 0.0265625 0.01875
10 0.61015625 0.79921875 0.065625 0.040625
10 0.64765625 0.83125 0.0578125 0.0375
10 0.68203125 0.85859375 0.0484375 0.0328125
10 0.7078125 0.87890625 0.053125 0.034375
10 0.7328125 0.89921875 0.04375 0.0265625
3 0.75390625 0.91328125 0.0265625 0.0171875
0 0.825 0.97109375 0.034375 0.021875
6 0.7765625 0.89375 0.01875 0.00625
6 0.7765625 0.8984375 0.01875 0.0078125
6 0.75 0.88046875 0.01875 0.00625
6 0.74453125 0.88515625 0.0234375 0.0109375
6 0.55859375 0.7171875 0.0234375 0.0109375
6 0.6421875 0.76796875 0.025 0.0109375
6 0.69453125 0.975 0.0203125 0.009375
6 0.690625 0.98046875 0.0203125 0.009375
6 0.7578125 0.9984375 0.015625 0.003125
6 0.86484375 0.96640625 0.015625 0.00625
6 0.84453125 0.96328125 0.015625 0.00625
6 0.8484375 0.9609375 0.0125 0.00625
6 0.8484375 0.95703125 0.015625 0.0078125
3 0.51796875 0.73203125 0.071875 0.05
5 0.60703125 0.4453125 0.084375 0.0640625
10 0.5875 0.35234375 0.0625 0.05
3 0.54609375 0.340625 0.0625 0.0546875
5 0.46640625 0.35546875 0.1203125 0.0875
5 0.52734375 0.44921875 0.08125 0.0703125
10 0.6421875 0.41640625 0.05625 0.0421875
3 0.6734375 0.39765625 0.0515625 0.040625
5 0.7171875 0.41796875 0.0640625 0.0578125
5 0.70703125 0.42578125 0.06875 0.05
10 0.721875 0.40078125 0.05 0.0390625
4 0.72109375 0.3671875 0.028125 0.0203125
4 0.6953125 0.32734375 0.025 0.0234375
4 0.703125 0.325 0.021875 0.021875
4 0.7125 0.32265625 0.01875 0.01875
4 0.73203125 0.3640625 0.028125 0.01875
4 0.73671875 0.3578125 0.0265625 0.0203125
3 0.6203125 0.33125 0.0578125 0.05
3 0.6 0.3046875 0.046875 0.0390625
5 0.54453125 0.29921875 0.09375 0.0640625
3 0.50703125 0.27734375 0.059375 0.0296875
5 0.38828125 0.35859375 0.0875 0.0796875
3 0.26796875 0.54296875 0.0265625 0.0328125