10 0.175 0.73828125 0.015625 0.015625
3 0.21328125 0.784375 0.0078125 0.0109375
9 0.225 0.81640625 0.015625 0.01875
3 0.34921875 0.3203125 0.0484375 0.0859375
3 0.28125 0.48671875 0.0359375 0.0484375
3 0.2421875 0.46640625 0.034375 0.0421875
3 0.2875 0.61796875 0.0234375 0.0296875
3 0.26328125 0.62109375 0.021875 0.0296875
3 0.30390625 0.7015625 0.0171875 0.0234375
3 0.3265625 0.7 0.021875 0.028125
3 0.33671875 0.73515625 0.0171875 0.021875
3 0.35234375 0.73984375 0.0171875 0.025
3 0.3453125 0.76640625 0.0171875 0.021875
3 0.33828125 0.7953125 0.015625 0.01875
3 0.40546875 0.80859375 0.015625 0.0171875
3 0.36640625 0.81796875 0.0125 0.0140625
3 0.35234375 0.8171875 0.0125 0.0140625
3 0.39140625 0.8421875 0.009375 0.0140625
3 0.39921875 0.8703125 0.0078125 0.0109375
3 0.40625 0.8890625 0.0078125 0.0078125
3 0.38046875 0.8625 0.0078125 0.0109375
3 0.36953125 0.84609375 0.009375 0.0140625
3 0.36875 0.8546875 0.0109375 0.0125
3 0.384375 0.8796875 0.0078125 0.0109375
3 0.39375 0.8921875 0.0078125 0.0109375
3 0.42265625 0.91015625 0.00625 0.0109375
3 0.4109375 0.90859375 0.0078125 0.0109375
3 0.60390625 0.83671875 0.0125 0.015625
3 0.6125 0.8375 0.0125 0.0140625
2 0.6203125 0.8515625 0.04375 0.0375
2 0.28046875 0.70859375 0.046875 0.0703125
2 0.37890625 0.82734375 0.0265625 0.034375
10 0.3203125 0.62578125 0.025 0.0421875
9 0.3421875 0.67890625 0.040625 0.0703125
9 0.303125 0.75859375 0.025 0.03125
9 0.46640625 0.871875 0.015625 0.0203125
9 0.465625 0.88828125 0.009375 0.015625
3 0.47421875 0.8796875 0.0046875 0.00625
3 0.43984375 0.86875 0.0046875 0.009375
9 0.43984375 0.88828125 0.0078125 0.015625
10 0.59140625 0.7796875 0.0234375 0.0234375
3 0.6109375 0.7671875 0.0203125 0.0203125
3 0.60703125 0.75546875 0.0171875 0.0125
3 0.61484375 0.74921875 0.01875 0.01875
3 0.56171875 0.88359375 0.0078125 0.0109375
2 0.5703125 0.8859375 0.0171875 0.015625