3 0.02578125 0.43359375 0.02890625 0.0296875
3 0.06328125 0.478125 0.03046875 0.025
10 0.05859375 0.5171875 0.03125 0.025
10 0.05703125 0.55 0.034375 0.028125
5 0.12265625 0.5578125 0.02578125 0.03828125
10 0.15 0.5515625 0.02734375 0.05546875
10 0.1734375 0.55078125 0.02734375 0.05390625
10 0.2 0.5421875 0.03046875 0.0546875
10 0.22421875 0.53671875 0.02578125 0.046875
3 0.246875 0.5359375 0.02734375 0.04921875
10 0.2734375 0.53046875 0.02890625 0.05546875
4 0.2828125 0.54296875 0.0125 0.01796875
4 0.3 0.53359375 0.00703125 0.03046875
4 0.31015625 0.534375 0.01484375 0.0109375
9 0.16640625 0.44921875 0.07890625 0.040625
9 0.25390625 0.4375 0.06328125 0.0359375
5 0.3203125 0.425 0.04921875 0.03125
5 0.44765625 0.3859375 0.02578125 0.01953125
5 0.484375 0.3796875 0.02421875 0.01875
9 0.58828125 0.34921875 0.07578125 0.05078125
9 0.58828125 0.39140625 0.08984375 0.05
9 0.5765625 0.4359375 0.05390625 0.04453125
9 0.64140625 0.37421875 0.0578125 0.04453125
3 0.678125 0.36953125 0.03359375 0.021875
3 0.70859375 0.353125 0.03203125 0.03828125
2 0.69765625 0.41015625 0.06328125 0.0609375
10 0.69921875 0.446875 0.03125 0.03125
3 0.6828125 0.5859375 0.03203125 0.034375
2 0.5921875 0.60859375 0.0859375 0.07890625
10 0.51796875 0.71875 0.0296875 0.01953125
10 0.61640625 0.5 0.02890625 0.03515625
10 0.590625 0.47578125 0.03125 0.0359375
10 0.55 0.5375 0.03203125 0.0359375
3 0.5296875 0.51328125 0.03046875 0.03359375
10 0.48515625 0.58046875 0.03203125 0.03828125
9 0.4328125 0.6109375 0.03359375 0.040625
9 0.41328125 0.58046875 0.07109375 0.06875
3 0.35859375 0.621875 0.03125 0.03203125
3 0.3765625 0.6484375 0.02890625 0.03828125
3 0.33046875 0.66640625 0.02890625 0.03125
3 0.32265625 0.61640625 0.03125 0.0265625
3 0.35703125 0.53125 0.0171875 0.05625
3 0.37265625 0.52421875 0.0171875 0.0546875
10 0.38984375 0.51796875 0.01796875 0.0609375
3 0.4234375 0.5125 0.01640625 0.04375
3 0.43828125 0.4984375 0.01796875 0.05859375
3 0.47109375 0.47890625 0.01796875 0.05625
3 0.48828125 0.4734375 0.01796875 0.0515625
3 0.5046875 0.465625 0.01640625 0.0484375
3 0.29140625 0.70703125 0.03203125 0.040625
3 0.25078125 0.7109375 0.03203125 0.03515625
3 0.1578125 0.715625 0.03359375 0.0265625
3 0.1046875 0.721875 0.02421875 0.0140625
4 0.13984375 0.690625 0.015625 0.015625
7 0.13828125 0.68984375 0.0078125 0.01328125
10 0.175 0.6734375 0.03359375 0.03046875
2 0.23125 0.66171875 0.04453125 0.0453125