10 0.69296875 0.884375 0.03828125 0.0515625
3 0.67265625 0.95234375 0.04296875 0.03984375
3 0.5484375 0.9203125 0.05234375 0.0390625
3 0.70859375 0.65390625 0.01875 0.0140625
3 0.6640625 0.63359375 0.01171875 0.009375
3 0.65078125 0.62890625 0.0125 0.009375
3 0.63359375 0.63203125 0.01484375 0.01171875
3 0.63359375 0.61796875 0.01171875 0.01015625
3 0.61796875 0.61328125 0.0125 0.00703125
3 0.58671875 0.6171875 0.01328125 0.01171875
3 0.5828125 0.603125 0.01171875 0.009375
3 0.265625 0.64453125 0.01015625 0.0140625
3 0.24375 0.66328125 0.01015625 0.0140625
6 0.25625 0.578125 0.00234375 0.00703125
6 0.25390625 0.5765625 0.0015625 0.00703125
6 0.2484375 0.5796875 0.0015625 0.00703125
6 0.24609375 0.58125 0.0015625 0.00859375
6 0.23828125 0.56875 0.00078125 0.00625
10 0.2671875 0.55859375 0.00859375 0.00546875
3 0.26328125 0.559375 0.00703125 0.00546875
3 0.275 0.578125 0.01015625 0.00859375
3 0.27421875 0.571875 0.0078125 0.00546875
3 0.2546875 0.54296875 0.00703125 0.0046875
3 0.2484375 0.54921875 0.00703125 0.0046875
9 0.24375 0.5578125 0.00859375 0.00625
9 0.24140625 0.55703125 0.0125 0.00859375
3 0.21953125 0.56796875 0.00390625 0.00546875
3 0.21171875 0.5578125 0.00390625 0.00625
3 0.21171875 0.54765625 0.00234375 0.0046875
10 0.2015625 0.5578125 0.00390625 0.00625
3 0.16640625 0.51953125 0.00234375 0.003125
3 0.16328125 0.53671875 0.00234375 0.00390625
3 0.1640625 0.540625 0.00234375 0.003125
3 0.16796875 0.54453125 0.00234375 0.0046875
3 0.16953125 0.5421875 0.00234375 0.0046875
3 0.17734375 0.5375 0.00234375 0.003125
9 0.17578125 0.53125 0.00234375 0.00546875
6 0.1671875 0.559375 0.0015625 0.00546875
3 0.178125 0.5359375 0.0015625 0.0046875
3 0.1796875 0.5328125 0.0015625 0.003125
3 0.18125 0.5390625 0.00234375 0.0046875
10 0.178125 0.54453125 0.00234375 0.00390625
3 0.17734375 0.54765625 0.00234375 0.0046875
3 0.18125 0.54921875 0.00234375 0.00546875
3 0.1765625 0.5546875 0.003125 0.00546875
3 0.18359375 0.55703125 0.00234375 0.0046875
3 0.1859375 0.56484375 0.00390625 0.00546875
3 0.1765625 0.56484375 0.00390625 0.00546875
3 0.1703125 0.56484375 0.00390625 0.00546875
3 0.16328125 0.56953125 0.00390625 0.00625
3 0.16171875 0.58125 0.0046875 0.00859375
3 0.1703125 0.57734375 0.00390625 0.00625
3 0.1796875 0.5765625 0.0046875 0.00703125
3 0.18828125 0.578125 0.0046875 0.00703125
3 0.171875 0.58828125 0.00546875 0.00859375
3 0.1671875 0.59765625 0.00546875 0.01015625
3 0.1796875 0.6 0.00546875 0.009375
3 0.1828125 0.59375 0.0046875 0.00625
3 0.18359375 0.6125 0.00625 0.01171875
3 0.19296875 0.60625 0.00546875 0.01015625
3 0.196875 0.63125 0.00703125 0.01171875
3 0.1546875 0.64140625 0.00703125 0.01171875
3 0.18046875 0.65546875 0.00703125 0.01484375
3 0.15078125 0.66484375 0.009375 0.01640625
3 0.13828125 0.6421875 0.00859375 0.01171875
6 0.10859375 0.6578125 0.003125 0.0140625
3 0.16015625 0.69296875 0.01015625 0.01875
3 0.16015625 0.71015625 0.01015625 0.021875
3 0.159375 0.7359375 0.01171875 0.0265625
3 0.1796875 0.72265625 0.0109375 0.0234375
3 0.196875 0.70703125 0.01171875 0.021875
3 0.2140625 0.7109375 0.01015625 0.0203125
3 0.15703125 0.76796875 0.0140625 0.0296875
3 0.18046875 0.76328125 0.0125 0.02578125
3 0.1578125 0.803125 0.015625 0.0359375
3 0.18046875 0.79765625 0.01328125 0.03203125
3 0.18203125 0.8359375 0.01796875 0.04609375
3 0.1234375 0.8515625 0.01953125 0.04296875
3 0.153125 0.846875 0.01796875 0.0453125
3 0.1515625 0.896875 0.0203125 0.05859375
3 0.184375 0.89453125 0.0203125 0.0546875
3 0.18828125 0.95 0.02421875 0.04453125
3 0.1515625 0.95625 0.025 0.03125
6 0.40234375 0.73046875 0.00625 0.0234375
3 0.2484375 0.890625 0.02265625 0.0609375
3 0.26015625 0.95234375 0.028125 0.03984375