3 0.62890625 0.71484375 0.1046875 0.090625
3 0.63515625 0.5984375 0.0953125 0.06875
3 0.40625 0.62578125 0.0234375 0.06875
3 0.68046875 0.50234375 0.0953125 0.071875
3 0.66640625 0.44453125 0.084375 0.071875
3 0.6796875 0.38203125 0.0828125 0.075
3 0.6625 0.346875 0.0703125 0.06875
9 0.62109375 0.04609375 0.065625 0.0859375
9 0.5890625 0.04140625 0.0203125 0.0265625
3 0.55546875 0.09140625 0.0234375 0.0296875
9 0.58359375 0.084375 0.0234375 0.05625
10 0.57421875 0.13515625 0.0234375 0.05
3 0.559375 0.14765625 0.0203125 0.034375
9 0.546875 0.20234375 0.0375 0.0828125
3 0.50625 0.27109375 0.0265625 0.0515625
9 0.48203125 0.28515625 0.034375 0.071875
9 0.4984375 0.315625 0.0265625 0.0484375
3 0.45546875 0.4078125 0.0234375 0.053125
3 0.45078125 0.37890625 0.0234375 0.046875
9 0.42890625 0.390625 0.0234375 0.053125
3 0.390625 0.49609375 0.028125 0.0625
3 0.34140625 0.5765625 0.0265625 0.0578125
9 0.421875 0.2109375 0.0234375 0.046875
9 0.39453125 0.2578125 0.0375 0.0734375
3 0.48203125 0.18515625 0.0203125 0.03125
10 0.57421875 0.01484375 0.0140625 0.025
6 0.49453125 0.12109375 0.0046875 0.009375
3 0.4984375 0.128125 0.015625 0.0265625
3 0.4890625 0.16015625 0.0171875 0.025
6 0.4921875 0.153125 0.003125 0.009375
3 0.46015625 0.190625 0.015625 0.021875
6 0.46640625 0.1625 0.003125 0.00625
3 0.4609375 0.1734375 0.0125 0.021875
3 0.471875 0.16640625 0.0140625 0.021875
3 0.4875 0.1375 0.0140625 0.025
3 0.48046875 0.1375 0.0140625 0.0234375
7 0.26796875 0.703125 0.009375 0.015625
4 0.2703125 0.70546875 0.0140625 0.03125
10 0.11484375 0.86171875 0.0203125 0.05
3 0.17421875 0.78359375 0.0171875 0.025
3 0.18359375 0.75546875 0.0171875 0.0265625
3 0.20078125 0.728125 0.0171875 0.025
3 0.2109375 0.70078125 0.01875 0.0296875
7 0.2328125 0.67265625 0.00625 0.009375
0 0.23046875 0.671875 0.0171875 0.025
3 0.2421875 0.64609375 0.015625 0.021875
3 0.23046875 0.63984375 0.015625 0.021875
3 0.20078125 0.69140625 0.0140625 0.0234375
3 0.1953125 0.68984375 0.009375 0.01875
3 0.18671875 0.68359375 0.0125 0.01875
3 0.18203125 0.68046875 0.009375 0.015625
3 0.17578125 0.67734375 0.00625 0.0140625
3 0.17265625 0.6734375 0.009375 0.0125
3 0.19140625 0.7171875 0.015625 0.01875
3 0.1828125 0.7125 0.009375 0.0203125
3 0.17734375 0.7078125 0.009375 0.01875
3 0.1734375 0.703125 0.009375 0.01875
3 0.16796875 0.6984375 0.00625 0.015625
3 0.1640625 0.6921875 0.0078125 0.01875
3 0.159375 0.690625 0.009375 0.01875
3 0.15390625 0.6828125 0.009375 0.0140625
3 0.1484375 0.6765625 0.00625 0.0140625
3 0.16015625 0.66640625 0.009375 0.01875
3 0.175 0.653125 0.009375 0.015625
3 0.21171875 0.6390625 0.0125 0.0203125
3 0.15390625 0.66328125 0.009375 0.0125
3 0.16875 0.7703125 0.0171875 0.0234375
3 0.17734375 0.74296875 0.0109375 0.01875
3 0.1640625 0.75390625 0.0125 0.01875
3 0.17109375 0.73515625 0.0140625 0.015625
3 0.1671875 0.72734375 0.009375 0.01875
3 0.16171875 0.725 0.009375 0.01875
3 0.153125 0.74375 0.009375 0.015625
3 0.1484375 0.7359375 0.009375 0.015625
3 0.15546875 0.7125 0.009375 0.01875
9 0.1453125 0.7046875 0.0171875 0.025
3 0.13984375 0.7015625 0.0109375 0.0203125
3 0.128125 0.7515625 0.0078125 0.015625
3 0.12109375 0.728125 0.009375 0.015625
3 0.11640625 0.71796875 0.0046875 0.015625
3 0.1328125 0.68515625 0.00625 0.009375
3 0.25 0.575 0.0125 0.01875
3 0.2296875 0.56875 0.009375 0.015625
9 0.21171875 0.56171875 0.0109375 0.015625
3 0.19375 0.58046875 0.00625 0.0125
3 0.1921875 0.56328125 0.00625 0.009375
3 0.1796875 0.565625 0.00625 0.00625
3 0.17109375 0.584375 0.00625 0.009375
3 0.15703125 0.58515625 0.003125 0.00625
3 0.1515625 0.5921875 0.003125 0.00625
3 0.1484375 0.60078125 0.003125 0.00625
3 0.140625 0.60703125 0.003125 0.00625
3 0.14453125 0.5984375 0.003125 0.0046875
3 0.14140625 0.5984375 0.003125 0.00625
3 0.1484375 0.5859375 0.003125 0.0046875
9 0.10390625 0.65078125 0.00625 0.00625
4 0.1046875 0.65390625 0.003125 0.003125
7 0.10390625 0.653125 0.0015625 0.0046875
3 0.11328125 0.70078125 0.00625 0.0109375
3 0.12890625 0.6765625 0.00625 0.009375
3 0.13828125 0.66875 0.00625 0.009375
3 0.1375 0.65390625 0.00625 0.009375
3 0.13046875 0.6609375 0.00625 0.009375
3 0.12265625 0.66953125 0.00625 0.009375
3 0.1109375 0.69140625 0.00625 0.009375
2 0.1078125 0.6796875 0.0046875 0.009375
3 0.11875 0.66640625 0.003125 0.00625
3 0.12578125 0.6578125 0.003125 0.009375
3 0.13046875 0.64453125 0.0046875 0.00625
3 0.12421875 0.64453125 0.003125 0.00625
3 0.12265625 0.64140625 0.003125 0.00625
3 0.1171875 0.6453125 0.003125 0.009375
3 0.1125 0.65390625 0.003125 0.00625
3 0.1359375 0.596875 0.003125 0.00625
3 0.1375 0.60390625 0.003125 0.003125
9 0.13203125 0.61328125 0.0046875 0.00625
3 0.128125 0.60859375 0.003125 0.0046875
3 0.13203125 0.6015625 0.003125 0.003125
3 0.12265625 0.60859375 0.003125 0.003125
3 0.12265625 0.60546875 0.003125 0.003125
3 0.12421875 0.5984375 0.003125 0.003125