3 0.25859375 0.00703125 0.0140625 0.0140625
3 0.30078125 0.0265625 0.01328125 0.025
3 0.26171875 0.0359375 0.015625 0.028125
3 0.2875 0.07421875 0.0171875 0.02890625
3 0.30859375 0.0625 0.01640625 0.025
3 0.32265625 0.08671875 0.01875 0.03046875
3 0.3421875 0.15546875 0.02578125 0.03828125
3 0.3328125 0.25703125 0.02578125 0.04140625
3 0.37109375 0.240625 0.02421875 0.0453125
3 0.39453125 0.140625 0.02265625 0.03046875
6 0.290625 0.02578125 0.00390625 0.01484375
3 0.32265625 0.01953125 0.01875 0.01640625
4 0.4296875 0.13828125 0.01953125 0.01875
6 0.4296875 0.12421875 0.00390625 0.01328125
6 0.43984375 0.12890625 0.00390625 0.0140625
3 0.46484375 0.31875 0.03046875 0.04921875
3 0.44375 0.28828125 0.02578125 0.0390625
3 0.5671875 0.59609375 0.040625 0.07890625
3 0.59609375 0.61484375 0.03828125 0.078125
3 0.63203125 0.6453125 0.04140625 0.0796875
10 0.50546875 0.53046875 0.04296875 0.0734375
3 0.8640625 0.57421875 0.05 0.075
6 0.77421875 0.54921875 0.00546875 0.0234375
4 0.78671875 0.54375 0.00703125 0.02421875
3 0.98203125 0.44375 0.03046875 0.04609375
3 0.97265625 0.46640625 0.046875 0.0640625