3 0.69765625 0.059375 0.1609375 0.11875
6 0.665625 0.14609375 0.059375 0.0390625
3 0.8390625 0.11484375 0.115625 0.0984375
6 0.95 0.5875 0.0625 0.0484375
7 0.98984375 0.39140625 0.009375 0.015625
6 0.971875 0.3984375 0.046875 0.0296875
4 0.9859375 0.4015625 0.028125 0.046875
4 0.9515625 0.284375 0.015625 0.0375
6 0.93046875 0.35390625 0.05 0.03125
6 0.88203125 0.35546875 0.05625 0.0359375
8 0.92265625 0.32109375 0.1109375 0.11875
3 0.61953125 0.31328125 0.159375 0.121875
10 0.50234375 0.49921875 0.1171875 0.0828125
3 0.4796875 0.4359375 0.1125 0.0875
3 0.42265625 0.540625 0.0890625 0.0984375
8 0.38984375 0.50390625 0.059375 0.046875
6 0.38046875 0.5609375 0.046875 0.025
3 0.3390625 0.55625 0.0921875 0.075
7 0.31484375 0.5234375 0.0359375 0.0203125
7 0.30859375 0.53046875 0.0359375 0.0234375
4 0.31640625 0.52734375 0.0421875 0.0296875
4 0.40546875 0.6484375 0.0421875 0.025
4 0.37421875 0.6546875 0.0515625 0.03125
7 0.3171875 0.69609375 0.0265625 0.0171875
7 0.2984375 0.684375 0.0359375 0.0234375
4 0.31328125 0.71015625 0.04375 0.028125
6 0.2984375 0.69765625 0.025 0.0140625
7 0.29296875 0.70546875 0.0359375 0.0203125
6 0.2875 0.69609375 0.034375 0.01875
4 0.23515625 0.74140625 0.0421875 0.028125
1 0.2453125 0.7625 0.0328125 0.0328125
3 0.27734375 0.609375 0.0875 0.065625
6 0.19375 0.59921875 0.04375 0.0234375
6 0.18671875 0.625 0.040625 0.0234375
6 0.17890625 0.62109375 0.040625 0.021875
3 0.175 0.74375 0.0625 0.046875
0 0.51484375 0.26015625 0.1125 0.0921875
1 0.48515625 0.3125 0.0515625 0.0296875