7 0.3515625 0.28203125 0.00234375 0.0046875
4 0.35234375 0.28359375 0.003125 0.00703125
6 0.34921875 0.30546875 0.00390625 0.00625
6 0.346875 0.3109375 0.00234375 0.00546875
6 0.34453125 0.3109375 0.003125 0.00859375
3 0.371875 0.21875 0.00234375 0.0046875
3 0.3703125 0.22421875 0.00234375 0.0046875
3 0.371875 0.23671875 0.00390625 0.00859375
10 0.36796875 0.2359375 0.003125 0.00546875
10 0.3640625 0.25234375 0.00390625 0.01015625
3 0.36015625 0.24609375 0.00234375 0.00703125
3 0.3546875 0.265625 0.00390625 0.009375
6 0.35625 0.25859375 0.00234375 0.00546875
10 0.38359375 0.25234375 0.0046875 0.01015625
3 0.38359375 0.26875 0.00546875 0.0109375
3 0.39609375 0.2703125 0.00703125 0.01484375
3 0.40625 0.25625 0.00703125 0.01171875
3 0.415625 0.271875 0.009375 0.01953125
3 0.396875 0.2984375 0.01171875 0.02109375
3 0.41171875 0.29609375 0.0109375 0.02109375
3 0.38671875 0.33828125 0.01015625 0.0234375
3 0.40390625 0.35546875 0.01640625 0.034375
3 0.4265625 0.3640625 0.01640625 0.03515625
3 0.36171875 0.39453125 0.01328125 0.03125
3 0.35859375 0.4234375 0.01484375 0.03203125
3 0.31640625 0.34296875 0.00859375 0.015625
3 0.30234375 0.3921875 0.0125 0.01796875
7 0.30390625 0.44609375 0.00546875 0.00703125
1 0.3046875 0.45078125 0.00546875 0.0109375
6 0.30625 0.415625 0.00546875 0.01171875
3 0.2703125 0.47890625 0.01640625 0.01796875
3 0.35625 0.45546875 0.01640625 0.03984375
3 0.321875 0.46796875 0.01484375 0.03203125
6 0.31484375 0.534375 0.009375 0.01953125
6 0.33671875 0.53203125 0.0125 0.0265625
6 0.2953125 0.55546875 0.01015625 0.01796875
3 0.3171875 0.4984375 0.01484375 0.03671875
3 0.33203125 0.49921875 0.015625 0.04453125
3 0.3484375 0.50546875 0.0203125 0.05078125
3 0.32734375 0.546875 0.01796875 0.05078125
3 0.309375 0.540625 0.01953125 0.04609375
3 0.2953125 0.59609375 0.02265625 0.05859375
3 0.2703125 0.6390625 0.0234375 0.06171875
6 0.2390625 0.65078125 0.01171875 0.01953125
10 0.19453125 0.69140625 0.025 0.04609375
3 0.16015625 0.6984375 0.02265625 0.03359375
3 0.1328125 0.7296875 0.02109375 0.03671875
6 0.1390625 0.7484375 0.00859375 0.01484375
6 0.13671875 0.75078125 0.0078125 0.01328125
6 0.14296875 0.7453125 0.0078125 0.0109375
6 0.13046875 0.75234375 0.009375 0.01015625
6 0.11171875 0.81640625 0.01015625 0.01796875
6 0.12421875 0.7640625 0.01171875 0.0140625
9 0.10703125 0.77578125 0.04296875 0.075
3 0.08984375 0.87890625 0.028125 0.0390625
9 0.078125 0.915625 0.03671875 0.05859375
3 0.1171875 0.89765625 0.0296875 0.0453125
3 0.1234375 0.9453125 0.03046875 0.05390625
3 0.38671875 0.56953125 0.02734375 0.065625
3 0.38671875 0.740625 0.03984375 0.12109375
3 0.43671875 0.68359375 0.03984375 0.11875
10 0.51640625 0.74296875 0.06796875 0.16171875
6 0.6234375 0.2484375 0.0140625 0.04296875
3 0.68828125 0.2828125 0.08203125 0.09375