6 0.3546875 0.0359375 0.00546875 0.01953125
6 0.47421875 0.10078125 0.01015625 0.01796875
6 0.47421875 0.153125 0.009375 0.0203125
7 0.48359375 0.23359375 0.00859375 0.021875
7 0.371875 0.1921875 0.0046875 0.01796875
7 0.35 0.1203125 0.01015625 0.01640625
7 0.38984375 0.37890625 0.00703125 0.01796875
7 0.428125 0.42890625 0.00859375 0.01484375
7 0.42265625 0.41953125 0.00625 0.00625
6 0.33125 0.36171875 0.0078125 0.01640625
6 0.40390625 0.4875 0.00625 0.00859375
6 0.41015625 0.5015625 0.00390625 0.01171875
6 0.4171875 0.49921875 0.00625 0.01015625
6 0.51171875 0.76328125 0.00703125 0.0109375
6 0.509375 0.78828125 0.01015625 0.0140625
6 0.63828125 0.7484375 0.00859375 0.01484375
6 0.00546875 0.1546875 0.0109375 0.015625
0 0.0859375 0.04140625 0.05234375 0.04609375
4 0.09375 0.1984375 0.01796875 0.02421875
3 0.221875 0.2421875 0.03828125 0.0640625
4 0.35 0.12421875 0.01640625 0.0234375
4 0.37109375 0.19453125 0.01640625 0.02421875
4 0.48203125 0.2328125 0.01484375 0.0234375
3 0.42109375 0.04609375 0.03671875 0.075
3 0.30859375 0.1984375 0.04375 0.06640625
3 0.2625 0.29921875 0.04296875 0.06328125
3 0.31015625 0.35859375 0.0453125 0.06875
4 0.3875 0.37734375 0.0171875 0.02890625
4 0.42734375 0.4296875 0.01640625 0.02578125
6 0.64140625 0.33359375 0.01171875 0.02109375
3 0.50078125 0.68671875 0.02421875 0.08671875
4 0.21875 0.36015625 0.01328125 0.0296875
4 0.21328125 0.34765625 0.01484375 0.0234375
4 0.2296875 0.35546875 0.00703125 0.0265625
4 0.23515625 0.36484375 0.0125 0.02421875
4 0.240625 0.37109375 0.01484375 0.0234375
4 0.24453125 0.378125 0.01640625 0.0234375
4 0.22421875 0.29375 0.0140625 0.021875
1 0.23203125 0.30078125 0.01171875 0.021875
1 0.23359375 0.30390625 0.009375 0.0265625
4 0.24296875 0.31484375 0.01796875 0.01640625
4 0.246875 0.328125 0.01953125 0.025
4 0.25703125 0.3375 0.01171875 0.025
4 0.2640625 0.34765625 0.01640625 0.01953125
4 0.26875 0.35625 0.01171875 0.0203125
4 0.2734375 0.35859375 0.01328125 0.028125
4 0.2796875 0.3640625 0.0125 0.025
4 0.284375 0.37421875 0.01015625 0.03046875
4 0.31171875 0.40546875 0.01484375 0.021875
4 0.31875 0.421875 0.01484375 0.021875
4 0.2984375 0.4265625 0.01171875 0.0234375
4 0.30390625 0.43671875 0.01015625 0.0234375
4 0.3109375 0.446875 0.01171875 0.02109375
4 0.30078125 0.47421875 0.01171875 0.0203125
4 0.2953125 0.46796875 0.01015625 0.01953125
4 0.27578125 0.4796875 0.0140625 0.02421875
4 0.34765625 0.45859375 0.01484375 0.025
4 0.33046875 0.48125 0.01328125 0.02421875
4 0.3140625 0.51328125 0.01015625 0.02890625
4 0.3390625 0.48359375 0.01171875 0.02421875
4 0.3546875 0.46640625 0.01171875 0.02578125
4 0.36640625 0.48046875 0.0140625 0.021875
4 0.371875 0.49296875 0.01328125 0.028125
4 0.38046875 0.496875 0.01171875 0.02578125
4 0.38828125 0.50703125 0.0125 0.021875
4 0.403125 0.52265625 0.0078125 0.025
4 0.34921875 0.5015625 0.015625 0.025
4 0.35703125 0.515625 0.009375 0.0265625
4 0.365625 0.52890625 0.0125 0.02578125
4 0.378125 0.534375 0.01171875 0.0234375
4 0.36171875 0.55 0.0140625 0.021875
4 0.3515625 0.54140625 0.01484375 0.02890625
4 0.34296875 0.5390625 0.01171875 0.0265625
4 0.32421875 0.52109375 0.0125 0.025
4 0.31875 0.51875 0.0125 0.025
4 0.30546875 0.5359375 0.01640625 0.01796875
4 0.31640625 0.54609375 0.0140625 0.025
4 0.3234375 0.5515625 0.015625 0.01875
4 0.328125 0.55859375 0.0140625 0.0203125
4 0.3359375 0.56796875 0.0140625 0.0265625
4 0.3453125 0.57109375 0.01171875 0.02578125
4 0.35078125 0.578125 0.0125 0.028125
4 0.35234375 0.58515625 0.01171875 0.03125
4 0.5078125 0.240625 0.01796875 0.025
4 0.521875 0.73515625 0.01171875 0.03671875
4 0.459375 0.7875 0.01171875 0.04921875
1 0.47109375 0.77890625 0.009375 0.02578125
4 0.38359375 0.67421875 0.02109375 0.01953125
4 0.39453125 0.68671875 0.0171875 0.0140625
4 0.41953125 0.6671875 0.01484375 0.02109375
4 0.453125 0.725 0.00859375 0.028125
4 0.47890625 0.70625 0.01171875 0.034375
4 0.48125 0.678125 0.01015625 0.03046875
4 0.4625 0.66640625 0.01796875 0.015625
4 0.45390625 0.69609375 0.01015625 0.034375
4 0.4484375 0.68046875 0.0078125 0.02890625
4 0.43671875 0.653125 0.0125 0.0265625
4 0.43125 0.646875 0.01328125 0.02578125
4 0.43828125 0.61640625 0.01171875 0.03515625
4 0.45234375 0.65546875 0.015625 0.02109375
4 0.46796875 0.64453125 0.01015625 0.03046875
4 0.4703125 0.61796875 0.01171875 0.03125
1 0.4671875 0.60703125 0.0078125 0.02890625
1 0.4765625 0.61875 0.00859375 0.0296875
4 0.45859375 0.63046875 0.01015625 0.0265625
4 0.44921875 0.63671875 0.01015625 0.03203125
4 0.44609375 0.625 0.01171875 0.028125
4 0.453125 0.5953125 0.01015625 0.02578125
4 0.46015625 0.60625 0.01015625 0.0296875
4 0.44453125 0.5859375 0.0125 0.0296875
4 0.4359375 0.57421875 0.01328125 0.03046875
4 0.56328125 0.6984375 0.015625 0.0296875
4 0.575 0.71171875 0.0109375 0.03046875
4 0.56875 0.70546875 0.0109375 0.0296875
4 0.584375 0.71953125 0.01796875 0.03359375
4 0.58828125 0.728125 0.01640625 0.03046875
4 0.59609375 0.7375 0.01328125 0.02890625
4 0.60078125 0.7453125 0.0140625 0.03359375
4 0.609375 0.75703125 0.0125 0.03046875
4 0.61640625 0.76484375 0.01171875 0.03125
4 0.62265625 0.76875 0.01796875 0.03046875
4 0.63046875 0.7796875 0.01953125 0.03125
4 0.63984375 0.7984375 0.01484375 0.03203125
1 0.57421875 0.75703125 0.01171875 0.02890625
1 0.57734375 0.765625 0.01171875 0.025
4 0.5421875 0.81015625 0.01328125 0.02578125
4 0.66484375 0.8265625 0.02109375 0.034375
4 0.6703125 0.83671875 0.01328125 0.03203125
4 0.67734375 0.8484375 0.01171875 0.03125
4 0.68203125 0.853125 0.0125 0.03515625
4 0.66875 0.89609375 0.01796875 0.03046875
4 0.55078125 0.81875 0.0125 0.03046875
4 0.55625 0.825 0.0140625 0.03125
4 0.56171875 0.83046875 0.0140625 0.028125
4 0.55390625 0.85390625 0.021875 0.015625
4 0.571875 0.84296875 0.0140625 0.034375
4 0.553125 0.92578125 0.0140625 0.03203125
4 0.58359375 0.95390625 0.01015625 0.0359375
4 0.59765625 0.9609375 0.01640625 0.0234375
4 0.56640625 0.87421875 0.0171875 0.021875
4 0.5703125 0.85859375 0.01484375 0.025
4 0.5796875 0.85859375 0.0140625 0.03203125
4 0.58046875 0.8859375 0.01796875 0.01640625
4 0.584375 0.86328125 0.01484375 0.02890625
4 0.59140625 0.86875 0.01484375 0.03359375
4 0.5875 0.89921875 0.01796875 0.01484375
4 0.59765625 0.88125 0.01171875 0.0359375
4 0.59765625 0.9171875 0.01953125 0.015625
4 0.603125 0.8921875 0.01328125 0.03203125
4 0.6078125 0.9015625 0.01328125 0.03203125
4 0.61328125 0.91171875 0.01640625 0.03046875
4 0.6203125 0.92109375 0.015625 0.02890625
4 0.62734375 0.92734375 0.01328125 0.034375
4 0.634375 0.9359375 0.01328125 0.03515625
4 0.63828125 0.94609375 0.01484375 0.02109375
4 0.65546875 0.9234375 0.01171875 0.034375
4 0.66328125 0.9375 0.0125 0.03046875
4 0.64609375 0.95078125 0.0125 0.0296875
4 0.65234375 0.959375 0.01171875 0.02578125