3 0.01953125 0.00625 0.00625 0.009375
10 0.0625 0.03828125 0.01015625 0.01484375
1 0.05234375 0.03671875 0.0015625 0.00390625
7 0.0515625 0.03515625 0.00234375 0.00546875
7 0.08828125 0.146875 0.003125 0.00703125
7 0.12734375 0.25859375 0.003125 0.00625
7 0.14296875 0.52578125 0.00625 0.0140625
7 0.0796875 0.10703125 0.003125 0.0046875
6 0.06796875 0.03828125 0.00390625 0.009375
4 0.08046875 0.11171875 0.00234375 0.00625
4 0.0890625 0.1515625 0.003125 0.00859375
0 0.12890625 0.2640625 0.01015625 0.01328125
3 0.05234375 0.01328125 0.00859375 0.00859375
10 0.07578125 0.0265625 0.0171875 0.01171875
10 0.08203125 0.03359375 0.01171875 0.0109375
3 0.103125 0.02890625 0.01171875 0.00859375
10 0.06328125 0.21640625 0.02421875 0.0734375
3 0.0625 0.0203125 0.0109375 0.00703125
3 0.08515625 0.053125 0.00859375 0.009375
3 0.07734375 0.06875 0.00625 0.0109375
3 0.08671875 0.06796875 0.00625 0.009375
3 0.096875 0.08359375 0.0078125 0.009375
3 0.1078125 0.08046875 0.00703125 0.0109375
10 0.0796875 0.084375 0.00703125 0.01171875
3 0.08671875 0.08046875 0.01171875 0.009375
3 0.16015625 0.08359375 0.01171875 0.00625
10 0.153125 0.08046875 0.01171875 0.01328125
3 0.11171875 0.10078125 0.01484375 0.01328125
3 0.18359375 0.17109375 0.01015625 0.01640625
3 0.19375 0.1703125 0.00859375 0.01484375
6 0.21328125 0.16796875 0.00390625 0.01171875
6 0.2109375 0.16796875 0.00234375 0.009375
10 0.20859375 0.23203125 0.01953125 0.0546875
10 0.1859375 0.23359375 0.01953125 0.05546875
3 0.17421875 0.24453125 0.00703125 0.01796875
3 0.24609375 0.26015625 0.02421875 0.021875
10 0.259375 0.3265625 0.02265625 0.0265625
2 0.1140625 0.33515625 0.02421875 0.08515625
5 0.15078125 0.3484375 0.01875 0.03125
3 0.175 0.35 0.02890625 0.03125
10 0.22890625 0.3484375 0.0203125 0.0234375
10 0.15 0.315625 0.03515625 0.04609375
10 0.15546875 0.29296875 0.0359375 0.03046875
10 0.18671875 0.321875 0.02265625 0.0296875
10 0.1671875 0.32421875 0.02421875 0.03203125
4 0.1453125 0.5296875 0.00703125 0.021875
5 0.178125 0.39453125 0.02109375 0.0359375
3 0.2859375 0.65859375 0.02421875 0.059375
3 0.2515625 0.67734375 0.0265625 0.06796875
6 0.25625 0.71484375 0.00859375 0.02421875
3 0.28984375 0.5109375 0.02734375 0.04375
3 0.4171875 0.6703125 0.04453125 0.05703125
3 0.38359375 0.609375 0.03671875 0.05
10 0.40234375 0.63515625 0.04765625 0.06875
10 0.4765625 0.94609375 0.05546875 0.053125
10 0.3 0.27421875 0.03046875 0.04609375
3 0.29921875 0.30234375 0.02265625 0.015625
3 0.33203125 0.271875 0.01875 0.01953125
3 0.35859375 0.37578125 0.02734375 0.0359375
3 0.371875 0.41953125 0.02734375 0.03359375
3 0.33984375 0.45546875 0.028125 0.03671875
4 0.44453125 0.3515625 0.00703125 0.01796875
4 0.4296875 0.37578125 0.01015625 0.01171875
1 0.4328125 0.36015625 0.00546875 0.01640625
4 0.53984375 0.52890625 0.01171875 0.0203125
4 0.559375 0.59375 0.009375 0.025
3 0.5453125 0.78515625 0.05 0.05546875
4 0.5953125 0.82421875 0.0171875 0.03984375
3 0.628125 0.93671875 0.05234375 0.06640625
3 0.665625 0.93125 0.06328125 0.08046875
3 0.6921875 0.91875 0.0703125 0.10546875
3 0.7046875 0.909375 0.04921875 0.1109375
3 0.7203125 0.875 0.01796875 0.040625
10 0.596875 0.946875 0.04140625 0.0484375
4 0.66875 0.69375 0.0109375 0.0234375
4 0.60546875 0.66015625 0.0109375 0.03125
4 0.65546875 0.6890625 0.01328125 0.02578125