4 0.7984375 0.2203125 0.0328125 0.0328125
4 0.53359375 0.03046875 0.028125 0.03125
4 0.7421875 0.4125 0.025 0.0265625
4 0.68359375 0.415625 0.0265625 0.025
4 0.659375 0.4421875 0.021875 0.0328125
4 0.5859375 0.465625 0.028125 0.03125
4 0.61328125 0.45703125 0.01875 0.0375
4 0.5953125 0.5171875 0.015625 0.03125
6 0.765625 0.4046875 0.0140625 0.0171875
1 0.76171875 0.40859375 0.01875 0.0265625
1 0.7140625 0.4203125 0.015625 0.0296875
1 0.64609375 0.45625 0.01875 0.0328125
1 0.67109375 0.5484375 0.01875 0.03125
5 0.62109375 0.490625 0.0125 0.025
5 0.66015625 0.5015625 0.0171875 0.0265625
5 0.6453125 0.37578125 0.0125 0.0203125
6 0.425 0.0453125 0.0140625 0.0171875
6 0.5375 0.19765625 0.0125 0.0203125
6 0.53046875 0.20390625 0.015625 0.0234375
3 0.46015625 0.125 0.08125 0.071875
10 0.48515625 0.19296875 0.0734375 0.071875
10 0.5390625 0.33984375 0.071875 0.0640625
3 0.578125 0.39375 0.0765625 0.096875
6 0.54453125 0.47421875 0.0140625 0.0203125
6 0.4921875 0.30078125 0.0125 0.0203125
6 0.4640625 0.253125 0.0109375 0.0171875
0 0.37421875 0.08359375 0.0375 0.0734375
3 0.42890625 0.24140625 0.0625 0.11875
3 0.4671875 0.35 0.0609375 0.109375
10 0.56015625 0.58671875 0.0546875 0.1015625
5 0.22890625 0.12890625 0.0453125 0.06875
6 0.25 0.16953125 0.0265625 0.0328125
6 0.225 0.15859375 0.0171875 0.01875
6 0.2046875 0.13828125 0.021875 0.0234375
7 0.23125 0.1875 0.0203125 0.0234375
4 0.25703125 0.27421875 0.0265625 0.0265625
7 0.26796875 0.35 0.021875 0.028125
7 0.296875 0.40234375 0.0203125 0.0203125
6 0.30859375 0.359375 0.0171875 0.0140625
4 0.33515625 0.490625 0.0203125 0.040625
1 0.33125 0.503125 0.01875 0.03125
4 0.44765625 0.56640625 0.0203125 0.0390625
4 0.43515625 0.57109375 0.0234375 0.034375
0 0.41640625 0.5734375 0.0375 0.0671875
0 0.40859375 0.59296875 0.0375 0.05625
4 0.56484375 0.6765625 0.0203125 0.0390625
7 0.56796875 0.68125 0.0140625 0.0171875
1 0.55390625 0.82109375 0.015625 0.0296875
4 0.53671875 0.871875 0.0234375 0.0203125
4 0.5359375 0.89140625 0.025 0.021875
4 0.51796875 0.88125 0.021875 0.0171875
1 0.55078125 0.9109375 0.0203125 0.0203125
6 0.559375 0.8234375 0.0171875 0.0265625
6 0.56796875 0.82109375 0.015625 0.0234375
1 0.63671875 0.7578125 0.021875 0.0328125
1 0.64375 0.78359375 0.01875 0.0359375
3 0.65859375 0.85078125 0.046875 0.084375
10 0.69375 0.93359375 0.0390625 0.0609375
6 0.68125 0.89921875 0.015625 0.025
1 0.68828125 0.8421875 0.0140625 0.028125
6 0.725 0.93046875 0.015625 0.0296875
6 0.72109375 0.87109375 0.0140625 0.025
6 0.6703125 0.5546875 0.0109375 0.0171875
6 0.6703125 0.5703125 0.0125 0.0203125
6 0.69296875 0.6375 0.015625 0.0296875
6 0.70703125 0.64453125 0.0125 0.0203125
7 0.70859375 0.65078125 0.00625 0.0125
6 0.72578125 0.759375 0.0125 0.025
6 0.67734375 0.75859375 0.015625 0.025
6 0.6875 0.7734375 0.0109375 0.021875
6 0.690625 0.7890625 0.0125 0.025
6 0.6859375 0.80625 0.0125 0.0234375
6 0.70625 0.80703125 0.0125 0.0265625
6 0.77265625 0.91171875 0.015625 0.0296875
6 0.7671875 0.84375 0.0140625 0.025
4 0.775 0.90078125 0.0171875 0.0359375
4 0.75234375 0.90546875 0.0234375 0.0421875
4 0.7796875 0.89140625 0.015625 0.034375
4 0.79296875 0.89453125 0.01875 0.0328125
4 0.8078125 0.88046875 0.021875 0.025
5 0.7375 0.8890625 0.0171875 0.0296875
7 0.73359375 0.8953125 0.0125 0.0203125
5 0.75625 0.78515625 0.0171875 0.0328125
5 0.71875 0.7375 0.0140625 0.0234375
5 0.7203125 0.70859375 0.0125 0.025
5 0.6671875 0.62421875 0.0140625 0.025
5 0.65859375 0.62578125 0.01875 0.0234375