3 0.59765625 0.97734375 0.07734375 0.0453125
3 0.5890625 0.9390625 0.06484375 0.046875
3 0.58828125 0.896875 0.04921875 0.03828125
3 0.5921875 0.87109375 0.04765625 0.028125
3 0.59609375 0.83828125 0.01796875 0.028125
3 0.75078125 0.96796875 0.07734375 0.046875
3 0.73984375 0.9515625 0.065625 0.04375
3 0.7171875 0.90859375 0.0515625 0.0359375
3 0.696875 0.871875 0.05078125 0.04375
3 0.67265625 0.8265625 0.034375 0.025
9 0.28828125 0.86328125 0.09609375 0.0890625
3 0.39921875 0.80625 0.01484375 0.01484375
3 0.39375 0.78828125 0.0234375 0.01640625
3 0.4109375 0.78046875 0.01796875 0.015625
4 0.78984375 0.92421875 0.02109375 0.025
3 0.66796875 0.81640625 0.0328125 0.01953125
3 0.6578125 0.80625 0.02578125 0.0140625
3 0.65703125 0.7984375 0.02421875 0.015625
3 0.65390625 0.79140625 0.02421875 0.01640625
3 0.6515625 0.78671875 0.0265625 0.01484375
3 0.59140625 0.7890625 0.01875 0.01640625
3 0.63671875 0.77109375 0.01796875 0.009375
3 0.475 0.73203125 0.01015625 0.00625
3 0.490625 0.72890625 0.00703125 0.00703125
3 0.4984375 0.72890625 0.00703125 0.00859375
3 0.54765625 0.7296875 0.00859375 0.00703125
3 0.65859375 0.76796875 0.0125 0.01328125