3 0.36796875 0.46875 0.028125 0.0703125
3 0.28359375 0.48203125 0.0390625 0.0359375
3 0.3 0.4375 0.0453125 0.0359375
3 0.30625 0.3984375 0.0375 0.0359375
3 0.45390625 0.6328125 0.0515625 0.0453125
3 0.46015625 0.56015625 0.0421875 0.034375
3 0.46484375 0.525 0.0453125 0.0359375
3 0.465625 0.48671875 0.040625 0.0328125
3 0.46953125 0.45625 0.034375 0.0328125
3 0.47421875 0.4234375 0.040625 0.03125
3 0.47578125 0.39375 0.0359375 0.0359375
10 0.48046875 0.3640625 0.034375 0.0328125
3 0.4796875 0.340625 0.0375 0.0328125
3 0.4921875 0.253125 0.0296875 0.0265625
3 0.50390625 0.128125 0.03125 0.028125
3 0.36796875 0.178125 0.03125 0.028125
3 0.32265625 0.259375 0.03125 0.028125
3 0.32421875 0.15859375 0.0203125 0.0375
3 0.30625 0.1625 0.025 0.0421875
3 0.26640625 0.16015625 0.0296875 0.0390625
3 0.20078125 0.28359375 0.0328125 0.0296875
3 0.24609375 0.28046875 0.034375 0.0296875
3 0.2265625 0.515625 0.0453125 0.053125
3 0.37421875 0.1546875 0.03125 0.0265625
3 0.38125 0.11484375 0.03125 0.028125
3 0.38828125 0.07890625 0.028125 0.028125
3 0.3765625 0.13828125 0.03125 0.025
3 0.39140625 0.0640625 0.028125 0.025
3 0.51484375 0.04765625 0.0265625 0.021875
3 0.5 0.1671875 0.03125 0.025
3 0.5 0.1859375 0.0296875 0.025
3 0.49765625 0.20390625 0.0265625 0.028125
9 0.28984375 0.27421875 0.0390625 0.0421875
9 0.25078125 0.6 0.0515625 0.040625
3 0.51875 0.01953125 0.0296875 0.021875
6 0.19296875 0.22578125 0.009375 0.01875
6 0.18359375 0.2296875 0.0078125 0.0125
10 0.140625 0.2265625 0.0390625 0.0359375
10 0.09140625 0.22734375 0.0296875 0.028125
8 0.428125 0.040625 0.009375 0.025
6 0.5171875 0.06796875 0.0046875 0.015625
3 0.31484375 0.36328125 0.0453125 0.0390625
6 0.290625 0.3703125 0.009375 0.021875
6 0.32265625 0.375 0.009375 0.025