3 0.0484375 0.109375 0.0140625 0.01796875
6 0.12421875 0.24296875 0.00390625 0.00703125
6 0.13984375 0.31875 0.0046875 0.00703125
3 0.134375 0.3359375 0.01328125 0.01875
3 0.146875 0.34765625 0.0109375 0.015625
3 0.21796875 0.128125 0.01484375 0.01875
3 0.2125 0.14296875 0.0140625 0.01953125
3 0.20546875 0.15546875 0.0140625 0.01640625
3 0.20078125 0.16640625 0.01484375 0.0203125
3 0.24765625 0.15546875 0.01171875 0.02578125
3 0.23828125 0.175 0.015625 0.01875
3 0.22578125 0.196875 0.01171875 0.02109375
3 0.23359375 0.2 0.01171875 0.02421875
3 0.25703125 0.2203125 0.01171875 0.02421875
3 0.26484375 0.22734375 0.0125 0.02109375
3 0.25703125 0.16171875 0.0125 0.025
3 0.2703125 0.171875 0.01328125 0.0234375
3 0.2875 0.1859375 0.01171875 0.02578125
3 0.3015625 0.19609375 0.01328125 0.0265625
3 0.309375 0.203125 0.0125 0.0265625
3 0.31953125 0.20859375 0.009375 0.01953125
3 0.32734375 0.21640625 0.0125 0.025
3 0.28125 0.240625 0.01171875 0.025
3 0.2890625 0.2453125 0.01328125 0.02421875
3 0.296875 0.25390625 0.01171875 0.025
3 0.38359375 0.26171875 0.01171875 0.02578125
3 0.39453125 0.2671875 0.01171875 0.0234375
3 0.403125 0.2734375 0.01171875 0.025
3 0.41484375 0.28359375 0.01171875 0.02578125
3 0.36953125 0.315625 0.01171875 0.025
3 0.38046875 0.325 0.01171875 0.02578125
3 0.40859375 0.34609375 0.01171875 0.028125
3 0.42578125 0.36171875 0.0109375 0.02578125
3 0.43671875 0.36796875 0.01171875 0.0265625
10 0.446875 0.3734375 0.0109375 0.03515625
6 0.47421875 0.1015625 0.00234375 0.00703125
6 0.5203125 0.25625 0.00234375 0.00859375
6 0.5171875 0.25703125 0.003125 0.009375
6 0.5140625 0.27421875 0.00390625 0.00859375
6 0.5140625 0.26953125 0.00234375 0.00625
6 0.6109375 0.3109375 0.00390625 0.00703125
3 0.465625 0.32578125 0.0125 0.028125
3 0.4875 0.34140625 0.01171875 0.0296875
3 0.515625 0.3671875 0.01328125 0.03046875
3 0.4671875 0.39296875 0.01171875 0.02890625
3 0.4953125 0.41171875 0.01484375 0.0296875
10 0.52578125 0.37109375 0.0140625 0.03203125
6 0.665625 0.7359375 0.00546875 0.00625
3 0.215625 0.51796875 0.01484375 0.03203125
3 0.203125 0.39921875 0.0125 0.01875
3 0.2171875 0.41328125 0.01640625 0.01953125
3 0.290625 0.484375 0.01640625 0.02109375
3 0.30859375 0.50078125 0.01484375 0.01796875
7 0.36171875 0.46015625 0.003125 0.00546875
1 0.36171875 0.4609375 0.00546875 0.00859375
7 0.39296875 0.4984375 0.00234375 0.00390625
4 0.39296875 0.49921875 0.00546875 0.00703125
3 0.48359375 0.66484375 0.01953125 0.02578125
3 0.50703125 0.68671875 0.01640625 0.021875
7 0.54296875 0.640625 0.003125 0.00546875
4 0.5421875 0.64140625 0.0078125 0.00703125
9 0.5328125 0.70625 0.0265625 0.0359375
9 0.559375 0.73203125 0.03203125 0.0390625
6 0.646875 0.709375 0.0078125 0.00859375
4 0.05 0.51328125 0.00546875 0.00703125
3 0.06796875 0.5203125 0.01640625 0.021875
3 0.053125 0.5546875 0.01171875 0.03125
3 0.07421875 0.50390625 0.0125 0.01953125
3 0.09296875 0.459375 0.015625 0.02109375
3 0.04140625 0.57890625 0.01796875 0.025
3 0.034375 0.59453125 0.01640625 0.02421875
3 0.0265625 0.6109375 0.01796875 0.02421875
4 0.0109375 0.64921875 0.00546875 0.01015625
4 0.00625 0.65703125 0.00703125 0.00859375
3 0.06953125 0.95859375 0.01796875 0.0265625
3 0.1015625 0.81171875 0.02109375 0.03046875
3 0.11796875 0.765625 0.01953125 0.025
3 0.13984375 0.69765625 0.01796875 0.0265625
10 0.14609375 0.68046875 0.01875 0.02421875
6 0.159375 0.640625 0.00546875 0.00703125
3 0.175 0.61171875 0.01171875 0.03359375
3 0.18359375 0.59921875 0.0125 0.03125
4 0.19921875 0.53984375 0.0046875 0.009375
3 0.35703125 0.653125 0.01484375 0.03515625
3 0.32109375 0.70546875 0.01875 0.02578125
3 0.31484375 0.71875 0.01953125 0.025
3 0.3125 0.73984375 0.01953125 0.028125
3 0.30546875 0.75859375 0.01953125 0.02890625
3 0.29140625 0.80078125 0.01875 0.02578125
3 0.28671875 0.82109375 0.01875 0.02578125
3 0.271875 0.87421875 0.02109375 0.0296875
3 0.34296875 0.88046875 0.01328125 0.04453125
3 0.3546875 0.89140625 0.0140625 0.04375
3 0.36640625 0.953125 0.0203125 0.02578125
3 0.2515625 0.93984375 0.01953125 0.03125
3 0.228125 0.96171875 0.02265625 0.0203125
3 0.5046875 0.8015625 0.01484375 0.040625
3 0.5296875 0.8015625 0.0109375 0.0359375
3 0.54375 0.8875 0.01171875 0.04140625
3 0.478125 0.84609375 0.01953125 0.02421875
3 0.46875 0.88828125 0.01796875 0.021875
6 0.00703125 0.1359375 0.00703125 0.009375
3 0.22421875 0.2640625 0.01171875 0.02109375