3 0.1265625 0.34765625 0.153125 0.109375
3 0.28828125 0.38515625 0.11875 0.084375
3 0.390625 0.41796875 0.103125 0.075
3 0.47578125 0.4421875 0.109375 0.078125
10 0.625 0.484375 0.0640625 0.04375
3 0.69140625 0.509375 0.04375 0.0328125
10 0.71328125 0.525 0.040625 0.0328125
10 0.72265625 0.5359375 0.0359375 0.03125
3 0.7546875 0.596875 0.0328125 0.0375
6 0.81171875 0.56796875 0.021875 0.0140625
3 0.803125 0.57578125 0.025 0.021875
3 0.8140625 0.5828125 0.025 0.0203125
3 0.80234375 0.6 0.0265625 0.0203125
3 0.6125 0.315625 0.06875 0.0515625
3 0.72109375 0.396875 0.053125 0.04375
3 0.76953125 0.44375 0.03125 0.0296875
3 0.8125 0.4859375 0.0296875 0.0265625
3 0.8296875 0.51171875 0.0296875 0.0234375
10 0.8234375 0.49921875 0.034375 0.0265625
3 0.87578125 0.640625 0.015625 0.0140625