3 0.88359375 0.925 0.0140625 0.0125
3 0.88515625 0.60234375 0.0109375 0.0125
3 0.89140625 0.590625 0.0078125 0.0078125
3 0.8921875 0.62265625 0.0078125 0.009375
3 0.89375 0.615625 0.0109375 0.0125
3 0.8984375 0.61171875 0.009375 0.0078125
3 0.8984375 0.621875 0.0078125 0.009375
6 0.703125 0.621875 0.0203125 0.00625
6 0.70078125 0.61953125 0.01875 0.0046875
6 0.66015625 0.6046875 0.015625 0.0046875
6 0.65390625 0.6078125 0.0109375 0.0046875
6 0.65546875 0.5875 0.01875 0.0046875
6 0.65390625 0.59140625 0.0109375 0.0046875
6 0.525 0.478125 0.028125 0.009375
6 0.59921875 0.53359375 0.025 0.009375
6 0.603125 0.5421875 0.025 0.009375
7 0.6375 0.64921875 0.0203125 0.009375
7 0.63828125 0.64140625 0.01875 0.0078125
7 0.6375 0.603125 0.01875 0.0078125
7 0.59453125 0.51875 0.0125 0.0046875
6 0.58828125 0.51484375 0.021875 0.009375
5 0.58671875 0.5203125 0.0171875 0.0109375
6 0.0546875 0.4484375 0.0484375 0.021875