6 0.275 0.26015625 0.00546875 0.0109375
6 0.29921875 0.33359375 0.00546875 0.009375
6 0.2109375 0.38671875 0.0078125 0.009375
6 0.2078125 0.38046875 0.00546875 0.009375
6 0.39609375 0.6640625 0.00390625 0.009375
6 0.39921875 0.66484375 0.003125 0.01328125
6 0.43203125 0.35703125 0.0046875 0.01015625
3 0.53984375 0.409375 0.025 0.0265625
3 0.57890625 0.4140625 0.025 0.03046875
3 0.67421875 0.3703125 0.02578125 0.03515625
6 0.52265625 0.296875 0.00703125 0.01171875
6 0.50234375 0.246875 0.0046875 0.0140625
6 0.50625 0.24453125 0.00546875 0.01171875
6 0.5109375 0.240625 0.00390625 0.01328125
6 0.5265625 0.484375 0.00546875 0.01015625
3 0.1953125 0.5421875 0.01875 0.02890625