3 0.7125 0.665625 0.1234375 0.09375
10 0.6046875 0.66953125 0.1125 0.0796875
3 0.52734375 0.6734375 0.05625 0.04375
3 0.45703125 0.68125 0.0296875 0.0234375
3 0.425 0.6859375 0.0265625 0.021875
3 0.4046875 0.7171875 0.0234375 0.021875
3 0.40703125 0.6953125 0.01875 0.015625
3 0.40390625 0.6109375 0.025 0.03125
3 0.43125 0.621875 0.0328125 0.025
3 0.3875 0.57265625 0.028125 0.0296875
3 0.375 0.540625 0.0234375 0.028125
3 0.36171875 0.496875 0.0296875 0.03125
3 0.46484375 0.540625 0.059375 0.065625
3 0.6015625 0.371875 0.115625 0.1265625
3 0.55078125 0.728125 0.05625 0.0453125
3 0.84921875 0.20625 0.128125 0.159375
3 0.77890625 0.2453125 0.1734375 0.1953125
3 0.48125 0.2921875 0.0703125 0.059375