7 0.28046875 0.56171875 0.028125 0.040625
7 0.35546875 0.55234375 0.0203125 0.05078125
6 0.38359375 0.615625 0.01328125 0.06328125
6 0.32734375 0.62890625 0.015625 0.0765625
6 0.3234375 0.61796875 0.01015625 0.07890625
6 0.3171875 0.61640625 0.01640625 0.06953125
6 0.3171875 0.60859375 0.01015625 0.078125
6 0.484375 0.71171875 0.0203125 0.06015625
7 0.5109375 0.51953125 0.0125 0.046875
6 0.6953125 0.47265625 0.00859375 0.0453125
7 0.68203125 0.48828125 0.01484375 0.028125
7 0.7546875 0.49453125 0.0109375 0.03046875
8 0.75703125 0.50546875 0.0171875 0.04296875
6 0.76328125 0.47734375 0.00546875 0.03984375
7 0.7671875 0.46953125 0.0046875 0.021875
6 0.73984375 0.4734375 0.0046875 0.01796875