10 0.0234375 0.715625 0.046875 0.075
10 0.0671875 0.68984375 0.065625 0.078125
3 0.12421875 0.6609375 0.065625 0.075
10 0.1796875 0.63828125 0.0828125 0.1
10 0.20546875 0.87109375 0.0625 0.0890625
10 0.20625 0.92421875 0.0484375 0.05625
10 0.425 0.9828125 0.053125 0.0328125
4 0.2453125 0.60078125 0.0328125 0.05625
4 0.22734375 0.6078125 0.034375 0.0546875
4 0.253125 0.59296875 0.0265625 0.04375
4 0.2640625 0.596875 0.0375 0.0625
4 0.27421875 0.59296875 0.034375 0.059375
4 0.284375 0.578125 0.0234375 0.0421875
4 0.29609375 0.575 0.0265625 0.040625
4 0.30546875 0.57265625 0.03125 0.05625
4 0.3390625 0.55234375 0.03125 0.059375
4 0.3484375 0.5515625 0.0265625 0.05625
4 0.31640625 0.5703125 0.0375 0.0625
4 0.3265625 0.55625 0.0328125 0.059375
4 0.35859375 0.54609375 0.03125 0.0625
4 0.36953125 0.53515625 0.0328125 0.0578125
4 0.3828125 0.5359375 0.0375 0.0671875
4 0.39375 0.51953125 0.0296875 0.05625
4 0.42421875 0.5125 0.0359375 0.071875
4 0.43671875 0.509375 0.0359375 0.0609375
4 0.4515625 0.49765625 0.040625 0.0640625
2 0.5703125 0.43359375 0.1921875 0.221875
6 0.621875 0.50078125 0.021875 0.0421875
6 0.62890625 0.7046875 0.0140625 0.025
4 0.50859375 0.99453125 0.0140625 0.0109375
4 0.49921875 0.99140625 0.0140625 0.0171875
4 0.49140625 0.98984375 0.0171875 0.0203125
4 0.48515625 0.99140625 0.0171875 0.0171875
4 0.47421875 0.9921875 0.0140625 0.015625
3 0.43828125 0.934375 0.0359375 0.0421875
3 0.41875 0.9453125 0.0359375 0.0421875
10 0.4078125 0.9140625 0.0390625 0.0515625
10 0.36171875 0.9328125 0.0390625 0.059375
10 0.33203125 0.959375 0.0375 0.0375
3 0.353125 0.9609375 0.03125 0.0390625
3 0.3765625 0.95546875 0.0328125 0.0421875
3 0.3953125 0.95 0.03125 0.0390625
3 0.38359375 0.9171875 0.03125 0.040625
6 0.1265625 0.38359375 0.01875 0.0328125
6 0.05859375 0.22265625 0.028125 0.0375
6 0.24140625 0.30078125 0.0203125 0.040625