2 0.23984375 0.24765625 0.1203125 0.1109375
3 0.30234375 0.3125 0.059375 0.0453125
3 0.36953125 0.3609375 0.059375 0.04375
3 0.49609375 0.334375 0.0453125 0.034375
10 0.4828125 0.31328125 0.0453125 0.0359375
3 0.59453125 0.290625 0.034375 0.0234375
3 0.74453125 0.00546875 0.0203125 0.0109375
3 0.74296875 0.015625 0.021875 0.0234375
10 0.74609375 0.0265625 0.025 0.025
10 0.74765625 0.040625 0.025 0.025
3 0.65625 0.03125 0.021875 0.0234375
2 0.65703125 0.071875 0.040625 0.040625
10 0.76171875 0.1703125 0.0265625 0.0234375
10 0.75625 0.121875 0.0265625 0.025
10 0.76015625 0.146875 0.0265625 0.0234375
10 0.75859375 0.15859375 0.0234375 0.021875
2 0.67578125 0.15078125 0.071875 0.071875
3 0.64453125 0.17421875 0.025 0.0265625
3 0.63671875 0.23515625 0.0265625 0.025
9 0.5546875 0.24296875 0.046875 0.0453125
10 0.65078125 0.675 0.034375 0.03125
3 0.6515625 0.63671875 0.0359375 0.0359375
2 0.70859375 0.5109375 0.0765625 0.0859375
6 0.671875 0.45 0.0125 0.0078125
2 0.725 0.509375 0.0796875 0.0875
10 0.79765625 0.5421875 0.0328125 0.0328125
5 0.84765625 0.51796875 0.025 0.025
3 0.81875 0.53046875 0.025 0.0265625
3 0.82890625 0.528125 0.0296875 0.03125
2 0.8671875 0.45859375 0.059375 0.06875
2 0.7796875 0.471875 0.078125 0.0484375
2 0.75859375 0.40859375 0.05 0.05625
2 0.778125 0.415625 0.040625 0.0484375
2 0.7875 0.40390625 0.0375 0.0421875
2 0.803125 0.40625 0.0375 0.04375
2 0.89921875 0.3859375 0.053125 0.0359375
2 0.834375 0.36875 0.0609375 0.040625
10 0.92265625 0.3125 0.01875 0.0140625
10 0.8328125 0.3 0.0265625 0.01875
3 0.878125 0.296875 0.01875 0.0140625
3 0.85234375 0.32265625 0.0203125 0.015625
3 0.76171875 0.30234375 0.0265625 0.0203125
3 0.7484375 0.33125 0.028125 0.0203125
6 0.92421875 0.27109375 0.0109375 0.00625
6 0.88671875 0.27421875 0.0109375 0.00625
6 0.8703125 0.26796875 0.00625 0.0046875
6 0.88125 0.271875 0.00625 0.003125
6 0.8828125 0.26875 0.009375 0.00625