10 0.2765625 0.975 0.06953125 0.05
3 0.27109375 0.80859375 0.04140625 0.11328125
3 0.2734375 0.71640625 0.04296875 0.1
3 0.25625 0.634375 0.053125 0.071875
3 0.29921875 0.615625 0.059375 0.07421875
10 0.3328125 0.52421875 0.0609375 0.05859375
3 0.3328125 0.425 0.05078125 0.04609375
3 0.47421875 0.471875 0.0546875 0.04609375
3 0.546875 0.4765625 0.05703125 0.04296875
3 0.64921875 0.5390625 0.05859375 0.05546875
3 0.6359375 0.4640625 0.06015625 0.04296875
3 0.7375 0.45390625 0.0640625 0.040625
7 0.51796875 0.6203125 0.01171875 0.05
1 0.5171875 0.63359375 0.01328125 0.04140625
3 0.24140625 0.39375 0.04140625 0.034375
3 0.1875 0.3671875 0.0390625 0.03828125