3 0.0703125 0.69375 0.021875 0.04296875
10 0.29765625 0.6984375 0.01640625 0.04140625
10 0.32421875 0.6984375 0.01484375 0.0390625
3 0.36015625 0.70625 0.01640625 0.0453125
3 0.34140625 0.6953125 0.015625 0.0484375
2 0.3859375 0.67109375 0.02265625 0.06328125
10 0.46796875 0.71875 0.0171875 0.0203125
9 0.53125 0.5765625 0.01953125 0.04375
3 0.5125 0.55546875 0.01640625 0.03203125
5 0.49453125 0.540625 0.01328125 0.034375
6 0.0109375 0.3078125 0.00390625 0.01015625
6 0.00625 0.31328125 0.0046875 0.0109375
6 0.003125 0.315625 0.0046875 0.01015625
6 0.01953125 0.31328125 0.00390625 0.0109375
6 0.01875 0.31875 0.00546875 0.00859375
6 0.01015625 0.33125 0.00390625 0.01328125
6 0.05 0.3984375 0.00546875 0.01015625
6 0.04140625 0.440625 0.00390625 0.009375
6 0.03828125 0.44296875 0.003125 0.009375
6 0.05078125 0.47421875 0.00546875 0.0109375
4 0.05625 0.459375 0.00859375 0.00859375
6 0.13203125 0.353125 0.003125 0.01015625
6 0.13125 0.39296875 0.00390625 0.01015625
6 0.08359375 0.50390625 0.00390625 0.0109375
6 0.08828125 0.5265625 0.00390625 0.0109375
6 0.0546875 0.684375 0.0046875 0.0109375
7 0.0546875 0.68046875 0.00390625 0.00625
3 0.08828125 0.6390625 0.01953125 0.03828125
7 0.62890625 0.54921875 0.0046875 0.01015625
7 0.62890625 0.54453125 0.00546875 0.009375
7 0.63125 0.5359375 0.0046875 0.00703125
9 0.69296875 0.32578125 0.01328125 0.03984375
6 0.62734375 0.34921875 0.00390625 0.01015625
6 0.6234375 0.34609375 0.00390625 0.01015625
3 0.68359375 0.26953125 0.021875 0.021875
2 0.67109375 0.134375 0.02890625 0.05546875
2 0.65390625 0.065625 0.025 0.0484375
2 0.66640625 0.034375 0.02109375 0.04375
10 0.65546875 0.03203125 0.01015625 0.01796875
10 0.61640625 0.040625 0.01171875 0.01796875
3 0.62265625 0.06484375 0.00859375 0.01484375
10 0.58046875 0.153125 0.01171875 0.021875
10 0.55234375 0.1390625 0.01171875 0.021875
3 0.5453125 0.09375 0.01015625 0.015625
10 0.553125 0.021875 0.01171875 0.015625
3 0.56953125 0.20546875 0.01953125 0.01796875
9 0.453125 0.09921875 0.03828125 0.03828125
3 0.375 0.059375 0.01484375 0.015625
10 0.52421875 0.24296875 0.01171875 0.02421875
10 0.50859375 0.3234375 0.01484375 0.03203125
2 0.53359375 0.36875 0.03671875 0.0765625
10 0.4859375 0.43671875 0.01640625 0.03359375
10 0.421875 0.29765625 0.01328125 0.02890625
3 0.4109375 0.38203125 0.01171875 0.028125
3 0.440625 0.17734375 0.01015625 0.015625
3 0.43515625 0.22109375 0.01171875 0.0203125
10 0.425 0.1671875 0.01171875 0.025
10 0.42578125 0.20390625 0.01328125 0.02109375
10 0.40390625 0.17578125 0.0125 0.02109375
3 0.4140625 0.15703125 0.00859375 0.01796875
10 0.4 0.153125 0.01171875 0.0203125
10 0.3859375 0.14375 0.01328125 0.02109375
3 0.3875 0.17109375 0.01171875 0.01640625
3 0.4078125 0.240625 0.01171875 0.01953125
3 0.39375 0.2734375 0.01171875 0.0203125
3 0.3796875 0.22109375 0.0125 0.01953125
3 0.36328125 0.18203125 0.0125 0.01796875
3 0.390625 0.2390625 0.01171875 0.02109375
10 0.40546875 0.20625 0.01171875 0.01953125
10 0.39296875 0.19453125 0.01328125 0.0203125
10 0.3515625 0.20625 0.01015625 0.01640625
10 0.35703125 0.2359375 0.0109375 0.025
3 0.31328125 0.25703125 0.01171875 0.0234375
10 0.28515625 0.42109375 0.0125 0.03125
10 0.3109375 0.5671875 0.0140625 0.034375
10 0.4125 0.49140625 0.0125 0.034375
4 0.4015625 0.634375 0.00703125 0.01875
7 0.40078125 0.63359375 0.0046875 0.01328125
3 0.40546875 0.5625 0.015625 0.03984375
3 0.38828125 0.61328125 0.0171875 0.04140625
10 0.11171875 0.5546875 0.01953125 0.0390625
3 0.125 0.50625 0.01484375 0.0359375
3 0.13359375 0.46171875 0.01484375 0.0296875
3 0.14375 0.421875 0.01328125 0.0265625
3 0.153125 0.37578125 0.01171875 0.02578125
3 0.15859375 0.3390625 0.01171875 0.02421875
3 0.21875 0.215625 0.0109375 0.01953125
10 0.16640625 0.30546875 0.01015625 0.02578125
2 0.1671875 0.2484375 0.01484375 0.06328125
3 0.29140625 0.0125 0.01484375 0.0140625
6 0.21484375 0.059375 0.0015625 0.00703125
6 0.22265625 0.03828125 0.00234375 0.00703125
6 0.21640625 0.059375 0.0015625 0.00625
6 0.21796875 0.05859375 0.0015625 0.00859375
2 0.14140625 0.05625 0.01953125 0.04140625
2 0.19921875 0.09453125 0.02578125 0.01640625
2 0.16328125 0.0875 0.02109375 0.04140625
6 0.175 0.1359375 0.00234375 0.009375
2 0.15859375 0.05859375 0.0140625 0.03359375
2 0.14453125 0.03359375 0.015625 0.03984375
2 0.16875 0.01640625 0.03359375 0.0234375
2 0.171875 0.02265625 0.02578125 0.02109375
2 0.1734375 0.03359375 0.02109375 0.02109375
2 0.175 0.03984375 0.03359375 0.028125
2 0.1859375 0.05390625 0.0375 0.02578125
2 0.19453125 0.0625 0.0203125 0.02109375
2 0.1890625 0.06875 0.03671875 0.025
2 0.19453125 0.0765625 0.034375 0.025
2 0.1984375 0.08359375 0.034375 0.025
6 0.1671875 0.05703125 0.0015625 0.00625