3 0.65859375 0.90703125 0.10546875 0.1296875
3 0.58515625 0.71796875 0.08671875 0.16328125
3 0.52109375 0.534375 0.06953125 0.11484375
3 0.48515625 0.42734375 0.0546875 0.08828125
3 0.45625 0.34765625 0.0578125 0.0859375
3 0.4109375 0.59921875 0.06171875 0.15546875
3 0.4109375 0.24921875 0.05078125 0.0703125
3 0.39140625 0.16015625 0.02578125 0.0484375
10 0.29609375 0.8484375 0.11484375 0.246875
3 0.28046875 0.66796875 0.06015625 0.15625
3 0.28046875 0.50625 0.0625 0.146875
3 0.26015625 0.39765625 0.04375 0.1046875
3 0.25546875 0.3125 0.0375 0.0859375
3 0.2453125 0.24453125 0.0328125 0.0609375
9 0.23515625 0.17421875 0.04375 0.084375
3 0.26484375 0.14375 0.02890625 0.06328125
9 0.325 0.02734375 0.03984375 0.0546875
3 0.2296875 0.13125 0.02421875 0.03671875
3 0.22734375 0.1015625 0.02734375 0.04453125
3 0.22109375 0.065625 0.021875 0.034375
3 0.2140625 0.0390625 0.01796875 0.0390625
3 0.20859375 0.01796875 0.01953125 0.03046875