3 0.43828125 0.9578125 0.05625 0.065625
3 0.4859375 0.87109375 0.0484375 0.0640625
3 0.43203125 0.8359375 0.04375 0.0578125
3 0.4546875 0.74453125 0.05625 0.0640625
3 0.4015625 0.7453125 0.0515625 0.05625
3 0.5421875 0.65 0.05625 0.0640625
3 0.33828125 0.63203125 0.053125 0.04375
3 0.253125 0.59921875 0.0484375 0.025
3 0.27109375 0.690625 0.0515625 0.025
3 0.24921875 0.71015625 0.0484375 0.0234375
3 0.2015625 0.7046875 0.0453125 0.01875
3 0.2109375 0.6828125 0.0484375 0.0203125
3 0.19921875 0.6578125 0.0390625 0.0171875
3 0.1859375 0.62421875 0.04375 0.0171875
3 0.11953125 0.6109375 0.03125 0.0140625
3 0.55859375 0.465625 0.05625 0.071875
3 0.9078125 0.675 0.1390625 0.05
3 0.90859375 0.61796875 0.1421875 0.0484375
3 0.93359375 0.56875 0.0859375 0.040625
3 0.9375 0.50625 0.071875 0.04375
3 0.56328125 0.3625 0.0515625 0.0734375
3 0.41875 0.365625 0.04375 0.0515625
3 0.46796875 0.31015625 0.04375 0.0609375
3 0.51484375 0.3234375 0.05 0.065625
3 0.42265625 0.29453125 0.0390625 0.0421875
6 0.31875 0.5234375 0.03125 0.0078125
7 0.37578125 0.59609375 0.025 0.0078125
7 0.43359375 0.5953125 0.025 0.0109375
7 0.36484375 0.5765625 0.021875 0.0078125
7 0.29375 0.49921875 0.01875 0.0078125
7 0.19296875 0.5578125 0.015625 0.0078125
7 0.61875 0.95703125 0.0234375 0.0140625
7 0.665625 0.925 0.021875 0.0140625
7 0.69375 0.8640625 0.0234375 0.015625
7 0.3671875 0.85234375 0.01875 0.0078125
7 0.36640625 0.8484375 0.025 0.0078125
9 0.328125 0.6765625 0.06875 0.0625
4 0.37734375 0.84921875 0.0203125 0.0171875
4 0.70546875 0.8625 0.0171875 0.01875
4 0.66875 0.9171875 0.0375 0.0140625
4 0.6265625 0.94921875 0.0203125 0.0359375
7 0.86484375 0.471875 0.021875 0.0140625
7 0.91796875 0.453125 0.015625 0.015625
7 0.88046875 0.44140625 0.01875 0.0140625
7 0.91953125 0.42421875 0.01875 0.0109375
7 0.771875 0.47734375 0.0234375 0.0109375
7 0.8125 0.45390625 0.0203125 0.0125
6 0.79375 0.3921875 0.0296875 0.0140625
4 0.78046875 0.4796875 0.0375 0.0171875
4 0.86484375 0.4734375 0.0546875 0.0140625
4 0.8171875 0.4578125 0.05 0.015625
4 0.91953125 0.45546875 0.0375 0.0109375
4 0.88359375 0.4421875 0.05 0.015625
4 0.91875 0.4234375 0.0390625 0.0140625
6 0.775 0.3859375 0.03125 0.0109375
7 0.61796875 0.5875 0.028125 0.0140625
4 0.62109375 0.58671875 0.0203125 0.028125
6 0.72578125 0.7375 0.03125 0.0109375
6 0.74140625 0.70703125 0.0296875 0.0140625
6 0.72734375 0.7 0.0296875 0.0140625
7 0.1578125 0.5796875 0.015625 0.0046875
7 0.13671875 0.56484375 0.015625 0.0046875
7 0.1046875 0.5796875 0.009375 0.003125
7 0.0890625 0.57578125 0.0109375 0.003125
7 0.0921875 0.56875 0.0109375 0.003125
4 0.10859375 0.57890625 0.0125 0.003125
4 0.165625 0.5796875 0.015625 0.0046875
4 0.1453125 0.565625 0.01875 0.00625
4 0.203125 0.5578125 0.015625 0.00625
4 0.09921875 0.56875 0.0125 0.003125
4 0.09609375 0.575 0.009375 0.003125
6 0.02265625 0.58828125 0.015625 0.0046875
4 0.38125 0.59609375 0.025 0.0125
4 0.44140625 0.596875 0.015625 0.021875
4 0.375 0.57734375 0.021875 0.0109375
4 0.30390625 0.50078125 0.01875 0.0109375
4 0.35546875 0.4640625 0.01875 0.0140625
7 0.34375 0.46328125 0.01875 0.0078125
7 0.34453125 0.4578125 0.025 0.00625
7 0.35390625 0.44140625 0.021875 0.0046875
7 0.35546875 0.4375 0.021875 0.009375
4 0.3609375 0.44296875 0.0265625 0.0203125