6 0.86328125 0.23515625 0.0703125 0.040625
6 0.8578125 0.30390625 0.0640625 0.0390625
6 0.825 0.23046875 0.05625 0.034375
6 0.79765625 0.1625 0.0609375 0.0359375
6 0.87421875 0.37265625 0.05 0.0265625
6 0.66875 0.1734375 0.08125 0.0546875
6 0.60859375 0.16953125 0.078125 0.0453125
6 0.521875 0.18984375 0.0796875 0.0453125
6 0.60390625 0.26796875 0.075 0.046875
6 0.64921875 0.33828125 0.0765625 0.0421875
6 0.72734375 0.5015625 0.0734375 0.0328125
6 0.85546875 0.39765625 0.06875 0.034375
6 0.8390625 0.40234375 0.0734375 0.03125
6 0.88515625 0.42734375 0.053125 0.0296875
6 0.90078125 0.48984375 0.0484375 0.0234375
6 0.75390625 0.5625 0.071875 0.0359375
6 0.6640625 0.5984375 0.071875 0.0375
6 0.61484375 0.53515625 0.0859375 0.0390625
6 0.54375 0.47109375 0.0765625 0.0359375
6 0.8390625 0.51171875 0.0640625 0.028125
6 0.74140625 0.465625 0.0796875 0.0390625
6 0.80703125 0.4375 0.0671875 0.0375
6 0.7890625 0.37578125 0.0734375 0.0375
6 0.7484375 0.3015625 0.0765625 0.0421875
6 0.72421875 0.2234375 0.0765625 0.0359375
7 0.7671875 0.16484375 0.0546875 0.034375
7 0.72890625 0.16953125 0.0609375 0.0515625
7 0.45625 0.1953125 0.0578125 0.0515625
6 0.41640625 0.253125 0.0953125 0.0609375
6 0.32421875 0.32734375 0.084375 0.04375
6 0.4921875 0.346875 0.1140625 0.0546875
7 0.89609375 0.5203125 0.046875 0.025
7 0.878125 0.5265625 0.0484375 0.0234375
1 0.92421875 0.5046875 0.05 0.0359375
1 0.81328125 0.58203125 0.0484375 0.034375
1 0.76796875 0.60859375 0.0625 0.0328125
1 0.76875 0.62578125 0.065625 0.0328125
1 0.68828125 0.6578125 0.059375 0.0375
1 0.23984375 0.1921875 0.1078125 0.06875
1 0.365625 0.165625 0.109375 0.0734375
1 0.45078125 0.065625 0.0953125 0.0859375
1 0.63203125 0.07421875 0.1078125 0.0578125