3 0.01015625 0.41796875 0.01953125 0.04140625
3 0.02109375 0.37578125 0.03125 0.04609375
3 0.040625 0.3359375 0.02578125 0.03671875
3 0.08828125 0.228125 0.01796875 0.02890625
3 0.1046875 0.22578125 0.01640625 0.0265625
3 0.09921875 0.20390625 0.01796875 0.021875
3 0.103125 0.1859375 0.0296875 0.01796875
3 0.12265625 0.1609375 0.01640625 0.02421875
3 0.1328125 0.14375 0.0171875 0.02109375
2 0.12265625 0.2546875 0.028125 0.0609375
2 0.21015625 0.10078125 0.02109375 0.0453125
6 0.15390625 0.084375 0.00390625 0.0140625
3 0.14296875 0.08125 0.01328125 0.0265625
3 0.134375 0.04375 0.01953125 0.01328125
3 0.16953125 0.04375 0.02265625 0.015625
3 0.19609375 0.0359375 0.01953125 0.01875
3 0.24375 0.04375 0.0125 0.0203125
6 0.22578125 0.2375 0.0046875 0.01796875
6 0.1453125 0.0375 0.00234375 0.01171875
6 0.1484375 0.0375 0.00390625 0.01171875
6 0.16796875 0.03359375 0.00234375 0.009375
6 0.16640625 0.0328125 0.00234375 0.0140625
6 0.16171875 0.034375 0.00234375 0.0109375
6 0.1609375 0.03203125 0.00234375 0.01171875
6 0.15546875 0.03515625 0.00390625 0.01484375
9 0.21875 0.66171875 0.07109375 0.134375
3 0.428125 0.678125 0.03359375 0.10078125
3 0.35390625 0.29609375 0.02109375 0.0515625
3 0.33046875 0.21484375 0.01875 0.0390625
3 0.3421875 0.0734375 0.01484375 0.0296875
3 0.40390625 0.1671875 0.01796875 0.0359375
10 0.4265625 0.15078125 0.01484375 0.04296875
10 0.484375 0.33125 0.0296875 0.0703125
10 0.43203125 0.059375 0.0125 0.03046875
3 0.44765625 0.11015625 0.015625 0.03671875
3 0.45859375 0.2234375 0.01953125 0.04375
3 0.3671875 0.07421875 0.01171875 0.03046875
4 0.3171875 0.109375 0.00859375 0.02109375
7 0.3171875 0.10546875 0.00546875 0.01796875
6 0.64296875 0.57109375 0.00859375 0.02578125
6 0.61953125 0.56875 0.00546875 0.025
6 0.60390625 0.503125 0.00859375 0.01796875
6 0.684375 0.42421875 0.00859375 0.021875
6 0.6140625 0.45078125 0.00546875 0.01328125
6 0.5921875 0.45625 0.0046875 0.01796875
6 0.60625 0.42578125 0.0046875 0.025
6 0.60078125 0.43203125 0.00390625 0.0265625
6 0.596875 0.4078125 0.00625 0.0234375
6 0.58671875 0.44375 0.00546875 0.01796875
6 0.58515625 0.41640625 0.0046875 0.021875
6 0.6375 0.36015625 0.00546875 0.02578125
6 0.64296875 0.35703125 0.00546875 0.021875
6 0.61796875 0.31875 0.00390625 0.02421875
6 0.621875 0.31796875 0.0046875 0.02578125
6 0.61875 0.25390625 0.00625 0.021875
6 0.61328125 0.25234375 0.00390625 0.01796875
6 0.60859375 0.2046875 0.00390625 0.021875
6 0.57265625 0.15 0.00390625 0.01640625
6 0.5703125 0.146875 0.00234375 0.01640625
6 0.5734375 0.18671875 0.00390625 0.009375
6 0.57578125 0.19140625 0.003125 0.0109375
6 0.578125 0.18671875 0.00390625 0.0109375
6 0.590625 0.16171875 0.00546875 0.01796875
6 0.58828125 0.15078125 0.00390625 0.01796875
6 0.584375 0.13828125 0.0046875 0.015625
7 0.5421875 0.09453125 0.00703125 0.01328125
7 0.553125 0.12421875 0.00546875 0.01484375
7 0.54921875 0.12734375 0.00390625 0.00625
6 0.55546875 0.0578125 0.003125 0.0140625
6 0.55 0.04765625 0.0046875 0.01171875
6 0.54609375 0.04296875 0.003125 0.01171875
6 0.5046875 0.09453125 0.00390625 0.015625
7 0.51796875 0.13046875 0.00390625 0.0109375
7 0.51328125 0.1046875 0.0046875 0.009375
7 0.49921875 0.140625 0.00625 0.00859375
7 0.5015625 0.13984375 0.00390625 0.009375
6 0.49609375 0.0625 0.009375 0.00859375
6 0.4796875 0.028125 0.00234375 0.01171875
6 0.48359375 0.0359375 0.003125 0.015625
6 0.5203125 0.01328125 0.00390625 0.01015625
6 0.53125 0.0484375 0.00390625 0.00859375
6 0.53515625 0.021875 0.00390625 0.0109375
6 0.49375 0.03828125 0.00234375 0.00546875
6 0.50390625 0.040625 0.00234375 0.00859375
6 0.48828125 0.01953125 0.00390625 0.00390625
6 0.6046875 0.26171875 0.00390625 0.01796875
7 0.49765625 0.009375 0.00546875 0.01015625
7 0.50390625 0.08515625 0.00546875 0.009375