3 0.13125 0.29296875 0.01484375 0.04140625
3 0.41953125 0.36875 0.02578125 0.03359375
3 0.43046875 0.38515625 0.025 0.03671875
3 0.34921875 0.596875 0.03515625 0.04140625
3 0.43984375 0.40546875 0.02578125 0.040625
3 0.45234375 0.42421875 0.02734375 0.040625
3 0.465625 0.44453125 0.02421875 0.0359375
3 0.48125 0.46171875 0.02265625 0.03671875
3 0.49140625 0.48203125 0.02421875 0.04140625
3 0.50390625 0.5109375 0.02734375 0.046875
10 0.44140625 0.76875 0.0375 0.07578125
3 0.42421875 0.80859375 0.03125 0.0703125
3 0.41015625 0.8390625 0.0375 0.06875
3 0.30625 0.834375 0.02734375 0.0859375
3 0.3265625 0.940625 0.0265625 0.06328125
3 0.51875 0.5359375 0.02890625 0.0484375
3 0.421875 0.30703125 0.02421875 0.03828125
3 0.33125 0.34921875 0.02421875 0.0234375
3 0.3390625 0.41328125 0.0203125 0.0203125
3 0.3421875 0.43671875 0.02421875 0.01953125
3 0.3453125 0.465625 0.0265625 0.028125
3 0.3390625 0.39296875 0.0234375 0.0234375
3 0.33515625 0.36953125 0.028125 0.02578125
9 0.41875 0.240625 0.02734375 0.04609375
4 0.16875 0.36953125 0.00625 0.02109375
7 0.16796875 0.3671875 0.00546875 0.0140625