3 0.25859375 0.115625 0.0640625 0.14375
3 0.23984375 0.25703125 0.059375 0.1234375
9 0.1390625 0.29609375 0.096875 0.1625
10 0.06328125 0.57109375 0.06875 0.0609375
10 0.07734375 0.74375 0.06875 0.065625
3 0.06953125 0.8 0.0671875 0.0578125
3 0.06484375 0.91171875 0.0671875 0.046875
3 0.0640625 0.84296875 0.0515625 0.053125
7 0.1171875 0.546875 0.015625 0.0171875
4 0.12265625 0.54140625 0.0234375 0.015625
10 0.3109375 0.64609375 0.0453125 0.10625
6 0.4859375 0.59609375 0.015625 0.0265625
6 0.63515625 0.23359375 0.01875 0.01875
6 0.65625 0.07734375 0.0203125 0.0265625
6 0.58125 0.40703125 0.0171875 0.0359375
3 0.61640625 0.325 0.059375 0.1359375
3 0.61796875 0.7359375 0.075 0.0671875
3 0.621875 0.7953125 0.0703125 0.0640625
3 0.61484375 0.9109375 0.0703125 0.059375
6 0.63046875 0.96328125 0.0203125 0.0296875
6 0.64765625 0.9375 0.021875 0.0375
6 0.4484375 0.94375 0.0171875 0.028125
7 0.5734375 0.97890625 0.0078125 0.0140625
1 0.446875 0.9359375 0.0234375 0.03125
6 0.5671875 0.9796875 0.0171875 0.03125