9 0.378125 0.6234375 0.06171875 0.12421875
3 0.46171875 0.6984375 0.03984375 0.0609375
3 0.4484375 0.51015625 0.03359375 0.0703125
3 0.4828125 0.45859375 0.0453125 0.0453125
4 0.5203125 0.6734375 0.01875 0.04921875
9 0.571875 0.409375 0.08828125 0.08046875
10 0.66328125 0.36875 0.03984375 0.04375
3 0.7015625 0.3515625 0.0421875 0.03984375
10 0.23359375 0.571875 0.05859375 0.06640625
9 0.12109375 0.62421875 0.12109375 0.10078125
9 0.2140625 0.45546875 0.08203125 0.0984375
3 0.265625 0.3984375 0.02265625 0.05859375
10 0.275 0.3015625 0.02265625 0.06171875
10 0.271875 0.18046875 0.01640625 0.03359375
3 0.2078125 0.26484375 0.0203125 0.05390625
6 0.0171875 0.3296875 0.00859375 0.028125
6 0.01328125 0.32421875 0.00703125 0.0265625
6 0.00546875 0.2328125 0.00859375 0.02109375
10 0.37734375 0.19296875 0.0390625 0.028125