8 0.95234375 0.0328125 0.025 0.0140625
7 0.95625 0.03359375 0.0140625 0.003125
4 0.9796875 0.0453125 0.009375 0.0125
3 0.3875 0.01796875 0.0421875 0.0296875
4 0.34609375 0.01640625 0.034375 0.0203125
0 0.33984375 0.04296875 0.0328125 0.0359375
0 0.4375 0.128125 0.040625 0.0359375
7 0.4390625 0.1328125 0.015625 0.00625
6 0.18828125 0.2125 0.0234375 0.0109375
7 0.20546875 0.203125 0.01875 0.0125
1 0.184375 0.2109375 0.0296875 0.0171875
4 0.19765625 0.20390625 0.040625 0.0140625
7 0.27109375 0.36796875 0.0203125 0.009375
4 0.26640625 0.3671875 0.05 0.0109375
9 0.3796875 0.44296875 0.1046875 0.028125
3 0.45546875 0.39765625 0.06875 0.021875
3 0.60703125 0.42265625 0.059375 0.01875
7 0.5828125 0.2734375 0.0125 0.00625
7 0.59140625 0.28984375 0.015625 0.00625
7 0.61796875 0.31328125 0.015625 0.00625
4 0.578125 0.2734375 0.021875 0.0078125
4 0.58671875 0.28984375 0.025 0.0109375
4 0.6125 0.31484375 0.028125 0.0109375
3 0.759375 0.3265625 0.046875 0.021875
3 0.7828125 0.39453125 0.040625 0.0140625
3 0.86484375 0.42265625 0.04375 0.0140625
3 0.92578125 0.3125 0.034375 0.0140625
9 0.94609375 0.36328125 0.0359375 0.01875
7 0.8796875 0.36796875 0.015625 0.00625
4 0.875 0.36796875 0.01875 0.0046875
7 0.99296875 0.36953125 0.00625 0.003125
4 0.9890625 0.36875 0.0140625 0.00625
9 0.9859375 0.47421875 0.025 0.0171875
7 0.9171875 0.5046875 0.0140625 0.0046875
4 0.9125 0.5046875 0.0203125 0.00625
4 0.6984375 0.690625 0.021875 0.015625
3 0.7140625 0.66796875 0.04375 0.0203125
3 0.6578125 0.68125 0.0515625 0.0296875
3 0.53828125 0.71484375 0.0640625 0.0265625
4 0.06796875 0.09140625 0.0234375 0.028125