6 0.01015625 0.33046875 0.01171875 0.009375
6 0.0421875 0.32421875 0.01484375 0.0109375
6 0.0828125 0.3078125 0.01328125 0.01171875
6 0.0875 0.36796875 0.01171875 0.0109375
6 0.09296875 0.35 0.01171875 0.0109375
6 0.13203125 0.26328125 0.01015625 0.01484375
6 0.13203125 0.26328125 0.009375 0.009375
6 0.13828125 0.2625 0.009375 0.01171875
6 0.1328125 0.33203125 0.00859375 0.00703125
6 0.13046875 0.34140625 0.00859375 0.01015625
5 0.1296875 0.3390625 0.01484375 0.01640625
6 0.16796875 0.38984375 0.0109375 0.0109375
6 0.17421875 0.43203125 0.009375 0.009375
6 0.15234375 0.54296875 0.009375 0.009375
6 0.1609375 0.57421875 0.01015625 0.01875
3 0.203125 0.68671875 0.02265625 0.08359375
3 0.29921875 0.7046875 0.021875 0.0484375
3 0.20390625 0.55859375 0.02265625 0.0890625
3 0.23515625 0.53125 0.02109375 0.09140625
3 0.26640625 0.57421875 0.02265625 0.09140625
2 0.30234375 0.53359375 0.02421875 0.140625
6 0.62890625 0.72421875 0.00546875 0.009375
6 0.634375 0.725 0.00703125 0.00703125
6 0.59765625 0.67109375 0.01015625 0.0140625
6 0.60625 0.67109375 0.009375 0.01640625
6 0.59453125 0.61875 0.00859375 0.01796875
6 0.61328125 0.61640625 0.01171875 0.01953125
6 0.60234375 0.55703125 0.00703125 0.0140625
6 0.5921875 0.55625 0.00703125 0.01328125
6 0.6109375 0.559375 0.01171875 0.01171875
6 0.615625 0.55625 0.01171875 0.01484375
6 0.62890625 0.56640625 0.01015625 0.01171875
6 0.634375 0.56484375 0.01015625 0.01484375
6 0.646875 0.55546875 0.0109375 0.0140625
6 0.61875 0.525 0.01015625 0.0109375
6 0.6125 0.50546875 0.01015625 0.01015625
6 0.63359375 0.42421875 0.01171875 0.01171875
6 0.6390625 0.44453125 0.01171875 0.01328125
6 0.671875 0.48359375 0.01171875 0.015625
6 0.6703125 0.50546875 0.01171875 0.01484375
6 0.72421875 0.2984375 0.009375 0.009375
6 0.72578125 0.2796875 0.00703125 0.009375
6 0.63828125 0.38125 0.01015625 0.00703125
6 0.6421875 0.3640625 0.01328125 0.01171875
6 0.63515625 0.321875 0.015625 0.009375
6 0.69375 0.265625 0.01484375 0.01015625
6 0.7 0.27578125 0.01328125 0.0109375
6 0.67734375 0.29921875 0.01328125 0.01171875
6 0.6203125 0.3046875 0.01015625 0.01640625
6 0.6203125 0.28359375 0.0140625 0.0109375
6 0.6234375 0.29140625 0.01171875 0.0109375
6 0.58984375 0.3140625 0.0125 0.01328125
6 0.5859375 0.34296875 0.01015625 0.01171875
6 0.58203125 0.35390625 0.009375 0.009375
6 0.546875 0.35859375 0.0078125 0.0109375
6 0.5421875 0.365625 0.0078125 0.00859375
6 0.5203125 0.26328125 0.00859375 0.009375
6 0.51640625 0.346875 0.00859375 0.01328125
6 0.49296875 0.3015625 0.00703125 0.0140625
6 0.53046875 0.30078125 0.00859375 0.009375
6 0.5328125 0.29296875 0.00703125 0.0109375
6 0.53515625 0.28125 0.00859375 0.01015625
6 0.4828125 0.35546875 0.00859375 0.01171875
6 0.4296875 0.38203125 0.00546875 0.01015625
6 0.33359375 0.36015625 0.0046875 0.01328125
6 0.33515625 0.34921875 0.00546875 0.009375
6 0.35 0.378125 0.01015625 0.0140625
6 0.43671875 0.37109375 0.00703125 0.01171875
6 0.44765625 0.3390625 0.00546875 0.01171875
6 0.459375 0.36171875 0.0078125 0.01171875