3 0.65078125 0.8234375 0.0921875 0.1484375
3 0.26171875 0.9453125 0.1359375 0.109375
3 0.35859375 0.74296875 0.078125 0.1296875
6 0.54140625 0.74765625 0.021875 0.0671875
6 0.55703125 0.753125 0.0234375 0.0765625
7 0.571875 0.753125 0.03125 0.0625
4 0.57890625 0.76875 0.0296875 0.0734375
3 0.6109375 0.70078125 0.065625 0.096875
3 0.59140625 0.621875 0.059375 0.08125
3 0.5640625 0.5546875 0.0484375 0.0734375
3 0.3796875 0.625 0.0578125 0.08125
3 0.39140625 0.5734375 0.0421875 0.065625
3 0.40546875 0.5375 0.0359375 0.059375
3 0.415625 0.5015625 0.0359375 0.0515625
3 0.425 0.4734375 0.0328125 0.040625
3 0.43671875 0.453125 0.0265625 0.034375
3 0.44765625 0.4359375 0.0265625 0.03125
3 0.434375 0.425 0.03125 0.0296875
3 0.4375 0.40546875 0.0375 0.0296875
3 0.45546875 0.39921875 0.025 0.025
3 0.56015625 0.51875 0.0390625 0.0609375
10 0.546875 0.48046875 0.0578125 0.0609375
3 0.5453125 0.44453125 0.0234375 0.0375
3 0.54375 0.4265625 0.0234375 0.03125
3 0.53125 0.41171875 0.0390625 0.0390625
3 0.58125 0.41328125 0.05 0.046875
3 0.56171875 0.396875 0.040625 0.0328125
3 0.54375 0.38359375 0.021875 0.0265625
3 0.46796875 0.3953125 0.0296875 0.028125
3 0.47578125 0.38515625 0.028125 0.0265625
3 0.51640625 0.36484375 0.01875 0.025
3 0.52421875 0.33984375 0.0171875 0.0171875
3 0.54453125 0.3140625 0.015625 0.021875
3 0.5015625 0.34609375 0.0171875 0.0171875
3 0.50703125 0.3421875 0.0140625 0.0140625
10 0.50859375 0.334375 0.021875 0.021875
3 0.5140625 0.3296875 0.01875 0.0171875
3 0.5171875 0.3265625 0.0171875 0.0140625
3 0.5203125 0.3234375 0.0140625 0.0171875
3 0.52265625 0.31796875 0.0140625 0.015625
3 0.52578125 0.315625 0.0171875 0.015625
3 0.53828125 0.37578125 0.0203125 0.021875
3 0.546875 0.36953125 0.0140625 0.0171875
3 0.540625 0.3609375 0.0140625 0.015625
3 0.54765625 0.35703125 0.0140625 0.015625
6 0.53828125 0.34765625 0.0046875 0.0125