3 0.69921875 0.16484375 0.1046875 0.053125
3 0.659375 0.23203125 0.1015625 0.0484375
3 0.61796875 0.71484375 0.0671875 0.06875
3 0.41875 0.56171875 0.0875 0.040625
3 0.33359375 0.53671875 0.0875 0.040625
3 0.3703125 0.659375 0.0453125 0.0421875
3 0.28125 0.64609375 0.05 0.05625
3 0.2453125 0.62890625 0.0453125 0.053125
6 0.20703125 0.6796875 0.0234375 0.015625
3 0.22890625 0.690625 0.071875 0.05
3 0.18671875 0.65546875 0.0515625 0.05625
0 0.15859375 0.6390625 0.0453125 0.040625
3 0.18125 0.5953125 0.053125 0.0578125
0 0.1546875 0.56875 0.0421875 0.034375
0 0.1359375 0.60078125 0.0390625 0.028125
3 0.22421875 0.73125 0.053125 0.028125
3 0.2125 0.753125 0.053125 0.03125
3 0.20234375 0.7765625 0.0609375 0.0390625
3 0.15625 0.81953125 0.046875 0.05625
4 0.109375 0.82265625 0.028125 0.0265625
3 0.75546875 0.61640625 0.1078125 0.06875