6 0.01484375 0.975 0.0296875 0.05
6 0.0078125 0.95 0.01484375 0.08125
3 0.16171875 0.7109375 0.084375 0.16484375
10 0.20625 0.57421875 0.06328125 0.13828125
1 0.09375 0.640625 0.02578125 0.0546875
10 0.21484375 0.06171875 0.025 0.0390625
3 0.15859375 0.253125 0.07734375 0.06171875
3 0.32578125 0.3671875 0.05234375 0.0734375
3 0.11875 0.3125 0.08515625 0.084375
3 0.19296875 0.19296875 0.07890625 0.05625
3 0.28671875 0.3546875 0.040625 0.0703125
3 0.40078125 0.228125 0.02734375 0.0515625
3 0.32421875 0.25625 0.03046875 0.0484375
3 0.34296875 0.20078125 0.02578125 0.04375
3 0.35390625 0.16953125 0.02734375 0.04609375
3 0.3609375 0.15234375 0.02421875 0.0359375
3 0.3734375 0.11484375 0.0203125 0.03125
3 0.378125 0.09921875 0.01875 0.03125
3 0.3828125 0.0859375 0.01875 0.02890625
3 0.38828125 0.07109375 0.0171875 0.0265625
3 0.390625 0.059375 0.015625 0.0234375
3 0.39453125 0.04765625 0.015625 0.02890625
3 0.3984375 0.0390625 0.01484375 0.025
10 0.4015625 0.02734375 0.0140625 0.0265625
3 0.4046875 0.021875 0.01328125 0.02109375
9 0.44375 0.00859375 0.0125 0.0171875
6 0.44140625 0.53359375 0.01796875 0.06875
3 0.9578125 0.8953125 0.084375 0.190625
3 0.95703125 0.6984375 0.06328125 0.11640625
3 0.89453125 0.6078125 0.0578125 0.10625
3 0.84765625 0.53359375 0.0609375 0.08359375
3 0.92421875 0.4828125 0.1 0.08046875
3 0.9078125 0.42265625 0.09765625 0.07109375
4 0.99765625 0.4046875 0.0046875 0.03984375
4 0.98671875 0.30234375 0.02578125 0.03828125
4 0.9828125 0.28125 0.02421875 0.028125
1 0.990625 0.27578125 0.01875 0.0296875
1 0.9703125 0.21953125 0.01171875 0.02890625
3 0.73046875 0.575 0.06328125 0.1
3 0.78359375 0.3765625 0.04765625 0.06796875
3 0.653125 0.34296875 0.03828125 0.05546875
3 0.73046875 0.2921875 0.03984375 0.053125
3 0.60390625 0.265625 0.03046875 0.0453125
3 0.6046875 0.221875 0.0265625 0.04375
3 0.5515625 0.18984375 0.025 0.0390625
3 0.5796875 0.15 0.02109375 0.03359375
7 0.66328125 0.23203125 0.01015625 0.03203125
4 0.6640625 0.240625 0.009375 0.03359375
3 0.7140625 0.253125 0.034375 0.04375
10 0.70234375 0.21953125 0.03203125 0.053125
3 0.67890625 0.20078125 0.03671875 0.04453125
3 0.6703125 0.184375 0.04140625 0.0359375
3 0.66875 0.16640625 0.0296875 0.034375
10 0.65234375 0.14140625 0.02265625 0.03671875
10 0.64453125 0.12734375 0.01796875 0.034375
3 0.628125 0.10703125 0.02421875 0.03359375
6 0.62578125 0.1140625 0.00703125 0.03125
6 0.61953125 0.11328125 0.00625 0.03203125
3 0.609375 0.06640625 0.01796875 0.02421875
3 0.603125 0.05390625 0.015625 0.021875
3 0.59765625 0.04453125 0.01796875 0.02109375
6 0.61875 0.03125 0.0046875 0.021875
6 0.61328125 0.03125 0.0046875 0.021875
6 0.60078125 0.0265625 0.0046875 0.02109375
3 0.53359375 0.01171875 0.01171875 0.02109375
2 0.56171875 0.021875 0.01953125 0.04375
6 0.575 0.021875 0.00234375 0.01875
6 0.5765625 0.03359375 0.003125 0.01875
7 0.5828125 0.01015625 0.003125 0.01328125
1 0.5828125 0.015625 0.00390625 0.01328125
7 0.58515625 0.021875 0.0046875 0.01796875
7 0.5859375 0.034375 0.00390625 0.01171875
4 0.5859375 0.03828125 0.0046875 0.015625
4 0.58515625 0.02578125 0.00546875 0.015625
10 0.925 0.3609375 0.0828125 0.0703125
10 0.90234375 0.34609375 0.0828125 0.07109375
3 0.89296875 0.32421875 0.06484375 0.04921875
10 0.8703125 0.303125 0.07578125 0.0640625
10 0.8484375 0.284375 0.06171875 0.059375
9 0.83046875 0.26640625 0.0640625 0.05625
9 0.80390625 0.23359375 0.06328125 0.0515625
3 0.928125 0.23671875 0.06328125 0.0484375
3 0.9125 0.21875 0.06171875 0.05
10 0.8859375 0.18828125 0.0671875 0.0546875
9 0.846875 0.15078125 0.05078125 0.04140625
10 0.840625 0.1390625 0.04296875 0.03671875
7 0.78359375 0.0859375 0.00859375 0.02421875
1 0.78125 0.08984375 0.01484375 0.01875
3 0.66484375 0.01015625 0.02421875 0.01640625
3 0.66640625 0.01328125 0.02421875 0.015625
3 0.6671875 0.01640625 0.02578125 0.015625
3 0.66640625 0.01875 0.02421875 0.01640625
3 0.73046875 0.065625 0.01640625 0.02421875
3 0.74453125 0.04296875 0.03125 0.0265625
3 0.78359375 0.209375 0.06171875 0.03828125
3 0.76953125 0.19375 0.05234375 0.0359375
3 0.76328125 0.18359375 0.053125 0.034375
10 0.75703125 0.16875 0.0546875 0.04375
3 0.74140625 0.15625 0.05 0.03125
10 0.72734375 0.140625 0.03671875 0.0390625
10 0.7296875 0.128125 0.05390625 0.04296875
3 0.715625 0.12421875 0.03984375 0.03359375
10 0.70546875 0.115625 0.03828125 0.03671875
3 0.70234375 0.10703125 0.03515625 0.0265625
10 0.703125 0.10078125 0.0359375 0.03203125