6 0.97421875 0.1109375 0.015625 0.03125
4 0.94921875 0.103125 0.0109375 0.028125
3 0.97890625 0.15546875 0.0203125 0.0421875
3 0.94453125 0.125 0.034375 0.0390625
3 0.94765625 0.15 0.0453125 0.0390625
3 0.92109375 0.09296875 0.0421875 0.0359375
10 0.87734375 0.05234375 0.0265625 0.0359375
1 0.89375 0.05546875 0.0078125 0.028125
6 0.89296875 0.0359375 0.0078125 0.0296875
3 0.93515625 0.18828125 0.0515625 0.0421875
3 0.90078125 0.146875 0.0484375 0.0359375
3 0.88828125 0.1390625 0.046875 0.03125
3 0.87890625 0.12265625 0.0453125 0.0265625
3 0.8671875 0.1109375 0.0421875 0.0265625
3 0.86484375 0.09609375 0.0375 0.021875
3 0.7859375 0.2640625 0.0515625 0.05
6 0.78671875 0.22890625 0.0109375 0.028125
4 0.87734375 0.88671875 0.028125 0.1015625
4 0.85703125 0.88671875 0.025 0.1015625
4 0.81875 0.86171875 0.0265625 0.09375
4 0.7640625 0.85703125 0.021875 0.09375
4 0.73046875 0.8359375 0.0265625 0.103125
1 0.7171875 0.8921875 0.025 0.09375
4 0.75390625 0.92421875 0.025 0.0765625
10 0.70703125 0.2578125 0.0578125 0.0578125
10 0.65078125 0.240625 0.0515625 0.05625
1 0.62578125 0.11640625 0.00625 0.01875
7 0.62421875 0.10859375 0.00625 0.0203125
6 0.6203125 0.14375 0.0078125 0.03125
6 0.6265625 0.14296875 0.0078125 0.03125
1 0.60703125 0.16640625 0.0078125 0.025
7 0.60703125 0.153125 0.0078125 0.025
6 0.61640625 0.24296875 0.0109375 0.034375
6 0.5875 0.30625 0.0109375 0.0375
9 0.67421875 0.3921875 0.1015625 0.11875
9 0.55859375 0.01484375 0.0203125 0.0296875
3 0.55859375 0.084375 0.0203125 0.03125
9 0.4703125 0.10859375 0.0328125 0.0515625
3 0.5109375 0.2078125 0.0296875 0.0515625
3 0.49375 0.40078125 0.0796875 0.096875
6 0.55859375 0.64765625 0.01875 0.065625
3 0.3890625 0.609375 0.08125 0.1625
3 0.3390625 0.534375 0.0796875 0.13125
10 0.4015625 0.0578125 0.028125 0.03125