3 0.140625 0.84765625 0.2015625 0.1765625
4 0.26953125 0.715625 0.0421875 0.0765625
4 0.24140625 0.6796875 0.0375 0.06875
4 0.26171875 0.646875 0.0515625 0.0609375
4 0.2828125 0.59140625 0.0453125 0.0546875
4 0.3140625 0.5765625 0.040625 0.0453125
8 0.31640625 0.68671875 0.0484375 0.0890625
8 0.3640625 0.6828125 0.0546875 0.0875
3 0.61640625 0.58515625 0.053125 0.0734375
0 0.46640625 0.615625 0.0609375 0.1046875
7 0.5171875 0.6515625 0.025 0.040625
5 0.5171875 0.6859375 0.0765625 0.1296875
7 0.5640625 0.69921875 0.025 0.040625
7 0.53828125 0.46796875 0.0171875 0.0359375
5 0.54375 0.48984375 0.059375 0.0953125
4 0.6953125 0.52734375 0.0234375 0.046875
3 0.42890625 0.44921875 0.0484375 0.0671875
7 0.65 0.41640625 0.0125 0.0140625
6 0.61953125 0.38671875 0.0171875 0.0359375
7 0.640625 0.3828125 0.0125 0.021875
7 0.63671875 0.3796875 0.015625 0.025
4 0.6 0.3703125 0.015625 0.025
0 0.61484375 0.36796875 0.028125 0.040625
7 0.34453125 0.3625 0.01875 0.0265625
7 0.36015625 0.37578125 0.0125 0.021875
4 0.3734375 0.38515625 0.01875 0.0328125
4 0.375 0.37109375 0.0140625 0.0234375
4 0.409375 0.384375 0.0296875 0.0359375
4 0.42578125 0.38359375 0.015625 0.0296875
8 0.4375 0.38515625 0.0234375 0.0375
0 0.45078125 0.384375 0.028125 0.05
0 0.4390625 0.36875 0.04375 0.0390625
4 0.41328125 0.28125 0.0140625 0.0234375
8 0.42421875 0.278125 0.015625 0.025
7 0.4765625 0.2734375 0.0109375 0.0203125
4 0.47578125 0.27734375 0.009375 0.0171875
7 0.5296875 0.31640625 0.0109375 0.0203125
8 0.52578125 0.3203125 0.0171875 0.021875
0 0.54140625 0.315625 0.01875 0.0296875
4 0.55234375 0.30703125 0.0109375 0.0203125
4 0.5609375 0.315625 0.0140625 0.0203125
8 0.56640625 0.3125 0.01875 0.028125
6 0.578125 0.328125 0.0140625 0.028125
6 0.5828125 0.3265625 0.0171875 0.0328125
3 0.5734375 0.271875 0.0328125 0.028125
4 0.5609375 0.26796875 0.0109375 0.0140625
4 0.5546875 0.2640625 0.015625 0.01875
10 0.51953125 0.23671875 0.0203125 0.025
3 0.53203125 0.23515625 0.0203125 0.0234375
0 0.50546875 0.23359375 0.0140625 0.0234375
7 0.49453125 0.2296875 0.00625 0.0109375
4 0.49375 0.2328125 0.009375 0.0171875
6 0.565625 0.23125 0.00625 0.0125
7 0.55859375 0.23671875 0.00625 0.0125
9 0.51875 0.2234375 0.04375 0.0375
0 0.48984375 0.21796875 0.0125 0.021875
3 0.50546875 0.20859375 0.0171875 0.021875
7 0.484375 0.20703125 0.0046875 0.009375
7 0.48515625 0.20546875 0.00625 0.0125
4 0.484375 0.20703125 0.0078125 0.0140625
3 0.42421875 0.1828125 0.0203125 0.021875
9 0.4421875 0.171875 0.0359375 0.0328125
7 0.4796875 0.16953125 0.0046875 0.00625
4 0.478125 0.17109375 0.0046875 0.009375
3 0.48359375 0.16328125 0.0109375 0.0140625
7 0.4578125 0.1578125 0.0046875 0.00625
4 0.45625 0.159375 0.0046875 0.00625
3 0.44921875 0.15625 0.009375 0.0125
9 0.44921875 0.14921875 0.0125 0.015625
3 0.440625 0.153125 0.009375 0.0125
0 0.45703125 0.134375 0.0046875 0.009375
7 0.453125 0.13828125 0.003125 0.0046875
4 0.45234375 0.13984375 0.0046875 0.0046875
0 0.48359375 0.15078125 0.00625 0.0109375
7 0.4859375 0.15234375 0.0046875 0.0046875
10 0.434375 0.12421875 0.0078125 0.0109375
8 0.44453125 0.11875 0.0046875 0.00625