3 0.38984375 0.37109375 0.1484375 0.10625
3 0.71953125 0.55390625 0.0546875 0.0484375
3 0.65703125 0.609375 0.0734375 0.0546875
3 0.84453125 0.70859375 0.028125 0.021875
3 0.82734375 0.65546875 0.03125 0.0265625
3 0.86328125 0.78984375 0.028125 0.01875
3 0.88671875 0.83125 0.021875 0.0171875
3 0.91796875 0.77734375 0.0203125 0.015625
3 0.8734375 0.7171875 0.028125 0.0234375
10 0.69375 0.72578125 0.0640625 0.040625
10 0.28515625 0.60859375 0.140625 0.103125
3 0.553125 0.73515625 0.0671875 0.0765625
3 0.69140625 0.7953125 0.0546875 0.034375
3 0.734375 0.94921875 0.0359375 0.046875
3 0.69375 0.94453125 0.04375 0.0546875
3 0.80625 0.95546875 0.034375 0.0375
3 0.8359375 0.95625 0.0296875 0.0328125
3 0.8609375 0.95703125 0.0265625 0.034375
3 0.734375 0.378125 0.05625 0.0515625
3 0.75859375 0.45625 0.0484375 0.0453125
3 0.76328125 0.41953125 0.05 0.046875
3 0.7921875 0.3859375 0.05625 0.0515625
3 0.4765625 0.71328125 0.078125 0.0859375
3 0.571875 0.76796875 0.0625 0.0671875
3 0.61796875 0.775 0.0640625 0.040625
3 0.65625 0.85859375 0.0515625 0.034375
3 0.66171875 0.81796875 0.059375 0.0359375
3 0.61484375 0.84921875 0.059375 0.0359375
3 0.69921875 0.83203125 0.0421875 0.03125
3 0.73125 0.84453125 0.046875 0.03125
3 0.68671875 0.86484375 0.0484375 0.0328125
3 0.74375 0.88359375 0.0328125 0.0234375
10 0.7203125 0.88046875 0.0390625 0.025
3 0.61796875 0.93046875 0.05625 0.0609375
3 0.63984375 0.9484375 0.05 0.059375
3 0.66015625 0.9484375 0.0453125 0.0546875
3 0.7046875 0.95 0.0421875 0.053125
3 0.746875 0.95234375 0.0390625 0.046875
3 0.75625 0.9546875 0.0390625 0.046875
3 0.765625 0.9515625 0.0390625 0.046875
3 0.78515625 0.9546875 0.03125 0.0390625
3 0.809375 0.95625 0.03125 0.0359375
3 0.8625 0.95625 0.0328125 0.0375
3 0.78359375 0.4953125 0.0515625 0.0453125
3 0.79453125 0.4625 0.0515625 0.046875
3 0.80078125 0.36640625 0.05625 0.04375
3 0.81328125 0.4125 0.0375 0.0421875
10 0.8265625 0.428125 0.0453125 0.0546875
3 0.8328125 0.4515625 0.0359375 0.040625
3 0.853125 0.496875 0.0421875 0.0390625
6 0.81171875 0.6765625 0.0234375 0.0125
6 0.51171875 0.6359375 0.0421875 0.021875
6 0.53125 0.65625 0.0421875 0.0203125
6 0.34140625 0.72265625 0.0515625 0.0265625
6 0.46953125 0.8625 0.05 0.028125
6 0.4421875 0.8984375 0.046875 0.0265625
6 0.434375 0.95 0.04375 0.0296875
6 0.275 0.878125 0.053125 0.03125
6 0.25390625 0.884375 0.053125 0.03125
6 0.2296875 0.89296875 0.04375 0.0296875
6 0.228125 0.90546875 0.05 0.03125
6 0.19296875 0.9125 0.0578125 0.0390625
6 0.2203125 0.9203125 0.0515625 0.0328125
6 0.46953125 0.92421875 0.0375 0.021875
6 0.490625 0.9109375 0.0453125 0.0234375
6 0.45859375 0.909375 0.04375 0.0265625
6 0.44765625 0.9734375 0.0421875 0.0234375
6 0.43125 0.9765625 0.04375 0.0265625
1 0.42109375 0.9703125 0.0484375 0.0359375
6 0.42421875 0.81953125 0.0453125 0.0234375
6 0.61796875 0.81796875 0.0359375 0.01875
6 0.61171875 0.8109375 0.0359375 0.01875
6 0.65859375 0.90390625 0.0328125 0.0171875
1 0.64921875 0.90078125 0.03125 0.0203125
1 0.496875 0.58671875 0.0296875 0.0328125
6 0.5078125 0.5890625 0.0421875 0.0234375
7 0.2671875 0.73671875 0.0515625 0.03125
7 0.5234375 0.83671875 0.028125 0.01875
6 0.54375 0.90703125 0.0390625 0.021875
7 0.7484375 0.540625 0.0265625 0.015625
4 0.7421875 0.53828125 0.0296875 0.01875
8 0.628125 0.73828125 0.04375 0.0296875
0 0.390625 0.7921875 0.103125 0.0546875
8 0.53125 0.8140625 0.0359375 0.040625