7 0.80546875 0.3828125 0.0140625 0.028125
4 0.78671875 0.45859375 0.01875 0.01875
4 0.7484375 0.44296875 0.0171875 0.0171875
8 0.83515625 0.475 0.0265625 0.040625
6 0.82890625 0.496875 0.0140625 0.0265625
7 0.85625 0.434375 0.0109375 0.0140625
7 0.88203125 0.4265625 0.0078125 0.0140625
7 0.92734375 0.41328125 0.009375 0.0140625
8 0.95546875 0.38046875 0.025 0.0375
6 0.69609375 0.75859375 0.015625 0.0375
0 0.60234375 0.71875 0.03125 0.0734375
0 0.5921875 0.771875 0.0609375 0.109375
4 0.5875 0.66328125 0.01875 0.0359375
3 0.5125 0.56484375 0.028125 0.0546875
7 0.54140625 0.55703125 0.0109375 0.0234375
8 0.5421875 0.5625 0.0140625 0.0328125
4 0.6625 0.45 0.0234375 0.028125
1 0.690625 0.4484375 0.0203125 0.0234375
4 0.6265625 0.4515625 0.0234375 0.028125
3 0.465625 0.325 0.0265625 0.046875
0 0.48046875 0.2984375 0.015625 0.03125
0 0.46875 0.18828125 0.0125 0.0234375
2 0.446875 0.17734375 0.021875 0.0421875
4 0.4703125 0.14140625 0.009375 0.0140625
3 0.4546875 0.1265625 0.0125 0.0234375
3 0.43515625 0.13203125 0.0140625 0.0234375
10 0.4296875 0.10234375 0.0125 0.021875
3 0.4203125 0.10234375 0.0125 0.021875
3 0.46328125 0.0921875 0.01875 0.0171875
7 0.4859375 0.10859375 0.0046875 0.009375
7 0.4453125 0.128125 0.0046875 0.009375
8 0.44609375 0.13203125 0.0078125 0.0109375
7 0.43984375 0.0859375 0.0046875 0.009375
7 0.4359375 0.08515625 0.0046875 0.00625
4 0.43984375 0.08828125 0.0046875 0.00625
4 0.4359375 0.0890625 0.0046875 0.00625
4 0.44296875 0.071875 0.0046875 0.009375
4 0.621875 0.1640625 0.0078125 0.015625
3 0.6234375 0.19375 0.015625 0.028125
1 0.5359375 0.21953125 0.0109375 0.0140625
6 0.56484375 0.228125 0.0109375 0.025
7 0.5703125 0.23046875 0.009375 0.0171875
4 0.45078125 0.06953125 0.0046875 0.00625
1 0.44453125 0.059375 0.0046875 0.00625
6 0.44609375 0.05625 0.0046875 0.009375
0 0.4375 0.0578125 0.00625 0.0109375
4 0.43125 0.059375 0.0046875 0.009375
7 0.43203125 0.05625 0.0046875 0.00625
3 0.409375 0.09765625 0.0109375 0.0171875
10 0.41171875 0.11640625 0.0125 0.0234375
0 0.40703125 0.0796875 0.0078125 0.0140625
3 0.40703125 0.07265625 0.009375 0.015625
9 0.41953125 0.19765625 0.0171875 0.03125
3 0.43359375 0.36796875 0.021875 0.034375
7 0.453125 0.39140625 0.009375 0.0171875
4 0.45390625 0.3953125 0.009375 0.0203125
0 0.43671875 0.4421875 0.01875 0.0328125
4 0.4390625 0.509375 0.0171875 0.0265625
10 0.4578125 0.63046875 0.0359375 0.06875
7 0.50234375 0.7484375 0.0171875 0.0265625
7 0.50546875 0.75859375 0.0140625 0.025
10 0.47109375 0.7875 0.040625 0.078125
7 0.5328125 0.91640625 0.0140625 0.0296875
7 0.51796875 0.93359375 0.0171875 0.0359375
4 0.5171875 0.93671875 0.0203125 0.0515625
4 0.534375 0.92109375 0.01875 0.0453125
10 0.26796875 0.65625 0.05 0.0796875
10 0.2984375 0.575 0.05 0.05
3 0.3046875 0.5375 0.0375 0.0515625
4 0.19609375 0.56484375 0.009375 0.021875
4 0.20234375 0.5578125 0.0109375 0.025
4 0.19765625 0.54765625 0.0125 0.0203125
9 0.353125 0.47265625 0.046875 0.0859375
0 0.43203125 0.0234375 0.00625 0.009375
6 0.54375 0.01015625 0.0046875 0.0125