3 0.4765625 0.7265625 0.0234375 0.05703125
3 0.4375 0.8984375 0.0265625 0.0953125
3 0.34765625 0.809375 0.01953125 0.07421875
3 0.36875 0.64609375 0.01640625 0.04375
3 0.384375 0.49921875 0.01171875 0.028125
3 0.41171875 0.534375 0.0125 0.028125
3 0.3765625 0.55859375 0.0125 0.03046875
3 0.4671875 0.56328125 0.01484375 0.03125
3 0.46640625 0.47109375 0.0125 0.01875
3 0.45078125 0.3984375 0.00703125 0.01484375
3 0.41484375 0.41796875 0.00859375 0.01640625
3 0.41328125 0.453125 0.00859375 0.01953125
3 0.4015625 0.45078125 0.01015625 0.01640625
10 0.39921875 0.49765625 0.01171875 0.02890625
3 0.46640625 0.36875 0.00703125 0.0109375
3 0.496875 0.2890625 0.00625 0.0046875
10 0.4109375 0.696875 0.01640625 0.0546875