3 0.3546875 0.8859375 0.06484375 0.171875
3 0.28046875 0.90625 0.06953125 0.13125
3 0.53515625 0.86640625 0.13515625 0.11640625
10 0.55625 0.95390625 0.13515625 0.03671875
10 0.515625 0.75234375 0.11171875 0.10625
3 0.128125 0.77421875 0.08203125 0.2453125
3 0.284375 0.69609375 0.053125 0.209375
3 0.0375 0.69375 0.075 0.20625
3 0.51328125 0.64765625 0.11640625 0.08984375
6 0.38203125 0.490625 0.01328125 0.05078125
6 0.4125 0.421875 0.00859375 0.0484375
6 0.38046875 0.3984375 0.01015625 0.06328125
6 0.3953125 0.39453125 0.01171875 0.053125
6 0.4921875 0.371875 0.0140625 0.04375
7 0.475 0.38046875 0.01171875 0.04375
10 0.45625 0.33046875 0.07734375 0.084375
3 0.4421875 0.28828125 0.08203125 0.06328125
6 0.36953125 0.1734375 0.00859375 0.0390625
6 0.36796875 0.07890625 0.00859375 0.03828125
3 0.41015625 0.071875 0.05390625 0.053125
3 0.4046875 0.034375 0.05 0.0484375
3 0.40234375 0.01875 0.0484375 0.0375
3 0.3125 0.05234375 0.02421875 0.05859375
3 0.31015625 0.10390625 0.02578125 0.06171875
3 0.34140625 0.22421875 0.02578125 0.103125
3 0.3078125 0.18359375 0.0296875 0.0765625
3 0.303125 0.2734375 0.0328125 0.0953125
3 0.24140625 0.09453125 0.025 0.06484375
3 0.20546875 0.028125 0.02578125 0.04921875
3 0.19453125 0.07109375 0.0296875 0.0640625
3 0.16484375 0.18984375 0.0390625 0.078125
3 0.1421875 0.265625 0.04609375 0.11015625
6 0.15390625 0.21953125 0.01171875 0.03671875
6 0.16953125 0.25390625 0.01171875 0.04453125
10 0.20625 0.3828125 0.04609375 0.134375
10 0.12109375 0.36640625 0.05546875 0.11171875
3 0.08125 0.50234375 0.06953125 0.1453125