3 0.95 0.41640625 0.0734375 0.025
3 0.84296875 0.428125 0.065625 0.0234375
3 0.73203125 0.38984375 0.065625 0.0234375
3 0.91328125 0.365625 0.0703125 0.0265625
3 0.89375 0.3 0.0359375 0.0375
3 0.85078125 0.2984375 0.0296875 0.0375
3 0.76875 0.29296875 0.0328125 0.0375
3 0.73828125 0.27890625 0.0328125 0.040625
3 0.70390625 0.27265625 0.0296875 0.0375
10 0.63828125 0.26796875 0.0359375 0.0390625
4 0.625 0.4140625 0.0203125 0.009375
7 0.62109375 0.41328125 0.0140625 0.0046875
3 0.50703125 0.36640625 0.0546875 0.021875
8 0.465625 0.40078125 0.0296875 0.0125
7 0.45625 0.3984375 0.0125 0.00625
10 0.37421875 0.371875 0.0515625 0.01875
9 0.29140625 0.36171875 0.053125 0.01875
3 0.26953125 0.384375 0.0453125 0.0203125
4 0.2375 0.36640625 0.021875 0.009375
7 0.15859375 0.325 0.0125 0.0046875
4 0.16484375 0.3265625 0.01875 0.00625
4 0.1234375 0.31484375 0.025 0.009375
8 0.02265625 0.359375 0.01875 0.0078125
10 0.4625 0.284375 0.053125 0.0203125
3 0.41015625 0.28046875 0.0515625 0.021875
10 0.87734375 0.5296875 0.0453125 0.0453125
6 0.734375 0.584375 0.0140625 0.0078125
8 0.6875 0.56953125 0.0453125 0.0234375
3 0.67265625 0.50234375 0.028125 0.03125
9 0.50078125 0.46953125 0.0359375 0.04375
10 0.4640625 0.46640625 0.028125 0.03125
3 0.43671875 0.525 0.028125 0.025
3 0.44140625 0.46484375 0.0265625 0.034375
3 0.415625 0.4609375 0.028125 0.034375
3 0.390625 0.45859375 0.0296875 0.034375
3 0.36015625 0.45390625 0.028125 0.034375
3 0.33515625 0.45078125 0.028125 0.034375
3 0.309375 0.4484375 0.028125 0.03125
3 0.2421875 0.49609375 0.028125 0.03125
3 0.259375 0.43828125 0.03125 0.03125
3 0.2765625 0.4125 0.0328125 0.03125
10 0.23046875 0.43359375 0.03125 0.03125
8 0.2171875 0.453125 0.0203125 0.0109375
6 0.20390625 0.4484375 0.0125 0.0046875
4 0.209375 0.46484375 0.0140625 0.00625
6 0.2015625 0.4640625 0.0125 0.0046875
4 0.09375 0.471875 0.015625 0.0125
8 0.06484375 0.46640625 0.0265625 0.0125
4 0.05 0.4671875 0.0140625 0.0109375
6 0.04453125 0.46875 0.0140625 0.0046875
3 0.07265625 0.4203125 0.0296875 0.03125
3 0.05234375 0.4171875 0.0234375 0.028125
3 0.0328125 0.4140625 0.025 0.028125
3 0.015625 0.41328125 0.0203125 0.025