9 0.60234375 0.121875 0.1484375 0.0875
10 0.59609375 0.175 0.1 0.0640625
10 0.30234375 0.121875 0.1203125 0.0765625
10 0.31015625 0.33984375 0.134375 0.0734375
9 0.6203125 0.4171875 0.1921875 0.1
10 0.5046875 0.58828125 0.0671875 0.0765625
10 0.77265625 0.45078125 0.1203125 0.0671875
3 0.86171875 0.58828125 0.084375 0.0890625
3 0.575 0.74140625 0.13125 0.0765625
3 0.57265625 0.69609375 0.125 0.071875
3 0.42109375 0.221875 0.13125 0.075
3 0.44375 0.15 0.125 0.0734375
3 0.1203125 0.17734375 0.084375 0.053125
0 0.10546875 0.2328125 0.0484375 0.040625
6 0.09140625 0.22578125 0.028125 0.0171875
4 0.51015625 0.3671875 0.03125 0.0265625
6 0.86953125 0.1671875 0.025 0.0265625
6 0.83984375 0.3078125 0.0234375 0.0203125
4 0.9890625 0.14609375 0.021875 0.0296875
4 0.98515625 0.1625 0.0296875 0.034375
7 0.9953125 0.1421875 0.009375 0.015625
7 0.9921875 0.1625 0.015625 0.028125
7 0.9078125 0.4703125 0.028125 0.0203125
4 0.9078125 0.47109375 0.046875 0.03125
6 0.91328125 0.5 0.0328125 0.01875
6 0.9140625 0.51015625 0.0328125 0.021875
6 0.7671875 0.5078125 0.01875 0.0171875
6 0.91640625 0.54296875 0.0328125 0.01875
6 0.9015625 0.553125 0.0296875 0.0171875
6 0.7 0.49765625 0.0234375 0.015625
6 0.634375 0.484375 0.0203125 0.0140625
6 0.653125 0.478125 0.0203125 0.0125
6 0.703125 0.4796875 0.015625 0.0125
6 0.6421875 0.45703125 0.015625 0.0125
6 0.640625 0.446875 0.0140625 0.0109375
7 0.5984375 0.51015625 0.0140625 0.0125
6 0.85 0.64765625 0.028125 0.021875
0 0.346875 0.3796875 0.0765625 0.040625
6 0.33984375 0.36796875 0.025 0.0140625
6 0.17421875 0.37109375 0.0359375 0.0203125
6 0.23046875 0.39765625 0.034375 0.0234375
6 0.334375 0.3921875 0.025 0.015625
6 0.36484375 0.41015625 0.0203125 0.0140625
6 0.22578125 0.3203125 0.015625 0.0109375
6 0.12578125 0.30234375 0.0296875 0.0171875
6 0.10390625 0.3375 0.0296875 0.0171875
6 0.059375 0.3140625 0.0203125 0.0125
10 0.13984375 0.29140625 0.0921875 0.0484375
4 0.2296875 0.371875 0.0375 0.0234375
7 0.21953125 0.36953125 0.025 0.01875
6 0.3234375 0.45625 0.0234375 0.015625
1 0.159375 0.41015625 0.0203125 0.0203125
1 0.0484375 0.36640625 0.0578125 0.053125
6 0.078125 0.33203125 0.0234375 0.0140625
6 0.05625 0.3046875 0.0375 0.0203125
6 0.06171875 0.28359375 0.0296875 0.015625
6 0.09375 0.290625 0.0203125 0.0125
6 0.08828125 0.28828125 0.028125 0.0140625
7 0.0703125 0.2734375 0.0265625 0.0171875
6 0.3484375 0.55 0.0234375 0.0203125
6 0.4734375 0.68828125 0.01875 0.01875