6 0.06328125 0.13359375 0.00703125 0.01875
2 0.07734375 0.28671875 0.10703125 0.16171875
2 0.171875 0.15234375 0.059375 0.09140625
2 0.2375 0.05703125 0.0484375 0.078125
6 0.1046875 0.19765625 0.00703125 0.0234375
6 0.11015625 0.2015625 0.009375 0.02109375
6 0.16875 0.35078125 0.00859375 0.02578125
6 0.2109375 0.290625 0.00703125 0.0265625
6 0.2625 0.20546875 0.00390625 0.0234375
6 0.2875 0.1765625 0.00546875 0.0296875
6 0.1234375 0.70703125 0.0078125 0.01875
6 0.15625 0.615625 0.01015625 0.021875
6 0.2234375 0.5515625 0.00546875 0.02421875
4 0.209375 0.3890625 0.01171875 0.028125
6 0.23359375 0.52421875 0.00859375 0.0203125
6 0.246875 0.53359375 0.00546875 0.01875
6 0.32265625 0.60625 0.00703125 0.01640625
6 0.29375 0.54375 0.00859375 0.0203125
6 0.296875 0.53828125 0.0078125 0.01875
10 0.5015625 0.68984375 0.0484375 0.078125
2 0.578125 0.57109375 0.11796875 0.18203125
2 0.659375 0.42109375 0.0671875 0.13828125
3 0.72265625 0.35390625 0.01328125 0.05546875
10 0.6875 0.36171875 0.02421875 0.046875
6 0.67734375 0.33125 0.009375 0.01875
6 0.671875 0.26328125 0.00703125 0.01796875
6 0.67578125 0.26640625 0.00703125 0.01640625
6 0.61328125 0.3265625 0.00625 0.01875
6 0.63828125 0.30234375 0.00703125 0.01796875
6 0.64140625 0.309375 0.00625 0.015625
6 0.64609375 0.2984375 0.00703125 0.01484375
6 0.64765625 0.30234375 0.00625 0.01796875
7 0.3734375 0.4140625 0.01015625 0.01796875
4 0.35546875 0.49296875 0.01328125 0.03203125
4 0.340625 0.46484375 0.0109375 0.028125
4 0.2921875 0.4890625 0.01171875 0.02421875
4 0.309375 0.46953125 0.0140625 0.03046875
6 0.27578125 0.42734375 0.00546875 0.01796875
6 0.028125 0.64296875 0.01640625 0.025
6 0.04375 0.58828125 0.01328125 0.021875
6 0.12109375 0.48046875 0.0078125 0.02421875
6 0.23125 0.0265625 0.00703125 0.01953125
6 0.24765625 0.0078125 0.00390625 0.015625
6 0.24375 0.00703125 0.00390625 0.0140625
4 0.27734375 0.49765625 0.01640625 0.034375
4 0.284375 0.49140625 0.01171875 0.03671875
5 0.4375 0.565625 0.06640625 0.10078125