6 0.2140625 0.52421875 0.0265625 0.0578125
6 0.24609375 0.6078125 0.0140625 0.0390625
6 0.23359375 0.61171875 0.015625 0.0390625
6 0.20390625 0.63125 0.0140625 0.0359375
6 0.14453125 0.61015625 0.0140625 0.0375
6 0.18125 0.62578125 0.0109375 0.0375
6 0.18515625 0.62734375 0.0140625 0.0359375
6 0.19609375 0.58984375 0.0140625 0.0390625
6 0.19921875 0.58984375 0.0125 0.028125
6 0.27578125 0.58359375 0.0171875 0.0421875
6 0.26796875 0.59453125 0.0171875 0.040625
6 0.23515625 0.74921875 0.009375 0.021875
10 0.26484375 0.67109375 0.034375 0.0515625
3 0.35859375 0.6296875 0.03125 0.046875
3 0.36484375 0.6734375 0.0265625 0.04375
3 0.37734375 0.7015625 0.0234375 0.0328125
3 0.384375 0.72421875 0.01875 0.028125
3 0.39296875 0.7453125 0.01875 0.0265625
3 0.396875 0.75546875 0.015625 0.028125
2 0.4015625 0.78046875 0.025 0.0484375
2 0.39765625 0.8203125 0.0078125 0.009375
7 0.39609375 0.82734375 0.003125 0.003125
4 0.3953125 0.825 0.0046875 0.00625
6 0.47578125 0.54921875 0.01875 0.0453125
7 0.46171875 0.5328125 0.01875 0.0375
7 0.56640625 0.55 0.0171875 0.0390625
6 0.6 0.5375 0.015625 0.0484375
6 0.5203125 0.55703125 0.015625 0.0484375
6 0.5375 0.571875 0.0140625 0.0390625
6 0.54375 0.5734375 0.009375 0.028125
6 0.54296875 0.58125 0.015625 0.0421875
6 0.52734375 0.56015625 0.0140625 0.046875
6 0.51875 0.571875 0.0140625 0.0390625
6 0.5234375 0.56640625 0.015625 0.0421875
6 0.5015625 0.60625 0.0140625 0.0390625
6 0.5 0.5765625 0.015625 0.0421875
6 0.50703125 0.5890625 0.0171875 0.040625
6 0.50703125 0.59453125 0.0109375 0.0375
6 0.490625 0.56953125 0.0171875 0.0421875
6 0.48203125 0.55390625 0.0140625 0.040625
6 0.48125 0.56015625 0.01875 0.0484375
8 0.4515625 0.5234375 0.0515625 0.046875
1 0.56171875 0.54140625 0.028125 0.03125
6 0.5734375 0.61875 0.0140625 0.0359375
3 0.64765625 0.434375 0.115625 0.0875
7 0.665625 0.49921875 0.0234375 0.05625
7 0.7125 0.47890625 0.0203125 0.0515625
1 0.709375 0.4734375 0.034375 0.034375
1 0.6625 0.49375 0.0359375 0.0359375
6 0.7234375 0.55546875 0.015625 0.0421875
3 0.71953125 0.5859375 0.053125 0.05625
3 0.70703125 0.59453125 0.0578125 0.046875
3 0.69375 0.6125 0.06875 0.053125
10 0.68515625 0.6296875 0.059375 0.053125
3 0.66953125 0.6375 0.05 0.0375
3 0.6625 0.6484375 0.0484375 0.0375
3 0.653125 0.66171875 0.05 0.0375
3 0.640625 0.67265625 0.04375 0.0296875
3 0.63671875 0.68203125 0.040625 0.0296875
8 0.6640625 0.6046875 0.0296875 0.034375
7 0.6765625 0.60078125 0.0125 0.0234375
6 0.56796875 0.715625 0.009375 0.0265625
6 0.54921875 0.73359375 0.0078125 0.0234375
7 0.54453125 0.7265625 0.0078125 0.015625
2 0.5078125 0.7359375 0.0359375 0.059375
3 0.575 0.66640625 0.0328125 0.0375
6 0.48203125 0.73515625 0.009375 0.01875
1 0.48125 0.73046875 0.0078125 0.015625
7 0.51015625 0.79453125 0.0046875 0.009375
4 0.509375 0.7921875 0.0046875 0.00625
4 0.49609375 0.81015625 0.0046875 0.00625
7 0.496875 0.8125 0.0046875 0.00625
6 0.453125 0.79375 0.00625 0.0125
6 0.425 0.80625 0.0046875 0.0109375
3 0.43828125 0.83828125 0.0078125 0.009375
3 0.4390625 0.840625 0.0046875 0.009375
3 0.43984375 0.84296875 0.0078125 0.009375
3 0.44453125 0.8359375 0.0078125 0.0078125
2 0.46875 0.84296875 0.0078125 0.015625
3 0.4421875 0.8625 0.003125 0.0046875
3 0.440625 0.85234375 0.003125 0.0046875
3 0.43515625 0.8515625 0.003125 0.0046875
3 0.4375 0.85390625 0.0046875 0.00625
3 0.4515625 0.82890625 0.0078125 0.009375
3 0.46015625 0.828125 0.0046875 0.00625
3 0.45390625 0.80625 0.0109375 0.0140625
3 0.43828125 0.8578125 0.003125 0.003125
3 0.4296875 0.8515625 0.003125 0.0046875
3 0.43125 0.8546875 0.003125 0.0046875
3 0.434375 0.85625 0.0046875 0.00625
3 0.434375 0.859375 0.0046875 0.00625
2 0.4234375 0.8546875 0.009375 0.0140625
2 0.43046875 0.859375 0.0078125 0.009375
3 0.41796875 0.8515625 0.0046875 0.00625
3 0.4078125 0.846875 0.009375 0.0078125
3 0.41328125 0.8515625 0.0046875 0.00625
3 0.41015625 0.85078125 0.0046875 0.00625
3 0.40625 0.8515625 0.0046875 0.00625
3 0.396875 0.8359375 0.0078125 0.009375
3 0.3859375 0.8296875 0.00625 0.009375
3 0.38359375 0.8265625 0.0078125 0.009375
3 0.3796875 0.82421875 0.0078125 0.009375
3 0.37734375 0.821875 0.0078125 0.009375
3 0.37421875 0.8171875 0.0078125 0.0109375
3 0.365625 0.8125 0.0109375 0.015625
3 0.36015625 0.80625 0.009375 0.015625
3 0.36015625 0.81640625 0.0171875 0.015625
7 0.35078125 0.79921875 0.0046875 0.0125
1 0.35078125 0.796875 0.0046875 0.009375
3 0.34609375 0.8109375 0.0109375 0.0171875
6 0.04296875 0.609375 0.0234375 0.0390625
3 0.04375 0.65859375 0.05625 0.05
3 0.06875 0.66796875 0.0640625 0.0453125
3 0.08984375 0.6828125 0.0578125 0.04375
6 0.109375 0.675 0.015625 0.0359375
3 0.1046875 0.69296875 0.0546875 0.04375
3 0.1234375 0.6984375 0.05 0.0375
6 0.1328125 0.678125 0.0125 0.034375
6 0.13828125 0.67890625 0.0171875 0.0390625
3 0.13828125 0.7078125 0.05 0.0375
3 0.1546875 0.715625 0.0421875 0.0359375
3 0.16171875 0.7234375 0.0375 0.0296875
3 0.16875 0.73046875 0.03125 0.0234375
3 0.184375 0.7390625 0.04375 0.034375
3 0.19453125 0.74140625 0.0359375 0.0296875
6 0.18828125 0.71328125 0.009375 0.025
6 0.19140625 0.72265625 0.0125 0.025
6 0.19609375 0.72265625 0.009375 0.025
3 0.22109375 0.759375 0.034375 0.025
3 0.23125 0.7625 0.0328125 0.0234375
10 0.2375 0.7703125 0.028125 0.025
3 0.24296875 0.77265625 0.0265625 0.021875
3 0.24921875 0.7765625 0.025 0.021875
6 0.24296875 0.7875 0.0046875 0.015625
6 0.2640625 0.7703125 0.0078125 0.01875
10 0.26015625 0.78125 0.025 0.025
6 0.2765625 0.7640625 0.00625 0.021875
6 0.28046875 0.76328125 0.009375 0.01875
6 0.2859375 0.76171875 0.0078125 0.01875
6 0.2921875 0.765625 0.009375 0.021875
6 0.290625 0.78671875 0.0046875 0.015625
6 0.28359375 0.7828125 0.00625 0.01875
6 0.31796875 0.79609375 0.00625 0.0125
6 0.309375 0.7890625 0.0046875 0.0125
6 0.31171875 0.7921875 0.00625 0.015625
6 0.34921875 0.81796875 0.0046875 0.0125
6 0.371875 0.83359375 0.0046875 0.0125
6 0.390625 0.8375 0.0046875 0.009375
6 0.3875 0.83671875 0.0046875 0.009375
6 0.38515625 0.83671875 0.0046875 0.009375
6 0.38203125 0.83203125 0.0046875 0.009375
6 0.3796875 0.83203125 0.0046875 0.009375