3 0.1140625 0.67890625 0.034375 0.0390625
3 0.16015625 0.65 0.02890625 0.03515625
10 0.0671875 0.60859375 0.0203125 0.0609375
3 0.04765625 0.6171875 0.01640625 0.06015625
10 0.2921875 0.40703125 0.01484375 0.05078125
3 0.3046875 0.40859375 0.01171875 0.04296875
3 0.31640625 0.41171875 0.01171875 0.046875
3 0.32890625 0.409375 0.01328125 0.05
3 0.3421875 0.4109375 0.01171875 0.04921875
3 0.3546875 0.4109375 0.0109375 0.04375
3 0.36796875 0.4046875 0.01171875 0.04296875
10 0.3796875 0.403125 0.01171875 0.05
3 0.39296875 0.409375 0.0125 0.053125
3 0.40625 0.40390625 0.0109375 0.04609375
3 0.41875 0.40390625 0.01171875 0.0515625
3 0.43125 0.40390625 0.0125 0.05
3 0.44296875 0.40546875 0.01484375 0.0484375
3 0.4546875 0.39921875 0.01640625 0.0515625
10 0.46875 0.3984375 0.01640625 0.053125
3 0.48203125 0.40390625 0.01328125 0.04609375
3 0.49375 0.39921875 0.01484375 0.04921875
3 0.50703125 0.39609375 0.015625 0.046875
3 0.51953125 0.3984375 0.01484375 0.040625
10 0.509375 0.46796875 0.0328125 0.028125
3 0.7015625 0.559375 0.0234375 0.0515625
3 0.01640625 0.63046875 0.01484375 0.03671875