9 0.0046875 0.30390625 0.009375 0.08515625
3 0.05546875 0.43203125 0.028125 0.02421875
10 0.11640625 0.46171875 0.03359375 0.025
3 0.1421875 0.421875 0.03203125 0.0234375
4 0.18125 0.4640625 0.0125 0.01171875
7 0.1796875 0.465625 0.00703125 0.00859375
3 0.30078125 0.51640625 0.03359375 0.03125
3 0.33671875 0.51328125 0.034375 0.034375
3 0.26640625 0.4453125 0.0328125 0.02421875
10 0.2875 0.40546875 0.02734375 0.02578125
10 0.35859375 0.3953125 0.03125 0.02421875
3 0.384375 0.43203125 0.03125 0.0234375
10 0.42265625 0.38671875 0.03359375 0.028125
9 0.3828125 0.53203125 0.05546875 0.03984375
9 0.4359375 0.58984375 0.09296875 0.0515625
9 0.45546875 0.54453125 0.078125 0.05390625
9 0.46328125 0.4984375 0.0609375 0.034375
3 0.54765625 0.5015625 0.01640625 0.05390625
3 0.56875 0.50234375 0.01484375 0.06015625
3 0.58828125 0.5046875 0.01875 0.06484375
3 0.62734375 0.5015625 0.01796875 0.06484375
3 0.6484375 0.49375 0.01796875 0.04375
10 0.6890625 0.50546875 0.02109375 0.06796875
3 0.70859375 0.50546875 0.01953125 0.06328125
3 0.72421875 0.50703125 0.01015625 0.0640625
2 0.7 0.409375 0.0578125 0.03671875
10 0.4765625 0.38359375 0.0296875 0.02421875
10 0.496875 0.421875 0.03828125 0.025
10 0.5359375 0.37890625 0.03046875 0.028125
10 0.58359375 0.41640625 0.03828125 0.025
3 0.65078125 0.3671875 0.03515625 0.02890625
3 0.70234375 0.35078125 0.03828125 0.0265625
2 0.71328125 0.15625 0.03203125 0.0453125
10 0.575 0.20625 0.0359375 0.03125
3 0.4375 0.26328125 0.034375 0.0265625