3 0.440625 0.39609375 0.07109375 0.08671875
3 0.303125 0.3265625 0.0703125 0.08828125
3 0.30703125 0.45 0.065625 0.08515625
2 0.07734375 0.2578125 0.0734375 0.1046875
9 0.07578125 0.0890625 0.07734375 0.09921875
3 0.19296875 0.6078125 0.03984375 0.08046875
2 0.23984375 0.05703125 0.06015625 0.09921875
2 0.20234375 0.0515625 0.0515625 0.08125
6 0.07421875 0.465625 0.0125 0.02578125
6 0.0640625 0.46171875 0.00859375 0.01640625
6 0.04375 0.3953125 0.01015625 0.0203125
6 0.03984375 0.4015625 0.0125 0.02421875
3 0.1765625 0.49921875 0.03046875 0.0609375
2 0.1546875 0.0234375 0.05390625 0.04609375
1 0.30859375 0.06953125 0.0125 0.0234375
3 0.01875 0.2875 0.0265625 0.03828125