6 0.3328125 0.69140625 0.0171875 0.06953125
6 0.40703125 0.69609375 0.01796875 0.06796875
6 0.3671875 0.73671875 0.01953125 0.065625
6 0.3875 0.67109375 0.01640625 0.059375
6 0.37890625 0.64375 0.01796875 0.06171875
3 0.16953125 0.87109375 0.07890625 0.203125
3 0.225 0.0234375 0.02421875 0.046875
3 0.13515625 0.01796875 0.03671875 0.02578125
3 0.14296875 0.0359375 0.04375 0.02890625
3 0.13125 0.053125 0.04453125 0.0359375
3 0.16015625 0.08828125 0.028125 0.06015625
3 0.14765625 0.1546875 0.03671875 0.0703125
3 0.12265625 0.24140625 0.05078125 0.10390625
10 0.08671875 0.42578125 0.05859375 0.146875
3 0.25859375 0.7109375 0.05859375 0.21328125
3 0.37578125 0.4609375 0.04921875 0.11328125
6 0.22890625 0.55859375 0.02578125 0.0609375
3 0.19765625 0.44921875 0.05078125 0.1390625
3 0.25703125 0.375 0.04140625 0.09296875
3 0.2046875 0.328125 0.040625 0.10390625
3 0.25546875 0.2890625 0.0359375 0.08046875
3 0.20703125 0.2390625 0.03671875 0.08046875
3 0.25703125 0.20390625 0.03125 0.0640625
3 0.2140625 0.16640625 0.03046875 0.06953125
3 0.25546875 0.121875 0.02578125 0.05703125
3 0.21875 0.0984375 0.0234375 0.06875
3 0.25390625 0.07265625 0.0203125 0.04375
3 0.253125 0.034375 0.02421875 0.04140625
3 0.30703125 0.0203125 0.02421875 0.0390625
3 0.3140625 0.04609375 0.02109375 0.03125
3 0.31875 0.08359375 0.02734375 0.0546875
10 0.3296875 0.13125 0.02734375 0.0609375
3 0.33515625 0.19921875 0.034375 0.07109375