3 0.66328125 0.99375 0.22578125 0.01171875
3 0.68203125 0.9234375 0.203125 0.15234375
3 0.67421875 0.71015625 0.11484375 0.10546875
3 0.69296875 0.65390625 0.11640625 0.1
3 0.678125 0.5984375 0.09453125 0.071875
3 0.68984375 0.5765625 0.11796875 0.078125
3 0.69609375 0.54140625 0.10390625 0.059375
3 0.7 0.50859375 0.08125 0.05546875
3 0.68828125 0.46796875 0.07109375 0.06015625
3 0.69921875 0.45546875 0.07890625 0.0546875
3 0.6984375 0.4359375 0.08046875 0.05
3 0.69765625 0.4171875 0.06015625 0.04375
3 0.70390625 0.390625 0.0625 0.03984375
3 0.70859375 0.378125 0.05546875 0.03515625
3 0.70390625 0.36875 0.06171875 0.03671875
3 0.70390625 0.35625 0.05703125 0.04140625
3 0.709375 0.3515625 0.05234375 0.0359375
3 0.71328125 0.340625 0.04921875 0.0296875
3 0.7125 0.33203125 0.04765625 0.03125
3 0.71015625 0.3234375 0.04765625 0.02578125
3 0.7078125 0.31953125 0.0484375 0.0265625
3 0.7140625 0.3109375 0.040625 0.028125
3 0.7109375 0.3046875 0.04296875 0.02421875
3 0.70703125 0.29296875 0.04453125 0.02421875
3 0.7109375 0.2890625 0.040625 0.0265625
3 0.7125 0.28359375 0.03984375 0.02109375
3 0.71328125 0.278125 0.03828125 0.02421875
3 0.70859375 0.271875 0.03828125 0.02109375
3 0.7171875 0.27578125 0.03359375 0.0203125
3 0.62734375 0.25859375 0.02578125 0.0265625
3 0.571875 0.33203125 0.0421875 0.03515625
1 0.54453125 0.3359375 0.01796875 0.02578125
1 0.525 0.33984375 0.0171875 0.021875
3 0.52578125 0.3625 0.05234375 0.03984375
4 0.52265625 0.396875 0.02421875 0.0296875
4 0.50859375 0.40546875 0.025 0.03046875
6 0.50859375 0.40703125 0.00859375 0.0515625
4 0.50546875 0.45078125 0.03125 0.03515625
4 0.509375 0.4703125 0.0140625 0.03515625
4 0.4890625 0.50078125 0.03046875 0.03984375
4 0.43359375 0.58203125 0.015625 0.0390625
1 0.44140625 0.58828125 0.01171875 0.040625
6 0.453125 0.61484375 0.01953125 0.0796875
4 0.1109375 0.9890625 0.04296875 0.021875
4 0.096875 0.9890625 0.04375 0.021875
3 0.54375 0.46171875 0.04140625 0.06796875
10 0.55546875 0.396875 0.0375 0.06484375
10 0.99609375 0.2796875 0.0078125 0.0234375
1 0.99921875 0.24140625 0.00078125 0.0140625
3 0.8890625 0.18515625 0.01484375 0.009375
3 0.85078125 0.18203125 0.01640625 0.01015625
3 0.840625 0.1671875 0.0109375 0.00859375
3 0.86953125 0.18515625 0.01328125 0.009375
10 0.80390625 0.15234375 0.009375 0.00625
10 0.79375 0.15234375 0.0078125 0.00625
3 0.7875 0.1515625 0.00390625 0.0046875
3 0.78828125 0.159375 0.00390625 0.00703125
3 0.87734375 0.25546875 0.028125 0.028125