3 0.3921875 0.21640625 0.0078125 0.00859375
3 0.3859375 0.16875 0.00234375 0.00546875
3 0.36640625 0.20078125 0.003125 0.00859375
3 0.365625 0.21640625 0.0046875 0.009375
3 0.36328125 0.22578125 0.00390625 0.00859375
3 0.3578125 0.24296875 0.00546875 0.009375
3 0.35 0.253125 0.0078125 0.01171875
3 0.3546875 0.2328125 0.00703125 0.01171875
3 0.36328125 0.20859375 0.00390625 0.00625
3 0.3796875 0.2125 0.00546875 0.00859375
9 0.34140625 0.2890625 0.015625 0.04296875
9 0.33671875 0.26796875 0.00859375 0.0234375
3 0.328125 0.29296875 0.00859375 0.01640625
3 0.31015625 0.40390625 0.01328125 0.03046875
3 0.29921875 0.38984375 0.01328125 0.02421875
3 0.26875 0.35390625 0.00859375 0.01953125
3 0.2828125 0.31640625 0.00703125 0.01796875
9 0.34296875 0.22421875 0.0109375 0.0296875
10 0.296875 0.23359375 0.01328125 0.01171875
10 0.259375 0.24296875 0.0109375 0.01171875
3 0.2625 0.23984375 0.01015625 0.009375
3 0.31640625 0.2078125 0.00859375 0.00625
3 0.30078125 0.20078125 0.00859375 0.00703125
3 0.32109375 0.20234375 0.00703125 0.00625
9 0.3484375 0.184375 0.0109375 0.01171875
3 0.23203125 0.70859375 0.0328125 0.0796875
5 0.646875 0.4265625 0.0796875 0.04453125
5 0.39296875 0.40390625 0.03671875 0.1453125
9 0.39296875 0.50625 0.02109375 0.04453125
4 0.15546875 0.8609375 0.01171875 0.04375
4 0.58359375 0.63203125 0.00859375 0.021875
7 0.58671875 0.62578125 0.00859375 0.01875
7 0.47109375 0.35078125 0.00546875 0.0109375
9 0.48671875 0.27734375 0.00703125 0.0140625
9 0.475 0.265625 0.0140625 0.03671875
9 0.4234375 0.1484375 0.003125 0.009375
3 0.46640625 0.23125 0.0046875 0.00859375
4 0.25078125 0.4859375 0.00703125 0.0203125
4 0.3125 0.346875 0.0046875 0.015625
6 0.30234375 0.3046875 0.00234375 0.0109375
6 0.27421875 0.29296875 0.00234375 0.00859375
7 0.1140625 0.94453125 0.009375 0.02890625
7 0.10703125 0.95625 0.01015625 0.0265625
7 0.15234375 0.8609375 0.009375 0.0203125
7 0.15390625 0.853125 0.01015625 0.02421875
10 0.28828125 0.20859375 0.01015625 0.00703125
1 0.3046875 0.2796875 0.00703125 0.009375
3 0.32265625 0.1796875 0.00625 0.00546875
3 0.32421875 0.17734375 0.00546875 0.00625