6 0.646875 0.1015625 0.0125 0.0265625
6 0.69140625 0.04609375 0.0109375 0.025
6 0.68515625 0.0453125 0.0109375 0.025
6 0.48046875 0.01796875 0.009375 0.0203125
3 0.5046875 0.0265625 0.05 0.053125
10 0.459375 0.040625 0.0375 0.071875
10 0.50703125 0.0125 0.0484375 0.025
9 0.703125 0.0125 0.071875 0.025
3 0.70625 0.02890625 0.05625 0.0578125
4 0.75390625 0.040625 0.021875 0.025
4 0.7578125 0.02109375 0.021875 0.0234375
3 0.5515625 0.440625 0.0609375 0.0578125
4 0.553125 0.50078125 0.0234375 0.03125
6 0.5203125 0.50625 0.0078125 0.0140625
9 0.58046875 0.53125 0.0671875 0.075
4 0.60859375 0.7453125 0.025 0.021875
4 0.6125 0.76796875 0.021875 0.021875
4 0.61640625 0.78984375 0.0234375 0.0265625
4 0.64921875 0.8375 0.0265625 0.0234375
9 0.634375 0.88359375 0.059375 0.14375
6 0.6640625 0.9125 0.009375 0.0203125
6 0.67265625 0.92421875 0.0125 0.0171875
6 0.6984375 0.67265625 0.0125 0.0234375
9 0.7375 0.6890625 0.0984375 0.2890625
6 0.70546875 0.54453125 0.0109375 0.0109375
4 0.69296875 0.34375 0.021875 0.01875
9 0.76171875 0.41875 0.046875 0.103125
3 0.7984375 0.42734375 0.0390625 0.09375
3 0.82578125 0.42265625 0.040625 0.0921875
3 0.85234375 0.41796875 0.0421875 0.0921875
3 0.8875 0.4484375 0.040625 0.090625
3 0.91796875 0.45 0.0484375 0.0984375
3 0.940625 0.4390625 0.0453125 0.0921875