9 0.66953125 0.315625 0.0234375 0.0671875
3 0.6453125 0.3484375 0.0203125 0.0609375
9 0.6609375 0.471875 0.0296875 0.1296875
3 0.64296875 0.50703125 0.015625 0.05
3 0.65390625 0.625 0.0140625 0.0390625
9 0.6421875 0.58671875 0.0203125 0.0671875
3 0.6078125 0.64765625 0.0140625 0.0484375
10 0.6375 0.6640625 0.0140625 0.040625
3 0.65234375 0.6921875 0.0140625 0.0375
3 0.60625 0.7421875 0.015625 0.04375
3 0.63515625 0.7703125 0.0125 0.034375
3 0.64921875 0.78984375 0.015625 0.0375
3 0.63671875 0.8296875 0.0125 0.034375
3 0.6484375 0.846875 0.0140625 0.0359375
10 0.64765625 0.8984375 0.0125 0.034375
9 0.63359375 0.90078125 0.0203125 0.071875
3 0.646875 0.9453125 0.0109375 0.03125
9 0.63046875 0.990625 0.0140625 0.01875
2 0.584375 0.92890625 0.0265625 0.1015625
9 0.64296875 0.98984375 0.0140625 0.0203125