3 0.57890625 0.2765625 0.0328125 0.0796875
3 0.53125 0.25 0.0328125 0.075
3 0.75234375 0.55234375 0.0375 0.0546875
3 0.975 0.5046875 0.05 0.053125
3 0.90390625 0.6265625 0.040625 0.0328125
3 0.853125 0.61328125 0.0421875 0.034375
3 0.8375 0.63046875 0.0375 0.03125
3 0.7828125 0.6890625 0.034375 0.028125
3 0.43203125 0.69296875 0.0171875 0.0296875
10 0.4578125 0.77890625 0.0140625 0.028125
3 0.415625 0.740625 0.015625 0.021875
3 0.40625 0.82109375 0.0109375 0.0171875
3 0.33203125 0.3703125 0.0328125 0.0546875
3 0.2640625 0.26875 0.05625 0.0515625
10 0.2609375 0.209375 0.053125 0.0546875
3 0.29375 0.4640625 0.0421875 0.034375
3 0.2921875 0.49140625 0.040625 0.034375
10 0.29765625 0.51328125 0.028125 0.028125
3 0.3015625 0.528125 0.040625 0.03125
3 0.296875 0.571875 0.034375 0.028125
10 0.290625 0.55859375 0.0328125 0.0328125
3 0.35859375 0.55078125 0.0203125 0.0328125
3 0.3359375 0.61015625 0.015625 0.0265625
4 0.25625 0.58515625 0.0140625 0.015625
4 0.25234375 0.55625 0.0140625 0.0171875
4 0.203125 0.30625 0.0140625 0.0171875
4 0.209375 0.3359375 0.01875 0.0203125
1 0.225 0.38515625 0.01875 0.0203125
3 0.30859375 0.6484375 0.03125 0.0234375
3 0.30703125 0.6578125 0.028125 0.021875
3 0.31640625 0.6890625 0.0296875 0.0234375
3 0.28671875 0.68203125 0.028125 0.025
2 0.39921875 0.65546875 0.0296875 0.0703125
10 0.23828125 0.09765625 0.078125 0.0703125
4 0.16640625 0.08828125 0.0203125 0.0328125
4 0.23203125 0.45625 0.01875 0.0234375
3 0.428125 0.92265625 0.0078125 0.0140625
3 0.428125 0.9078125 0.0078125 0.0140625
2 0.46171875 0.85703125 0.01875 0.0390625
10 0.34609375 0.76640625 0.0125 0.0234375
10 0.32890625 0.77578125 0.021875 0.021875
3 0.40078125 0.8828125 0.0078125 0.0140625
3 0.4 0.9109375 0.0078125 0.0125
3 0.3921875 0.92109375 0.0078125 0.0109375
3 0.3921875 0.95078125 0.0078125 0.0109375
3 0.384375 0.96953125 0.0078125 0.0109375
3 0.38984375 0.9765625 0.00625 0.009375
3 0.3859375 0.98515625 0.0046875 0.00625
3 0.34921875 0.87890625 0.009375 0.0140625
3 0.35234375 0.9140625 0.0078125 0.0109375
3 0.35234375 0.9203125 0.0109375 0.0109375
3 0.35234375 0.92578125 0.0078125 0.0109375
7 0.35 0.73671875 0.0046875 0.009375
4 0.35234375 0.7328125 0.0046875 0.009375
4 0.31328125 0.73515625 0.0078125 0.0140625
6 0.3234375 0.83828125 0.0046875 0.009375
10 0.35 0.88984375 0.0078125 0.0140625
3 0.35234375 0.8953125 0.0078125 0.0109375
7 0.6828125 0.2859375 0.0078125 0.0109375
4 0.68046875 0.2890625 0.009375 0.0171875
7 0.5421875 0.70625 0.0046875 0.009375
4 0.54296875 0.69921875 0.009375 0.0171875
6 0.32734375 0.59765625 0.00625 0.01875
6 0.321875 0.596875 0.00625 0.01875
4 0.27421875 0.628125 0.009375 0.01875
7 0.46640625 0.915625 0.0046875 0.00625
4 0.46796875 0.909375 0.0046875 0.00625
4 0.47890625 0.890625 0.0046875 0.009375
7 0.478125 0.89296875 0.0046875 0.00625
7 0.3796875 0.83828125 0.0046875 0.00625
4 0.38046875 0.8328125 0.0046875 0.009375
4 0.2421875 0.5125 0.015625 0.0140625