10 0.46484375 0.6828125 0.04921875 0.09140625
3 0.59765625 0.3296875 0.04140625 0.06328125
6 0.19453125 0.48203125 0.009375 0.0265625
6 0.21328125 0.4609375 0.00859375 0.02109375
6 0.22734375 0.440625 0.00703125 0.0265625
6 0.21015625 0.42578125 0.00859375 0.025
6 0.21171875 0.35234375 0.00703125 0.0265625
10 0.26484375 0.29453125 0.0390625 0.05703125
6 0.33359375 0.22734375 0.00390625 0.025
6 0.34921875 0.18125 0.00390625 0.015625
6 0.35234375 0.18046875 0.0046875 0.01875
6 0.3546875 0.11796875 0.0046875 0.01875
3 0.259375 0.06953125 0.02265625 0.046875