6 0.865625 0.89609375 0.015625 0.0265625
6 0.91640625 0.54296875 0.015625 0.015625
6 0.9234375 0.53046875 0.0171875 0.015625
6 0.92109375 0.5171875 0.0171875 0.0125
6 0.83125 0.42421875 0.0125 0.0140625
6 0.4640625 0.4765625 0.015625 0.025
5 0.25 0.90390625 0.0875 0.1
6 0.64296875 0.7 0.0078125 0.015625
6 0.79453125 0.71171875 0.015625 0.0203125
6 0.8 0.6921875 0.0125 0.0203125
6 0.78984375 0.6953125 0.0109375 0.0171875
6 0.77265625 0.709375 0.0125 0.0171875
6 0.77734375 0.69453125 0.0109375 0.0171875
6 0.765625 0.69453125 0.0109375 0.0171875
6 0.75234375 0.703125 0.0109375 0.0171875
6 0.73984375 0.703125 0.0109375 0.0171875
6 0.75546875 0.68828125 0.0109375 0.0171875
6 0.74375 0.68828125 0.0109375 0.015625
6 0.75859375 0.671875 0.0125 0.0140625
6 0.7453125 0.67265625 0.0125 0.0171875
6 0.7734375 0.6640625 0.0140625 0.0171875
6 0.77578125 0.65390625 0.0125 0.0171875
6 0.7609375 0.6609375 0.0109375 0.0171875
6 0.74765625 0.659375 0.0109375 0.0140625
6 0.76328125 0.64375 0.0140625 0.0171875
6 0.75 0.64296875 0.0109375 0.0140625
6 0.78046875 0.62890625 0.0140625 0.0171875
6 0.765625 0.6265625 0.0125 0.0171875
6 0.753125 0.625 0.0109375 0.015625
6 0.75625 0.61015625 0.0109375 0.0140625
6 0.7578125 0.5953125 0.0109375 0.0171875
6 0.77109375 0.59921875 0.0140625 0.0140625
6 0.77421875 0.58515625 0.0125 0.015625
6 0.7609375 0.58125 0.0109375 0.0140625
6 0.7921875 0.56953125 0.0125 0.0125
6 0.8046875 0.54765625 0.0109375 0.0171875
6 0.7953125 0.5421875 0.0171875 0.0140625
6 0.77890625 0.56484375 0.0140625 0.0125
6 0.7640625 0.56171875 0.0109375 0.0140625
6 0.76796875 0.54296875 0.0109375 0.015625
6 0.78984375 0.50625 0.0125 0.0109375
6 0.7734375 0.5 0.0109375 0.0140625
6 0.8125 0.47265625 0.0109375 0.0109375
6 0.796875 0.46640625 0.0109375 0.0109375
6 0.77890625 0.4671875 0.0125 0.0109375
6 0.76328125 0.46015625 0.0125 0.0109375
6 0.7578125 0.4984375 0.0109375 0.0109375
6 0.74375 0.459375 0.0109375 0.015625
6 0.728125 0.45390625 0.009375 0.0109375
6 0.67890625 0.4015625 0.0125 0.0203125
6 0.68359375 0.43046875 0.009375 0.021875
6 0.71328125 0.446875 0.0078125 0.0109375
6 0.69375 0.45390625 0.0109375 0.0109375
6 0.6578125 0.49140625 0.0125 0.0203125
6 0.6765625 0.4859375 0.0140625 0.0171875
6 0.75 0.540625 0.0109375 0.0109375
6 0.70703125 0.4890625 0.0078125 0.0109375
6 0.7203125 0.4921875 0.0109375 0.0109375
6 0.7375 0.4984375 0.0109375 0.0109375
6 0.74609375 0.5578125 0.009375 0.0109375
6 0.73203125 0.54140625 0.0109375 0.0109375
6 0.71484375 0.5375 0.009375 0.0109375
6 0.69921875 0.5375 0.0078125 0.009375
6 0.6875 0.48359375 0.0109375 0.0109375
6 0.6828125 0.52109375 0.0109375 0.0125
6 0.67890625 0.5421875 0.0078125 0.009375
6 0.67578125 0.55625 0.0109375 0.0140625
6 0.69453125 0.55625 0.0078125 0.015625
6 0.71171875 0.55546875 0.0078125 0.0125
6 0.72734375 0.5609375 0.0078125 0.0125
6 0.7421875 0.57578125 0.0125 0.0140625
6 0.7390625 0.59375 0.0109375 0.0171875
6 0.725 0.5765625 0.0078125 0.0109375
6 0.71015625 0.57265625 0.0109375 0.0171875
6 0.690625 0.57421875 0.0078125 0.0125
6 0.6734375 0.56953125 0.0078125 0.0109375
6 0.65546875 0.58828125 0.0109375 0.0171875
6 0.64140625 0.68203125 0.0078125 0.015625
6 0.64375 0.66328125 0.0078125 0.015625
6 0.65078125 0.61875 0.0078125 0.015625
6 0.67109375 0.590625 0.009375 0.01875
6 0.6890625 0.59140625 0.009375 0.0171875
6 0.66796875 0.6046875 0.0078125 0.0109375
6 0.6671875 0.6171875 0.0078125 0.0125
6 0.6671875 0.62890625 0.0109375 0.0125
6 0.66328125 0.64375 0.0078125 0.0140625
6 0.66171875 0.653125 0.009375 0.015625
6 0.6609375 0.66484375 0.0078125 0.015625
6 0.65859375 0.671875 0.009375 0.0171875
6 0.65703125 0.6875 0.0078125 0.015625
6 0.70546875 0.590625 0.0078125 0.0125
6 0.7234375 0.59296875 0.0078125 0.0109375
6 0.7359375 0.609375 0.0109375 0.0125
6 0.72109375 0.6078125 0.0109375 0.0109375
6 0.703125 0.60546875 0.0078125 0.0109375
6 0.6875 0.60546875 0.0078125 0.0140625
6 0.684375 0.6171875 0.0078125 0.0109375
6 0.68203125 0.63046875 0.0078125 0.0140625
6 0.7015625 0.6203125 0.0109375 0.0140625
6 0.734375 0.625 0.0109375 0.015625
6 0.71953125 0.62265625 0.0109375 0.015625
6 0.70078125 0.63203125 0.0109375 0.0125
6 0.71640625 0.63515625 0.0109375 0.0109375
6 0.73125 0.63671875 0.0109375 0.0125
6 0.7296875 0.64921875 0.0109375 0.0140625
6 0.7140625 0.64765625 0.0109375 0.0140625
6 0.69921875 0.64453125 0.0109375 0.0140625
6 0.68046875 0.6453125 0.009375 0.0171875
6 0.7203125 0.6984375 0.0109375 0.0171875
6 0.72578125 0.6734375 0.0109375 0.0171875
6 0.7265625 0.6609375 0.0078125 0.0125
6 0.70703125 0.69609375 0.009375 0.01875
6 0.7078125 0.684375 0.0078125 0.0140625
6 0.68984375 0.69453125 0.0109375 0.0203125
6 0.68984375 0.6828125 0.0078125 0.0125
6 0.6734375 0.690625 0.0078125 0.015625
6 0.67421875 0.68125 0.0078125 0.0125
6 0.67734375 0.67109375 0.0078125 0.015625
6 0.67890625 0.65703125 0.0078125 0.0140625
6 0.6953125 0.6578125 0.0109375 0.015625
6 0.69296875 0.67265625 0.0109375 0.0171875
6 0.71171875 0.6609375 0.0078125 0.015625
6 0.71015625 0.675 0.0109375 0.0171875