6 0.63359375 0.5265625 0.01875 0.009375
7 0.71875 0.55390625 0.00625 0.003125
6 0.69765625 0.5875 0.0109375 0.0046875
3 0.8625 0.3265625 0.053125 0.0546875
3 0.9625 0.34375 0.0578125 0.040625
3 0.85390625 0.37109375 0.053125 0.040625
9 0.83125 0.43125 0.0453125 0.03125
3 0.796875 0.47734375 0.0328125 0.0203125
3 0.7546875 0.48359375 0.03125 0.0234375
3 0.72421875 0.4734375 0.028125 0.025
3 0.66484375 0.5546875 0.0203125 0.0203125
3 0.73671875 0.5125 0.0265625 0.0203125
3 0.6828125 0.5765625 0.0203125 0.0140625
3 0.678125 0.590625 0.015625 0.0109375
3 0.66171875 0.590625 0.015625 0.0109375
3 0.61953125 0.62421875 0.0125 0.0109375
3 0.64765625 0.6171875 0.0140625 0.0109375
3 0.63984375 0.628125 0.0125 0.0078125
3 0.63125 0.6390625 0.0125 0.0078125
3 0.578125 0.6546875 0.009375 0.00625
3 0.58828125 0.6609375 0.009375 0.00625
3 0.596875 0.65625 0.00625 0.0046875
3 0.5640625 0.67109375 0.00625 0.00625
3 0.57265625 0.67421875 0.00625 0.0046875
3 0.57109375 0.67890625 0.00625 0.0046875
3 0.584375 0.67265625 0.00625 0.0046875
3 0.5921875 0.67109375 0.00625 0.00625
3 0.59921875 0.67109375 0.00625 0.003125
3 0.5625 0.69296875 0.00625 0.003125
3 0.5625 0.6984375 0.003125 0.003125
3 0.56640625 0.7015625 0.003125 0.003125
3 0.56484375 0.70546875 0.003125 0.003125
3 0.40546875 0.76640625 0.0125 0.0078125
3 0.53046875 0.70546875 0.0109375 0.00625
3 0.53046875 0.70859375 0.0109375 0.00625
3 0.53046875 0.71015625 0.009375 0.00625