3 0.1921875 0.08046875 0.05234375 0.05078125
9 0.240625 0.1375 0.0234375 0.1046875
3 0.17890625 0.19453125 0.03515625 0.04609375
3 0.184375 0.28671875 0.03515625 0.0453125
3 0.18828125 0.32421875 0.03671875 0.04375
7 0.28359375 0.29765625 0.01015625 0.015625
6 0.35625 0.33359375 0.00546875 0.01875
4 0.28359375 0.3015625 0.00703125 0.04140625
4 0.23828125 0.590625 0.02109375 0.0234375
4 0.4296875 0.42578125 0.01640625 0.02890625
4 0.43046875 0.446875 0.01875 0.0203125
4 0.42734375 0.47421875 0.0078125 0.04140625
4 0.24453125 0.64921875 0.021875 0.01875
4 0.24453125 0.7 0.01953125 0.02578125
4 0.20390625 0.75859375 0.02109375 0.01796875
4 0.1671875 0.81875 0.0234375 0.02109375
4 0.1671875 0.853125 0.0234375 0.02421875
4 0.2140625 0.86796875 0.0234375 0.0234375
3 0.22421875 0.915625 0.05546875 0.0640625
3 0.2328125 0.95625 0.06015625 0.03125
6 0.40859375 0.8171875 0.00625 0.015625
6 0.40234375 0.76171875 0.00703125 0.015625
3 0.4015625 0.77421875 0.053125 0.06171875
0 0.43515625 0.703125 0.01328125 0.059375
9 0.3734375 0.2578125 0.02890625 0.10859375
3 0.396875 0.42890625 0.0359375 0.034375
3 0.4515625 0.46875 0.02734375 0.06171875
3 0.40234375 0.4640625 0.0296875 0.03046875
3 0.403125 0.5015625 0.0359375 0.03515625
3 0.4015625 0.6109375 0.053125 0.065625
0 0.66640625 0.24453125 0.04765625 0.03828125
1 0.40234375 0.08828125 0.01640625 0.02109375