10 0.62109375 0.05078125 0.01796875 0.01953125
3 0.68359375 0.06171875 0.0171875 0.01796875
3 0.47890625 0.0359375 0.02109375 0.0140625
3 0.45234375 0.03203125 0.021875 0.01796875
10 0.43046875 0.03671875 0.0171875 0.01796875
3 0.4234375 0.025 0.021875 0.01640625
6 0.63046875 0.23828125 0.00546875 0.02109375
3 0.61171875 0.2703125 0.02578125 0.0296875
7 0.621875 0.3140625 0.00703125 0.02109375
3 0.6046875 0.37421875 0.03515625 0.03203125
4 0.6140625 0.45078125 0.0125 0.02109375
6 0.609375 0.61953125 0.0046875 0.02421875
6 0.55234375 0.70078125 0.0078125 0.02421875
3 0.52421875 0.63359375 0.04921875 0.04921875
3 0.459375 0.62265625 0.04609375 0.03984375
3 0.41171875 0.72109375 0.0515625 0.04921875
3 0.40078125 0.79375 0.05078125 0.053125
3 0.51484375 0.80859375 0.05546875 0.0515625
3 0.35859375 0.9703125 0.06640625 0.05390625
3 0.946875 0.9390625 0.0671875 0.0734375
3 0.87578125 0.721875 0.04140625 0.04296875
3 0.025 0.5984375 0.03828125 0.05546875
4 0.03125 0.2390625 0.0109375 0.01796875
7 0.0296875 0.23359375 0.00546875 0.01484375
3 0.3265625 0.38359375 0.03515625 0.03515625
3 0.34296875 0.31328125 0.03359375 0.03515625
3 0.3515625 0.29609375 0.03515625 0.034375
3 0.3734375 0.2796875 0.03203125 0.03359375
3 0.71015625 0.06484375 0.021875 0.01875
3 0.740625 0.06875 0.0234375 0.01796875
3 0.896875 0.08671875 0.01953125 0.01875
3 0.92421875 0.09140625 0.02734375 0.01875
3 0.96015625 0.09453125 0.025 0.01953125
5 0.98515625 0.096875 0.02421875 0.025