4 0.6203125 0.93984375 0.01953125 0.0890625
6 0.58125 0.96640625 0.0171875 0.0671875
6 0.5890625 0.95078125 0.01953125 0.09140625
6 0.6015625 0.915625 0.01953125 0.09296875
6 0.69453125 0.934375 0.021875 0.08828125
6 0.70546875 0.88046875 0.02109375 0.07890625
6 0.6421875 0.80859375 0.015625 0.07421875
6 0.7421875 0.81171875 0.01328125 0.0765625
6 0.73515625 0.81015625 0.01328125 0.0609375
4 0.69921875 0.72421875 0.04609375 0.05703125
10 0.68515625 0.65703125 0.0515625 0.10390625
10 0.59765625 0.60078125 0.084375 0.09296875
4 0.6203125 0.6578125 0.0296875 0.0453125
10 0.5859375 0.67109375 0.08828125 0.1
10 0.55546875 0.71015625 0.10390625 0.09453125
10 0.5421875 0.7671875 0.14296875 0.1140625
6 0.53671875 0.67421875 0.0140625 0.0609375
6 0.5234375 0.6796875 0.0109375 0.059375
6 0.48125 0.5828125 0.01015625 0.05859375
6 0.51171875 0.5078125 0.01015625 0.046875
6 0.51953125 0.4734375 0.00859375 0.05
6 0.4859375 0.39140625 0.00859375 0.04140625
6 0.43125 0.31640625 0.00703125 0.025
7 0.5515625 0.47421875 0.00859375 0.034375
7 0.3734375 0.47578125 0.0109375 0.03046875
7 0.38828125 0.46796875 0.01015625 0.028125
6 0.34140625 0.48359375 0.01015625 0.04453125
6 0.32421875 0.48671875 0.0109375 0.04921875
6 0.2953125 0.47890625 0.01171875 0.0484375
6 0.25625 0.603125 0.01796875 0.06640625
6 0.27890625 0.5875 0.01328125 0.06015625
7 0.30703125 0.525 0.01484375 0.04296875
6 0.31796875 0.50703125 0.0125 0.05
1 0.28828125 0.4421875 0.01796875 0.034375
4 0.3296875 0.465625 0.0265625 0.0390625
10 0.3546875 0.45078125 0.06328125 0.05859375
3 0.3 0.59609375 0.06484375 0.06875
10 0.4296875 0.5890625 0.07890625 0.08515625
10 0.43359375 0.55390625 0.0765625 0.08046875
10 0.37890625 0.53671875 0.06328125 0.075
10 0.46796875 0.4578125 0.04609375 0.06171875
4 0.415625 0.675 0.02109375 0.04609375
10 0.33046875 0.74375 0.11015625 0.11796875
10 0.31015625 0.97109375 0.1296875 0.0578125
10 0.23828125 0.95390625 0.14375 0.0921875
10 0.17734375 0.91640625 0.15703125 0.16484375
6 0.065625 0.8125 0.01484375 0.08203125
6 0.10234375 0.74375 0.021875 0.075
6 0.10546875 0.73046875 0.01953125 0.0734375
6 0.17265625 0.6359375 0.01640625 0.06171875
6 0.21875 0.6140625 0.01484375 0.05625
7 0.2109375 0.5984375 0.01171875 0.03515625
1 0.14609375 0.6484375 0.02578125 0.03984375
10 0.41796875 0.39921875 0.0640625 0.059375
3 0.425 0.38671875 0.04609375 0.03828125
3 0.4484375 0.37890625 0.04609375 0.04296875
3 0.46875 0.3703125 0.04609375 0.03671875
9 0.47890625 0.35078125 0.04921875 0.0515625
10 0.490625 0.3453125 0.0421875 0.0390625
3 0.52890625 0.415625 0.03984375 0.04921875
3 0.61171875 0.43046875 0.06640625 0.05625
9 0.62109375 0.37578125 0.06328125 0.05625
3 0.5546875 0.390625 0.03671875 0.04140625
3 0.5828125 0.359375 0.02734375 0.03359375
3 0.5828125 0.32890625 0.02265625 0.03203125
3 0.60703125 0.3375 0.02734375 0.034375
3 0.64296875 0.33203125 0.0375 0.034375
7 0.60703125 0.4859375 0.01015625 0.0359375
3 0.67265625 0.3234375 0.03828125 0.02890625
7 0.6453125 0.31328125 0.0078125 0.0234375
4 0.646875 0.31875 0.0140625 0.01875
3 0.6328125 0.29375 0.03984375 0.02421875
3 0.65546875 0.2859375 0.03828125 0.02578125
3 0.6171875 0.271875 0.0328125 0.021875
10 0.509375 0.3328125 0.04609375 0.04375
10 0.5234375 0.3265625 0.03515625 0.03515625
3 0.5265625 0.32109375 0.03984375 0.028125
3 0.53359375 0.3109375 0.03984375 0.028125
9 0.56015625 0.271875 0.0453125 0.03359375
3 0.56484375 0.265625 0.03984375 0.0265625
3 0.525 0.2640625 0.0296875 0.0203125
3 0.47109375 0.303125 0.03984375 0.03359375
3 0.428125 0.3 0.02265625 0.03125
3 0.39765625 0.3 0.02421875 0.03125
3 0.3890625 0.26640625 0.02890625 0.0203125
9 0.39296875 0.24140625 0.09296875 0.06015625