3 0.03203125 0.03984375 0.0203125 0.01484375
10 0.06171875 0.0203125 0.01484375 0.02421875
3 0.053125 0.0203125 0.01484375 0.01875
3 0.08046875 0.04453125 0.02109375 0.01640625
3 0.11640625 0.08671875 0.01953125 0.01640625
3 0.1296875 0.0484375 0.0234375 0.01640625
3 0.1640625 0.0890625 0.0234375 0.01875
3 0.11171875 0.0265625 0.01484375 0.01953125
3 0.12421875 0.02890625 0.01484375 0.01640625
3 0.1640625 0.03125 0.0171875 0.01640625
3 0.17578125 0.03203125 0.01328125 0.01796875
3 0.18984375 0.02421875 0.01328125 0.021875
4 0.15703125 0.04609375 0.00625 0.01015625
4 0.165625 0.04609375 0.0078125 0.00859375
4 0.1671875 0.04296875 0.0078125 0.009375
0 0.184375 0.05234375 0.0140625 0.0140625
4 0.19453125 0.06328125 0.01015625 0.009375
0 0.24453125 0.06640625 0.01484375 0.01796875
3 0.30234375 0.0046875 0.015625 0.009375
3 0.353125 0.00859375 0.0109375 0.01640625
7 0.36015625 0.04921875 0.003125 0.00859375
7 0.3515625 0.0671875 0.003125 0.01015625
7 0.38984375 0.03359375 0.003125 0.01015625
7 0.39140625 0.0265625 0.003125 0.00625
9 0.40546875 0.01875 0.0234375 0.0375
9 0.42265625 0.01484375 0.01328125 0.0296875
7 0.43046875 0.01796875 0.003125 0.009375
3 0.4421875 0.00625 0.009375 0.01171875
9 0.43671875 0.01875 0.0078125 0.015625
4 0.43046875 0.01953125 0.003125 0.0109375
4 0.3921875 0.02890625 0.00390625 0.01171875
4 0.3890625 0.03671875 0.00390625 0.0140625
4 0.359375 0.053125 0.00390625 0.0140625
4 0.3515625 0.071875 0.00390625 0.01171875
7 0.2359375 0.48671875 0.00703125 0.01796875
7 0.21640625 0.54453125 0.00546875 0.01875
7 0.2140625 0.55390625 0.0078125 0.02109375
7 0.1875 0.62109375 0.00859375 0.01640625
7 0.18515625 0.6265625 0.00859375 0.021875
4 0.2359375 0.4953125 0.01015625 0.03125
4 0.2140625 0.55703125 0.0109375 0.034375
4 0.18671875 0.63125 0.01171875 0.04140625
3 0.2421875 0.61875 0.02421875 0.07578125
3 0.3234375 0.55234375 0.02578125 0.0640625
9 0.29921875 0.64296875 0.03359375 0.08828125
9 0.26328125 0.75625 0.04453125 0.11484375
3 0.22578125 0.73359375 0.034375 0.09140625
9 0.1640625 0.78515625 0.06015625 0.1484375
3 0.24140625 0.896875 0.03984375 0.1109375
3 0.19375 0.8484375 0.04296875 0.11015625
3 0.10078125 0.665625 0.05390625 0.065625
3 0.0171875 0.75390625 0.034375 0.04921875
9 0.553125 0.78671875 0.02578125 0.0953125
9 0.40234375 0.846875 0.034375 0.11875
7 0.47265625 0.790625 0.00703125 0.01875
7 0.47109375 0.784375 0.009375 0.01796875
4 0.47109375 0.78828125 0.01171875 0.04140625
7 0.35546875 0.61875 0.00703125 0.01640625
7 0.4359375 0.59765625 0.0078125 0.01953125
7 0.48046875 0.584375 0.00703125 0.01796875
7 0.46796875 0.54921875 0.00625 0.01640625
4 0.4796875 0.58984375 0.0078125 0.028125
4 0.4671875 0.553125 0.00625 0.02890625
4 0.4359375 0.60234375 0.00703125 0.02890625
4 0.3546875 0.621875 0.0078125 0.028125
7 0.4515625 0.48984375 0.00546875 0.01484375
7 0.45078125 0.48359375 0.00703125 0.015625
7 0.46640625 0.490625 0.00625 0.0109375
7 0.46640625 0.48828125 0.00625 0.0140625
6 0.509375 0.4671875 0.00546875 0.0234375
7 0.48984375 0.43671875 0.00546875 0.02109375
1 0.4890625 0.4390625 0.00546875 0.025
7 0.47421875 0.44765625 0.00703125 0.0140625
7 0.4609375 0.42578125 0.00546875 0.01640625
1 0.465625 0.49375 0.00625 0.0234375
1 0.45234375 0.49140625 0.00703125 0.02578125
1 0.4734375 0.453125 0.0046875 0.021875
1 0.46015625 0.43125 0.00625 0.0234375
3 0.46015625 0.36953125 0.01484375 0.04296875
3 0.45390625 0.3109375 0.015625 0.034375
0 0.49140625 0.32890625 0.01171875 0.03515625
7 0.47578125 0.30234375 0.00390625 0.015625
7 0.48828125 0.2578125 0.00546875 0.01171875
7 0.49375 0.18203125 0.00546875 0.01328125
7 0.49765625 0.1125 0.00390625 0.00859375
7 0.496875 0.08046875 0.00390625 0.00703125
7 0.4875 0.0171875 0.003125 0.01015625
1 0.475 0.30625 0.00546875 0.02421875
1 0.48828125 0.26171875 0.00625 0.01640625
1 0.49375 0.18515625 0.00546875 0.01640625
1 0.496875 0.115625 0.00390625 0.01484375
1 0.496875 0.08359375 0.00390625 0.01640625
1 0.48671875 0.01796875 0.00390625 0.01484375
6 0.51484375 0.25546875 0.00390625 0.0203125
3 0.4296875 0.20625 0.01328125 0.0265625
3 0.4359375 0.15390625 0.01328125 0.02421875
3 0.47265625 0.15625 0.0125 0.025
9 0.475 0.10859375 0.01171875 0.0390625
3 0.4453125 0.09921875 0.01015625 0.02421875
3 0.45546875 0.04296875 0.0109375 0.01953125
3 0.46171875 0.00703125 0.009375 0.0140625
10 0.57109375 0.04609375 0.01953125 0.01796875
3 0.56875 0.05625 0.02265625 0.015625
3 0.55234375 0.04765625 0.00703125 0.02109375
3 0.55625 0.1109375 0.01015625 0.01796875
3 0.58203125 0.09921875 0.0171875 0.01328125
10 0.58203125 0.10546875 0.01796875 0.01484375
10 0.5828125 0.1140625 0.01875 0.01640625
3 0.58515625 0.1265625 0.01875 0.01640625
0 0.534375 0.1421875 0.01796875 0.01796875
0 0.55703125 0.1484375 0.015625 0.01484375
3 0.57734375 0.153125 0.01015625 0.01953125
3 0.5890625 0.15546875 0.00859375 0.01796875
3 0.62578125 0.16796875 0.02578125 0.034375
3 0.64765625 0.171875 0.02578125 0.0296875
3 0.671875 0.1765625 0.02734375 0.021875
9 0.6453125 0.13359375 0.03671875 0.03984375
9 0.6078125 0.51796875 0.05078125 0.0515625
3 0.5484375 0.590625 0.02109375 0.05859375
0 0.59453125 0.66640625 0.01796875 0.05
4 0.571875 0.6875 0.01953125 0.0234375