3 0.353125 0.8125 0.0328125 0.09921875
3 0.4203125 0.74921875 0.03671875 0.084375
3 0.3765625 0.71953125 0.02890625 0.071875
3 0.3375 0.696875 0.025 0.071875
3 0.36171875 0.646875 0.02265625 0.059375
3 0.396875 0.6640625 0.03046875 0.07109375
10 0.33046875 0.62578125 0.02109375 0.0640625
3 0.35234375 0.58671875 0.01953125 0.05625
3 0.3796875 0.59453125 0.02578125 0.05078125
3 0.32109375 0.5734375 0.01796875 0.05
3 0.3640625 0.546875 0.02109375 0.04609375
3 0.34296875 0.5421875 0.01640625 0.04140625
3 0.3203125 0.53046875 0.01796875 0.03828125
3 0.35546875 0.51171875 0.01953125 0.03984375
3 0.31796875 0.4953125 0.01484375 0.03359375
3 0.33984375 0.45390625 0.01484375 0.0359375
3 0.3203125 0.46640625 0.01484375 0.03125
3 0.31796875 0.43359375 0.01484375 0.03125
3 0.33203125 0.41328125 0.01171875 0.0265625
3 0.32578125 0.36953125 0.0109375 0.02109375
3 0.3125 0.384375 0.01171875 0.02421875
3 0.309375 0.35625 0.00859375 0.01953125
3 0.30625 0.34453125 0.00859375 0.01875
3 0.29765625 0.35703125 0.01171875 0.0234375
3 0.315625 0.32890625 0.01015625 0.01640625
3 0.33203125 0.30625 0.00859375 0.0109375
3 0.3046875 0.29609375 0.0078125 0.01328125
3 0.30390625 0.27578125 0.00703125 0.01328125
3 0.30078125 0.265625 0.00625 0.01015625
3 0.30078125 0.228125 0.00546875 0.009375
3 0.3171875 0.2359375 0.00625 0.009375
3 0.31875 0.22421875 0.00546875 0.01015625
3 0.31484375 0.21953125 0.00859375 0.00546875
7 0.30078125 0.3734375 0.00390625 0.01015625
4 0.30078125 0.384375 0.0046875 0.01796875
7 0.29375 0.50078125 0.0046875 0.0109375
7 0.30078125 0.5015625 0.00625 0.01171875
7 0.29453125 0.54140625 0.00625 0.0140625
7 0.29765625 0.52421875 0.00703125 0.02109375
4 0.29296875 0.51171875 0.00546875 0.01484375
4 0.30078125 0.51328125 0.00546875 0.01328125
4 0.296875 0.528125 0.00546875 0.01328125
4 0.29453125 0.55625 0.0046875 0.01875
7 0.2875 0.9125 0.00703125 0.0234375
7 0.2890625 0.90390625 0.01015625 0.01796875
7 0.28984375 0.86328125 0.0109375 0.03671875
7 0.28828125 0.84921875 0.0078125 0.025
7 0.3203125 0.85078125 0.01015625 0.03359375
7 0.3046875 0.85390625 0.01015625 0.01953125
4 0.28984375 0.87421875 0.0125 0.0359375
4 0.3046875 0.875 0.009375 0.03125
4 0.32109375 0.87578125 0.009375 0.03359375
4 0.2875 0.93515625 0.00703125 0.03125
6 0.60703125 0.88203125 0.00859375 0.040625
6 0.42109375 0.50625 0.00546875 0.02578125
6 0.38125 0.4265625 0.00390625 0.0203125
6 0.3828125 0.4265625 0.00390625 0.0203125
7 0.3015625 0.75546875 0.00703125 0.01953125
4 0.30078125 0.77109375 0.0109375 0.01953125
4 0.61015625 0.9453125 0.03515625 0.03359375
7 0.6140625 0.93359375 0.01484375 0.0296875