3 0.43984375 0.02109375 0.0546875 0.03125
2 0.36953125 0.16875 0.146875 0.084375
6 0.375 0.20859375 0.015625 0.009375
6 0.3671875 0.225 0.021875 0.0078125
3 0.8171875 0.04609375 0.025 0.0328125
3 0.759375 0.08203125 0.0390625 0.0203125
2 0.7109375 0.02890625 0.0671875 0.03125
10 0.6890625 0.12109375 0.0515625 0.0265625
10 0.659375 0.0984375 0.0515625 0.0203125
10 0.62734375 0.13046875 0.046875 0.021875
10 0.5765625 0.1390625 0.0484375 0.0265625
5 0.30546875 0.31171875 0.0296875 0.015625
6 0.340625 0.3828125 0.0234375 0.0078125
6 0.4484375 0.590625 0.01875 0.0078125
6 0.44296875 0.59609375 0.021875 0.0109375
2 0.428125 0.44765625 0.128125 0.0609375
2 0.54296875 0.5234375 0.1578125 0.06875
2 0.665625 0.5484375 0.121875 0.0578125
3 0.7265625 0.57265625 0.0296875 0.021875
10 0.7546875 0.59140625 0.03125 0.01875
10 0.8578125 0.634375 0.0328125 0.021875
2 0.815625 0.6140625 0.0890625 0.046875
6 0.9796875 0.4796875 0.0125 0.0046875
6 0.86953125 0.6109375 0.0140625 0.0046875
6 0.86328125 0.61171875 0.01875 0.0046875
6 0.86796875 0.61328125 0.015625 0.0046875
6 0.871875 0.61953125 0.015625 0.0046875
6 0.86875 0.6203125 0.015625 0.0046875
6 0.89921875 0.628125 0.015625 0.0046875
6 0.8953125 0.6328125 0.015625 0.00625
6 0.9234375 0.64765625 0.0125 0.0046875
6 0.92890625 0.64765625 0.015625 0.00625
6 0.93203125 0.7046875 0.0125 0.0078125
6 0.97109375 0.315625 0.015625 0.0046875