6 0.01640625 0.1734375 0.00703125 0.00625
6 0.01953125 0.1828125 0.00703125 0.01015625
6 0.01640625 0.1859375 0.00546875 0.01171875
6 0.02265625 0.21796875 0.00703125 0.00859375
6 0.025 0.2515625 0.00703125 0.00390625
6 0.028125 0.2578125 0.009375 0.01171875
6 0.0234375 0.2765625 0.0078125 0.00703125
6 0.03359375 0.278125 0.00859375 0.00859375
6 0.0359375 0.2890625 0.00625 0.00546875
6 0.03125 0.29296875 0.00703125 0.00625
6 0.05 0.34296875 0.0078125 0.00859375
6 0.053125 0.4234375 0.00703125 0.00546875
6 0.05 0.42734375 0.00703125 0.0046875
6 0.05390625 0.4359375 0.0078125 0.00859375
6 0.05390625 0.5109375 0.0046875 0.0046875
6 0.04453125 0.52421875 0.00703125 0.00703125
6 0.0296875 0.55859375 0.00703125 0.00625
6 0.00703125 0.5640625 0.009375 0.009375
6 0.0375 0.53671875 0.00703125 0.00859375
6 0.04609375 0.534375 0.009375 0.00625
4 0.16953125 0.178125 0.00625 0.01875
1 0.1953125 0.49921875 0.00546875 0.01328125
3 0.403125 0.403125 0.01171875 0.0390625
3 0.69375 0.44140625 0.01953125 0.03515625
3 0.67421875 0.06953125 0.01953125 0.03984375
4 0.4828125 0.925 0.00546875 0.01875
6 0.46640625 0.67890625 0.0046875 0.00859375
6 0.45859375 0.6734375 0.00546875 0.01015625
6 0.459375 0.66796875 0.00703125 0.0109375
8 0.434375 0.64609375 0.01171875 0.0265625