6 0.3203125 0.64375 0.0171875 0.05078125
6 0.225 0.62109375 0.0125 0.05
6 0.26015625 0.48359375 0.01015625 0.05
6 0.38125 0.3453125 0.01015625 0.04453125
7 0.24140625 0.49296875 0.01796875 0.02890625
7 0.353125 0.35859375 0.009375 0.02890625
7 0.35546875 0.40078125 0.0109375 0.025
7 0.35625 0.38828125 0.0125 0.021875
7 0.34296875 0.36015625 0.01015625 0.028125
7 0.34296875 0.38828125 0.009375 0.0234375
7 0.334375 0.39453125 0.00859375 0.0203125
7 0.3265625 0.38125 0.0078125 0.02109375
7 0.32734375 0.3671875 0.0125 0.02109375
6 0.315625 0.40859375 0.01171875 0.04140625
6 0.309375 0.4078125 0.00703125 0.03828125
6 0.31875 0.40234375 0.00859375 0.03828125
6 0.2875 0.021875 0.00703125 0.02109375
6 0.296875 0.01328125 0.0046875 0.0234375
6 0.3125 0.015625 0.00546875 0.02109375
6 0.353125 0.021875 0.00546875 0.02421875
7 0.36484375 0.08125 0.00625 0.01328125
7 0.37265625 0.08125 0.00703125 0.015625
7 0.3890625 0.0796875 0.0046875 0.01328125
7 0.396875 0.07421875 0.0046875 0.015625
7 0.38828125 0.0734375 0.00390625 0.0140625
7 0.3859375 0.075 0.0046875 0.0109375
7 0.39453125 0.078125 0.00546875 0.0140625
6 0.46171875 0.096875 0.0046875 0.02578125
7 0.4546875 0.10390625 0.00546875 0.0140625
7 0.4484375 0.0890625 0.00546875 0.01484375
7 0.4375 0.08984375 0.0046875 0.0109375
7 0.4421875 0.09140625 0.00390625 0.01171875
7 0.44140625 0.08671875 0.0046875 0.01171875
7 0.47578125 0.10390625 0.00546875 0.0140625
7 0.48046875 0.10546875 0.00546875 0.01328125
7 0.47890625 0.10078125 0.00390625 0.01171875
6 0.590625 0.1140625 0.00703125 0.0265625
6 0.69609375 0.23359375 0.01484375 0.02578125
6 0.7078125 0.228125 0.01484375 0.0296875
6 0.70625 0.24296875 0.01328125 0.03125
6 0.71796875 0.25078125 0.0109375 0.03359375
6 0.72578125 0.2609375 0.00703125 0.01953125
6 0.72578125 0.2375 0.00703125 0.025