9 0.8578125 0.7796875 0.15 0.11875
4 0.97890625 0.5921875 0.0421875 0.028125
7 0.9859375 0.59375 0.028125 0.021875
3 0.9484375 0.53359375 0.103125 0.0953125
7 0.93515625 0.73984375 0.0171875 0.0140625
6 0.94921875 0.696875 0.0234375 0.01875
6 0.94921875 0.684375 0.0328125 0.0234375
6 0.909375 0.65078125 0.0359375 0.0203125
6 0.92734375 0.6875 0.034375 0.025
8 0.78515625 0.57734375 0.084375 0.046875
7 0.7875 0.57890625 0.040625 0.028125
6 0.74140625 0.60546875 0.0390625 0.021875
9 0.67421875 0.60703125 0.19375 0.109375
6 0.67890625 0.5828125 0.0359375 0.0234375
1 0.6625 0.55078125 0.0515625 0.0296875
7 0.646875 0.5453125 0.0375 0.025
8 0.509375 0.5390625 0.1453125 0.0859375
9 0.5796875 0.3984375 0.1390625 0.115625
10 0.48203125 0.403125 0.1109375 0.071875
6 0.340625 0.459375 0.046875 0.025
4 0.41953125 0.42578125 0.0453125 0.028125
7 0.421875 0.4265625 0.0234375 0.0171875
7 0.40859375 0.421875 0.034375 0.0234375
4 0.35859375 0.49921875 0.05 0.03125
7 0.3203125 0.484375 0.0296875 0.01875
7 0.28046875 0.35078125 0.0328125 0.0234375
9 0.225 0.33984375 0.103125 0.0640625
6 0.21484375 0.40234375 0.04375 0.025
6 0.21015625 0.409375 0.0453125 0.0265625
6 0.25625 0.4421875 0.0453125 0.028125
10 0.203125 0.47421875 0.0953125 0.09375
4 0.221875 0.42578125 0.0328125 0.0203125
7 0.21484375 0.4234375 0.028125 0.0171875
3 0.14140625 0.40859375 0.0859375 0.0546875
1 0.1703125 0.3484375 0.0375 0.021875
7 0.16015625 0.34453125 0.0328125 0.0203125
8 0.11328125 0.346875 0.0421875 0.0265625
7 0.10234375 0.34296875 0.025 0.0171875
4 0.078125 0.32109375 0.0375 0.021875
7 0.071875 0.31953125 0.0359375 0.0203125
6 0.06328125 0.3015625 0.040625 0.0203125
4 0.08203125 0.37734375 0.034375 0.01875
6 0.07578125 0.375 0.04375 0.025
6 0.0765625 0.390625 0.0390625 0.0234375
9 0.05546875 0.4046875 0.0734375 0.0734375
3 0.04453125 0.34921875 0.0484375 0.0375