3 0.37421875 0.68671875 0.04140625 0.08671875
3 0.54375 0.86875 0.03359375 0.1234375
3 0.41484375 0.56484375 0.02421875 0.07421875
3 0.428125 0.48828125 0.02421875 0.053125
9 0.5453125 0.734375 0.0390625 0.12890625
3 0.54609375 0.64375 0.0296875 0.07421875
3 0.54453125 0.56953125 0.02578125 0.05703125
3 0.54609375 0.51171875 0.02265625 0.05078125
3 0.546875 0.453125 0.02109375 0.05
3 0.43828125 0.44296875 0.01796875 0.0453125
3 0.45 0.409375 0.01875 0.04453125
3 0.46015625 0.36796875 0.01875 0.0390625
3 0.4703125 0.33671875 0.0171875 0.03359375
3 0.48203125 0.30546875 0.01484375 0.03203125
3 0.49140625 0.28203125 0.01640625 0.02578125
3 0.48515625 0.265625 0.02265625 0.02890625
3 0.490625 0.234375 0.02734375 0.0203125
3 0.46171875 0.22578125 0.02265625 0.01953125
3 0.434375 0.21640625 0.0234375 0.02109375
3 0.50390625 0.228125 0.02421875 0.02109375
3 0.5140625 0.2265625 0.02265625 0.01875
3 0.5203125 0.221875 0.021875 0.01640625
3 0.5234375 0.215625 0.02421875 0.01875
3 0.52734375 0.203125 0.01953125 0.01875
3 0.53046875 0.1921875 0.0234375 0.01796875
3 0.53515625 0.184375 0.021875 0.015625
3 0.5375 0.17734375 0.01953125 0.01796875
3 0.54296875 0.171875 0.02421875 0.01953125
3 0.54609375 0.1625 0.021875 0.015625
3 0.546875 0.15859375 0.02265625 0.01640625
3 0.5515625 0.153125 0.0234375 0.01953125
10 0.553125 0.1453125 0.01796875 0.01640625
6 0.56328125 0.14921875 0.00390625 0.02109375
3 0.55625 0.1390625 0.01953125 0.015625
3 0.56015625 0.13671875 0.0203125 0.01875
3 0.56484375 0.13046875 0.01796875 0.01328125
10 0.56796875 0.121875 0.021875 0.0203125
3 0.571875 0.11640625 0.01796875 0.01328125
3 0.6015625 0.12421875 0.01328125 0.01875
3 0.57421875 0.11328125 0.01796875 0.01328125
3 0.5796875 0.10703125 0.0171875 0.0140625
3 0.5796875 0.1015625 0.01640625 0.015625
3 0.58203125 0.0984375 0.01796875 0.0140625
3 0.5828125 0.09453125 0.01796875 0.01328125
3 0.5984375 0.09609375 0.01171875 0.01953125
3 0.5875 0.08515625 0.01796875 0.01875
3 0.59375 0.08359375 0.0171875 0.0109375
3 0.59296875 0.07890625 0.0171875 0.015625
3 0.59921875 0.0703125 0.01328125 0.01484375
3 0.603125 0.059375 0.015625 0.01796875
3 0.60703125 0.05390625 0.01171875 0.01015625
3 0.6078125 0.05 0.0125 0.0109375
3 0.61484375 0.04140625 0.00859375 0.01484375
3 0.6171875 0.03359375 0.00703125 0.00859375
6 0.63359375 0.059375 0.003125 0.01328125
6 0.58125 0.171875 0.00390625 0.01484375
3 0.553125 0.415625 0.02109375 0.046875
10 0.55390625 0.371875 0.0359375 0.03828125
6 0.509375 0.59921875 0.00703125 0.028125
6 0.5140625 0.59296875 0.00546875 0.0265625
7 0.51953125 0.60859375 0.0109375 0.028125
4 0.51953125 0.6109375 0.00625 0.0296875
3 0.56015625 0.346875 0.01796875 0.034375
3 0.56328125 0.3203125 0.015625 0.03125
3 0.56953125 0.29296875 0.01796875 0.03046875
3 0.5953125 0.28046875 0.0234375 0.040625
3 0.56171875 0.271875 0.03046875 0.02578125
3 0.590625 0.25078125 0.02890625 0.025
3 0.5828125 0.228125 0.01640625 0.0265625
3 0.58203125 0.2125 0.015625 0.025
3 0.59140625 0.19921875 0.0140625 0.03046875
3 0.5921875 0.18046875 0.01796875 0.01953125
3 0.59609375 0.16875 0.0140625 0.0203125
3 0.59921875 0.1609375 0.015625 0.02578125
3 0.60546875 0.153125 0.01875 0.01953125
3 0.60390625 0.14296875 0.02265625 0.021875
3 0.6125 0.134375 0.01015625 0.02109375
3 0.615625 0.121875 0.01015625 0.01484375
3 0.62109375 0.1140625 0.0125 0.01640625
3 0.63203125 0.0859375 0.01796875 0.021875
3 0.62421875 0.10390625 0.01484375 0.01328125
3 0.6359375 0.07421875 0.01015625 0.015625
3 0.63828125 0.0640625 0.0078125 0.01171875
3 0.640625 0.06171875 0.0078125 0.01484375
3 0.64296875 0.05390625 0.0078125 0.0140625
3 0.6453125 0.04609375 0.00859375 0.009375
3 0.62265625 0.02421875 0.00703125 0.00859375
3 0.6109375 0.01875 0.0078125 0.009375
3 0.5890625 0.0078125 0.0109375 0.01015625
3 0.6453125 0.03046875 0.00703125 0.01328125
3 0.65234375 0.0328125 0.009375 0.01015625
3 0.6546875 0.0203125 0.00859375 0.01328125
9 0.5140625 0.00859375 0.01328125 0.00859375