9 0.04296875 0.265625 0.0203125 0.0390625
3 0.2328125 0.459375 0.0109375 0.0375
2 0.009375 0.95390625 0.01875 0.0421875
2 0.10078125 0.8734375 0.021875 0.0703125
3 0.034375 0.91484375 0.0140625 0.025
10 0.01875 0.84453125 0.0140625 0.025
10 0.1 0.6953125 0.0109375 0.0296875
10 0.134375 0.71640625 0.0109375 0.034375
2 0.08125 0.7 0.01875 0.059375
3 0.325 0.953125 0.0109375 0.025
2 0.41328125 0.86953125 0.0171875 0.08125
9 0.39140625 0.8 0.0140625 0.04375
10 0.4453125 0.98984375 0.0203125 0.0171875
10 0.4546875 0.96015625 0.0203125 0.0203125
10 0.45625 0.94609375 0.0203125 0.0203125
10 0.4609375 0.93125 0.0203125 0.0203125
3 0.39375 0.7375 0.0203125 0.0265625
3 0.32265625 0.69453125 0.021875 0.0171875
6 0.35 0.740625 0.003125 0.00625
6 0.3484375 0.73671875 0.003125 0.00625
6 0.6359375 0.871875 0.003125 0.009375
6 0.69609375 0.88203125 0.003125 0.00625
2 0.7078125 0.68984375 0.0265625 0.03125
6 0.70625 0.6765625 0.003125 0.00625
2 0.696875 0.5734375 0.0421875 0.1
2 0.6265625 0.7015625 0.0578125 0.04375
2 0.60234375 0.64140625 0.0375 0.053125
2 0.58359375 0.6453125 0.0375 0.0546875
2 0.57890625 0.625 0.034375 0.0546875
2 0.55703125 0.6296875 0.0375 0.0609375
2 0.52734375 0.62109375 0.04375 0.0765625
2 0.59375 0.5484375 0.0609375 0.04375
7 0.565625 0.51015625 0.003125 0.009375
6 0.56015625 0.51953125 0.0046875 0.00625
6 0.559375 0.5109375 0.003125 0.00625
2 0.509375 0.52890625 0.025 0.065625
2 0.53203125 0.49765625 0.0375 0.096875
2 0.546875 0.50234375 0.0359375 0.103125
9 0.67109375 0.32421875 0.0375 0.0703125
3 0.71171875 0.334375 0.0203125 0.0453125
10 0.728125 0.33359375 0.025 0.0484375
10 0.6375 0.45234375 0.0171875 0.0390625
3 0.66171875 0.465625 0.0171875 0.0375
3 0.67421875 0.47109375 0.0171875 0.040625
5 0.6921875 0.4828125 0.0171875 0.028125
10 0.528125 0.31328125 0.0171875 0.0375
3 0.51875 0.359375 0.0171875 0.040625
3 0.1765625 0.43046875 0.0125 0.040625
3 0.0921875 0.46953125 0.0109375 0.0359375
10 0.12265625 0.359375 0.0140625 0.034375
9 0.10703125 0.5078125 0.021875 0.0640625
2 0.20859375 0.6671875 0.0578125 0.0484375
2 0.11328125 0.5828125 0.0578125 0.04375
3 0.11171875 0.625 0.025 0.0203125
6 0.41796875 0.59375 0.003125 0.009375