10 0.18828125 0.40078125 0.0828125 0.090625
10 0.190625 0.64375 0.0921875 0.096875
10 0.11328125 0.7 0.090625 0.0921875
10 0.1953125 0.7546875 0.0984375 0.096875
10 0.28515625 0.7796875 0.0875 0.0984375
10 0.22109375 0.88515625 0.0828125 0.0953125
10 0.1984375 0.9625 0.153125 0.075
10 0.36484375 0.846875 0.09375 0.1
10 0.4390625 0.840625 0.1 0.1265625
10 0.428125 0.76640625 0.1515625 0.08125
10 0.68125 0.68671875 0.0921875 0.059375
10 0.69296875 0.73046875 0.1203125 0.0609375
10 0.503125 0.67890625 0.078125 0.065625
3 0.92578125 0.65546875 0.1234375 0.0984375
10 0.80546875 0.21484375 0.146875 0.078125
10 0.78359375 0.25078125 0.1421875 0.08125
10 0.7609375 0.30390625 0.0875 0.0875
8 0.6984375 0.275 0.05 0.05
6 0.29453125 0.98359375 0.0390625 0.0328125
6 0.034375 0.54609375 0.0265625 0.0203125
6 0.09375 0.5265625 0.028125 0.0203125
6 0.13046875 0.4453125 0.025 0.021875
6 0.12265625 0.4859375 0.021875 0.0171875
6 0.453125 0.48671875 0.0296875 0.015625
4 0.54140625 0.77734375 0.05625 0.0328125
4 0.4828125 0.8796875 0.040625 0.0390625
8 0.41640625 0.7046875 0.0796875 0.04375
6 0.284375 0.6453125 0.028125 0.025
7 0.42734375 0.48984375 0.0171875 0.009375
6 0.53515625 0.471875 0.0359375 0.0203125
7 0.54140625 0.51875 0.0328125 0.01875
4 0.5390625 0.5171875 0.0484375 0.0265625
6 0.6046875 0.51171875 0.040625 0.0265625
6 0.65078125 0.51171875 0.0453125 0.0203125
6 0.6859375 0.42109375 0.0453125 0.0234375
10 0.7609375 0.38203125 0.0953125 0.103125
4 0.0203125 0.47734375 0.040625 0.0453125