3 0.4546875 0.75625 0.08125 0.0703125
10 0.54296875 0.725 0.0734375 0.0703125
3 0.75546875 0.66875 0.0796875 0.071875
3 0.91796875 0.6171875 0.071875 0.0671875
3 0.90859375 0.425 0.1015625 0.08125
3 0.71875 0.5296875 0.0984375 0.075
1 0.81484375 0.68828125 0.028125 0.03125
1 0.4140625 0.82109375 0.0234375 0.0359375
1 0.34765625 0.815625 0.0359375 0.0359375
1 0.34921875 0.79609375 0.0265625 0.025
6 0.34140625 0.80703125 0.01875 0.025
6 0.34140625 0.79140625 0.0203125 0.028125
3 0.50859375 0.225 0.065625 0.059375
3 0.59609375 0.1953125 0.0625 0.053125
3 0.56953125 0.1109375 0.046875 0.075
3 0.684375 0.071875 0.0609375 0.0546875
3 0.6734375 0.040625 0.0625 0.053125
4 0.6140625 0.02265625 0.0234375 0.028125