4 0.2515625 0.878125 0.02734375 0.034375
10 0.46875 0.2625 0.01875 0.0359375
10 0.53046875 0.246875 0.0265625 0.02578125
3 0.490625 0.3671875 0.04140625 0.0265625
4 0.43203125 0.375 0.01015625 0.0203125
8 0.5 0.39921875 0.02578125 0.0296875
8 0.5015625 0.46015625 0.034375 0.03515625
10 0.48671875 0.490625 0.03984375 0.04140625
3 0.4796875 0.521875 0.04765625 0.04296875
3 0.4734375 0.55703125 0.05 0.04140625
3 0.46953125 0.590625 0.05703125 0.04609375
3 0.44375 0.66796875 0.059375 0.0484375
4 0.51953125 0.73671875 0.01953125 0.028125
6 0.546875 0.6859375 0.00859375 0.03671875
6 0.5421875 0.67421875 0.0109375 0.03515625
7 0.5328125 0.6984375 0.0171875 0.03359375
4 0.3390625 0.653125 0.0203125 0.03515625
5 0.52421875 0.64453125 0.04609375 0.14609375
6 0.28828125 0.78046875 0.0125 0.02421875
4 0.840625 0.73828125 0.02421875 0.02890625
3 0.77109375 0.690625 0.06640625 0.0484375
8 0.7828125 0.6375 0.040625 0.03828125
4 0.78046875 0.60625 0.028125 0.02578125
3 0.66796875 0.55625 0.02734375 0.059375
9 0.65 0.20234375 0.01640625 0.03984375
10 0.66484375 0.146875 0.01953125 0.01953125
3 0.65859375 0.13984375 0.01796875 0.01640625
3 0.65859375 0.13359375 0.02109375 0.015625
3 0.65859375 0.1296875 0.02265625 0.01484375
3 0.65546875 0.10625 0.01640625 0.01953125
0 0.56953125 0.690625 0.01640625 0.0546875
7 0.5828125 0.55234375 0.0078125 0.0265625
4 0.58359375 0.55859375 0.00703125 0.03203125
7 0.6390625 0.5078125 0.00546875 0.01796875
7 0.6390625 0.50234375 0.0078125 0.0234375
4 0.63828125 0.50546875 0.00859375 0.0234375
7 0.62890625 0.30078125 0.00390625 0.01640625
4 0.628125 0.30390625 0.00546875 0.01796875
0 0.56640625 0.215625 0.00859375 0.025
0 0.578125 0.184375 0.01015625 0.0296875
8 0.5984375 0.16484375 0.0109375 0.02421875
7 0.6 0.165625 0.00390625 0.009375
7 0.59609375 0.165625 0.00390625 0.01171875
4 0.69140625 0.18984375 0.00546875 0.01328125
4 0.6859375 0.18671875 0.0046875 0.01171875
3 0.58515625 0.1140625 0.01015625 0.01640625
4 0.57578125 0.08125 0.003125 0.00703125
7 0.57578125 0.078125 0.003125 0.009375
6 0.60078125 0.04921875 0.00234375 0.00625
6 0.59765625 0.0484375 0.00234375 0.00859375
1 0.5984375 0.04921875 0.00234375 0.00546875
4 0.58046875 0.03203125 0.00234375 0.00546875
7 0.58046875 0.03046875 0.00234375 0.0046875
7 0.58125 0.009375 0.0015625 0.0046875
1 0.58125 0.01171875 0.00234375 0.0046875
5 0.59296875 0.015625 0.00546875 0.01171875
6 0.753125 0.2109375 0.00546875 0.01875
6 0.784375 0.2859375 0.00546875 0.021875
9 0.90390625 0.240625 0.03828125 0.0453125
5 0.9421875 0.2859375 0.03046875 0.046875
4 0.09609375 0.9671875 0.03125 0.03046875