3 0.0328125 0.29453125 0.01953125 0.03515625
3 0.29921875 0.58984375 0.02421875 0.0203125
3 0.32421875 0.58359375 0.01953125 0.01953125
9 0.2359375 0.51171875 0.04765625 0.03828125
3 0.23515625 0.4125 0.01171875 0.04375
3 0.21015625 0.42109375 0.0125 0.04140625
3 0.28359375 0.403125 0.0125 0.03984375
3 0.29609375 0.396875 0.01171875 0.03828125
3 0.30703125 0.39140625 0.00859375 0.03203125
10 0.22265625 0.3203125 0.0125 0.04453125
3 0.29375 0.30234375 0.01015625 0.034375
3 0.26328125 0.3546875 0.02265625 0.0203125
4 0.13046875 0.40078125 0.0125 0.01328125
4 0.21015625 0.3203125 0.01015625 0.0109375
4 0.21171875 0.3359375 0.009375 0.01484375
4 0.1890625 0.35078125 0.0125 0.01171875
3 0.31640625 0.29296875 0.01015625 0.03515625
10 0.328125 0.29296875 0.01171875 0.040625
10 0.33828125 0.28515625 0.0125 0.040625
3 0.36171875 0.28046875 0.0125 0.03515625
3 0.41953125 0.26015625 0.01328125 0.03515625
3 0.4421875 0.25078125 0.01171875 0.034375
3 0.40234375 0.153125 0.01015625 0.02578125
3 0.46484375 0.246875 0.0125 0.03671875
3 0.47578125 0.24296875 0.01171875 0.03125
10 0.49921875 0.2328125 0.0109375 0.03203125
10 0.48671875 0.23203125 0.0125 0.040625
10 0.521875 0.225 0.01484375 0.0390625
10 0.44609375 0.34453125 0.01328125 0.0390625
10 0.459375 0.34140625 0.01171875 0.034375
10 0.4703125 0.34296875 0.01328125 0.040625
10 0.48125 0.33671875 0.01328125 0.040625
10 0.49453125 0.33046875 0.01328125 0.0390625
3 0.50625 0.32734375 0.01328125 0.034375
3 0.51640625 0.32265625 0.01328125 0.034375
3 0.528125 0.31796875 0.0140625 0.03984375
2 0.453125 0.43125 0.0609375 0.04609375
3 0.4640625 0.6625 0.028125 0.02890625
3 0.51015625 0.64453125 0.02578125 0.028125
3 0.68046875 0.70546875 0.02109375 0.04609375
3 0.684375 0.63203125 0.0203125 0.05078125
3 0.66796875 0.571875 0.01796875 0.04921875