3 0.23203125 0.484375 0.0375 0.03203125
3 0.33984375 0.57109375 0.01796875 0.05546875
3 0.315625 0.4390625 0.0296875 0.0296875
3 0.3265625 0.40390625 0.03125 0.02890625
3 0.2671875 0.3671875 0.02890625 0.02890625
3 0.225 0.3515625 0.02890625 0.02890625
3 0.1375 0.409375 0.03046875 0.0296875
3 0.090625 0.39375 0.03203125 0.03359375
3 0.11484375 0.5234375 0.03671875 0.03203125
3 0.39453125 0.3234375 0.02734375 0.0234375
3 0.37265625 0.28671875 0.028125 0.0265625
3 0.41640625 0.296875 0.03046875 0.0265625
3 0.43828125 0.27109375 0.02578125 0.02890625
3 0.48515625 0.25625 0.02734375 0.02421875
3 0.55546875 0.2765625 0.02734375 0.02421875
3 0.5796875 0.24921875 0.02890625 0.02578125
3 0.625 0.215625 0.02578125 0.025
3 0.653125 0.24375 0.02890625 0.02109375
3 0.70546875 0.228125 0.02578125 0.021875
3 0.53828125 0.3015625 0.02734375 0.025
3 0.5734375 0.29140625 0.02734375 0.025
3 0.5 0.31328125 0.02890625 0.028125
3 0.4640625 0.32578125 0.03046875 0.02578125
3 0.42734375 0.3390625 0.0296875 0.028125
3 0.46328125 0.30546875 0.02734375 0.025
3 0.54140625 0.2390625 0.025 0.02890625
3 0.19296875 0.18515625 0.01171875 0.02578125
3 0.15546875 0.053125 0.0234375 0.01328125
3 0.1 0.115625 0.021875 0.01640625
3 0.0984375 0.10078125 0.0234375 0.01796875
3 0.09765625 0.09140625 0.02109375 0.01875
3 0.09921875 0.08359375 0.01953125 0.01640625
3 0.10546875 0.0703125 0.02109375 0.01875
3 0.11015625 0.059375 0.02109375 0.01796875
3 0.1546875 0.065625 0.02109375 0.01484375
3 0.1640625 0.04375 0.01875 0.01484375
3 0.16171875 0.0375 0.01640625 0.0140625
3 0.16015625 0.028125 0.01796875 0.01484375
3 0.15859375 0.01796875 0.02109375 0.0140625
3 0.159375 0.00859375 0.01796875 0.01328125
3 0.1125 0.01171875 0.01875 0.01328125
10 0.11171875 0.01875 0.01640625 0.015625
10 0.159375 0.07578125 0.01953125 0.01875
10 0.17265625 0.0859375 0.01015625 0.02578125
3 0.21796875 0.17421875 0.01171875 0.0265625
3 0.21640625 0.2359375 0.01171875 0.0296875
3 0.19453125 0.14140625 0.01015625 0.0265625
3 0.21171875 0.209375 0.01171875 0.0296875
2 0.1953125 0.21953125 0.01640625 0.059375
3 0.12109375 0.08046875 0.009375 0.01875
3 0.1515625 0.0984375 0.01953125 0.01796875
10 0.12578125 0.14765625 0.02109375 0.01953125
10 0.09921875 0.15625 0.01171875 0.021875
3 0.00625 0.17890625 0.0125 0.0265625
3 0.01875 0.1765625 0.01171875 0.021875
3 0.03515625 0.16875 0.01015625 0.028125
3 0.06484375 0.16953125 0.009375 0.021875
6 0.1328125 0.12578125 0.00546875 0.01484375
6 0.19921875 0.09296875 0.00390625 0.015625
6 0.2 0.171875 0.00390625 0.01484375
6 0.196875 0.171875 0.00390625 0.01328125
6 0.071875 0.08359375 0.0046875 0.0140625
9 0.15546875 0.228125 0.01796875 0.071875
9 0.11640625 0.28359375 0.0390625 0.04375
7 0.184375 0.25703125 0.00546875 0.0140625
4 0.184375 0.259375 0.0046875 0.01875
3 0.2609375 0.26171875 0.01953125 0.0265625
10 0.24375 0.10703125 0.01015625 0.0234375
6 0.25234375 0.11875 0.00390625 0.0140625
6 0.25546875 0.13828125 0.003125 0.015625
6 0.2578125 0.1359375 0.0046875 0.01640625
7 0.2390625 0.1265625 0.0046875 0.009375
4 0.2390625 0.12890625 0.0046875 0.01484375
3 0.31015625 0.228125 0.02265625 0.02890625
6 0.31171875 0.25078125 0.003125 0.01796875
6 0.328125 0.2515625 0.003125 0.01796875
6 0.34296875 0.265625 0.00390625 0.015625
4 0.36484375 0.2484375 0.00859375 0.0109375
9 0.27734375 0.109375 0.028125 0.028125
10 0.27890625 0.09765625 0.01796875 0.01953125
7 0.5875 0.1984375 0.00546875 0.0109375
3 0.584375 0.22578125 0.02578125 0.0265625
10 0.646875 0.22578125 0.03046875 0.028125
3 0.68984375 0.2140625 0.02578125 0.021875
3 0.7203125 0.20390625 0.01796875 0.0234375
10 0.67421875 0.3796875 0.02890625 0.028125
2 0.7125 0.32578125 0.03359375 0.0515625
3 0.71328125 0.36875 0.03046875 0.02421875
6 0.678125 0.4265625 0.0078125 0.01640625
6 0.6609375 0.43125 0.0078125 0.01796875
6 0.71484375 0.39140625 0.00859375 0.01796875
6 0.72109375 0.396875 0.00859375 0.015625
6 0.72578125 0.40625 0.00703125 0.015625
7 0.659375 0.3484375 0.00546875 0.0140625
1 0.65859375 0.353125 0.00703125 0.015625
6 0.3921875 0.61015625 0.00546875 0.01875
6 0.39609375 0.60859375 0.00546875 0.021875
6 0.3984375 0.515625 0.0046875 0.015625
7 0.3546875 0.49609375 0.0046875 0.01796875
1 0.3546875 0.49765625 0.01328125 0.0140625
4 0.38671875 0.47421875 0.01171875 0.015625
7 0.38828125 0.4734375 0.00546875 0.0140625
3 0.40234375 0.440625 0.02890625 0.034375
6 0.1109375 0.64609375 0.00546875 0.01875
6 0.1046875 0.59375 0.01015625 0.015625
3 0.04609375 0.54375 0.04140625 0.034375
10 0.07421875 0.50078125 0.03984375 0.04296875
3 0.31640625 0.7125 0.01953125 0.03203125
9 0.0390625 0.3875 0.04765625 0.034375