3 0.26640625 0.14921875 0.02265625 0.01875
10 0.2890625 0.14765625 0.01796875 0.01796875
10 0.3140625 0.146875 0.021875 0.01953125
3 0.3453125 0.1484375 0.02421875 0.015625
3 0.3734375 0.14921875 0.0234375 0.015625
3 0.4046875 0.15 0.0234375 0.01640625
10 0.35859375 0.1296875 0.02265625 0.01875
3 0.36171875 0.13828125 0.02265625 0.01484375
3 0.39140625 0.1375 0.02265625 0.015625
6 0.403125 0.13046875 0.00234375 0.01328125
3 0.42109375 0.1375 0.0234375 0.015625
3 0.43359375 0.1484375 0.02421875 0.015625
3 0.465625 0.15078125 0.02421875 0.015625
10 0.4484375 0.1359375 0.01953125 0.01953125
10 0.4734375 0.13359375 0.01875 0.01953125
3 0.50390625 0.1359375 0.025 0.01953125
3 0.5234375 0.15078125 0.02109375 0.01484375
3 0.534375 0.1375 0.02265625 0.01796875
3 0.54921875 0.1515625 0.01875 0.0140625
3 0.56796875 0.13828125 0.0203125 0.01484375
6 0.571875 0.1375 0.00234375 0.01796875
3 0.61484375 0.15078125 0.02578125 0.01640625
6 0.61640625 0.1390625 0.00234375 0.0140625
3 0.62421875 0.1296875 0.01875 0.01875
3 0.67421875 0.1359375 0.021875 0.01796875
3 0.7484375 0.16640625 0.01015625 0.015625
3 0.74609375 0.20859375 0.01640625 0.0234375
3 0.73828125 0.26953125 0.01796875 0.034375
3 0.74453125 0.30625 0.02734375 0.03359375
6 0.71171875 0.16171875 0.00390625 0.0140625
6 0.70859375 0.15859375 0.00234375 0.00703125
3 0.65859375 0.41328125 0.021875 0.0515625
3 0.64140625 0.4640625 0.02578125 0.046875
3 0.66796875 0.346875 0.02109375 0.040625
3 0.63125 0.51484375 0.02734375 0.059375
3 0.6203125 0.56953125 0.03046875 0.06015625
6 0.64609375 0.53671875 0.00859375 0.03359375
6 0.60703125 0.6765625 0.009375 0.04140625
3 0.58671875 0.75390625 0.04453125 0.109375
3 0.4484375 0.58125 0.040625 0.07109375
3 0.6671875 0.96484375 0.084375 0.0703125
0 0.5625 0.93203125 0.03671875 0.09609375
3 0.3015625 0.93203125 0.0796875 0.1359375
9 0.43828125 0.9015625 0.06015625 0.14609375
6 0.51953125 0.87421875 0.01015625 0.05078125
6 0.51015625 0.85625 0.00859375 0.03203125
6 0.4921875 0.478125 0.00859375 0.0203125
3 0.9609375 0.95546875 0.07734375 0.08515625
6 0.80078125 0.2390625 0.00546875 0.025
10 0.79609375 0.1890625 0.02109375 0.02890625
9 0.7375 0.01796875 0.0109375 0.03125
7 0.41171875 0.24765625 0.0046875 0.01171875
7 0.4015625 0.25546875 0.00390625 0.01171875
6 0.409375 0.26328125 0.0046875 0.01640625
6 0.24921875 0.253125 0.00390625 0.01796875
6 0.253125 0.2515625 0.0046875 0.01953125
6 0.1453125 0.17578125 0.0046875 0.01796875
6 0.1546875 0.17734375 0.00546875 0.01796875
6 0.05546875 0.1859375 0.00546875 0.01875
6 0.0359375 0.18828125 0.00546875 0.015625
6 0.01171875 0.2015625 0.00703125 0.02109375
6 0.34609375 0.10546875 0.003125 0.01484375
6 0.33984375 0.10703125 0.003125 0.01484375
10 0.33046875 0.09921875 0.01796875 0.0203125
6 0.39375 0.09921875 0.00234375 0.01328125
6 0.3859375 0.10078125 0.00234375 0.0140625
7 0.3890625 0.10390625 0.00234375 0.00703125
10 0.23515625 0.0859375 0.01640625 0.01796875
7 0.54765625 0.48515625 0.003125 0.0109375
7 0.546875 0.48671875 0.00703125 0.021875
7 0.55625 0.4734375 0.00703125 0.0203125
3 0.87109375 0.42109375 0.03984375 0.028125
3 0.87265625 0.440625 0.03828125 0.02578125
3 0.875 0.465625 0.04296875 0.03203125
3 0.71875 0.57109375 0.02734375 0.06328125
3 0.52109375 0.659375 0.03203125 0.1046875