3 0.3890625 0.89375 0.04140625 0.125
3 0.41328125 0.69375 0.03125 0.10703125
0 0.4265625 0.384375 0.03046875 0.06171875
3 0.38359375 0.36171875 0.03515625 0.06875
3 0.31328125 0.3234375 0.03515625 0.05859375
10 0.35703125 0.33828125 0.04140625 0.08828125
7 0.47265625 0.45234375 0.00703125 0.01953125
7 0.4859375 0.41015625 0.00546875 0.01875
1 0.48828125 0.40703125 0.0125 0.01796875
4 0.48671875 0.47578125 0.01484375 0.034375
4 0.50546875 0.428125 0.01328125 0.03046875
7 0.496875 0.45078125 0.00703125 0.01640625
4 0.496875 0.52734375 0.01953125 0.03203125
3 0.60703125 0.55078125 0.03359375 0.0859375
3 0.64140625 0.56953125 0.034375 0.08515625
3 0.75390625 0.6375 0.03515625 0.09921875
3 0.2234375 0.28046875 0.0359375 0.053125
3 0.20234375 0.25859375 0.0421875 0.05859375