3 0.42734375 0.6 0.0453125 0.1
3 0.46640625 0.49921875 0.046875 0.07890625
3 0.48671875 0.628125 0.0453125 0.0953125
3 0.525 0.54609375 0.040625 0.07890625
3 0.67421875 0.58046875 0.0578125 0.0984375
6 0.6578125 0.52421875 0.01015625 0.021875
6 0.5140625 0.609375 0.01015625 0.0203125
6 0.4859375 0.49453125 0.00625 0.02421875
3 0.221875 0.446875 0.05390625 0.0640625
3 0.153125 0.56328125 0.05078125 0.0484375
3 0.05703125 0.41328125 0.0453125 0.04375
3 0.21171875 0.340625 0.03984375 0.04453125
3 0.25859375 0.33359375 0.05234375 0.046875
3 0.3375 0.359375 0.046875 0.06796875
3 0.08359375 0.57421875 0.0296875 0.0984375
3 0.1640625 0.46640625 0.06015625 0.03984375
3 0.16484375 0.5140625 0.05859375 0.05
3 0.11328125 0.56328125 0.0296875 0.090625
3 0.259375 0.3 0.04296875 0.04296875
3 0.259375 0.26015625 0.04609375 0.04296875
3 0.2109375 0.3015625 0.04140625 0.040625
3 0.209375 0.271875 0.04921875 0.03515625
3 0.1171875 0.29921875 0.053125 0.0390625
3 0.11171875 0.34140625 0.05078125 0.03984375
3 0.3390625 0.2484375 0.04609375 0.053125
3 0.2078125 0.665625 0.03984375 0.0890625
3 0.25390625 0.58984375 0.0421875 0.09453125
3 0.2734375 0.55546875 0.04140625 0.0890625
3 0.29296875 0.51796875 0.046875 0.08828125
3 0.3125 0.48359375 0.04453125 0.08125
3 0.334375 0.46328125 0.053125 0.09296875
3 0.34375 0.434375 0.046875 0.084375
3 0.36484375 0.40625 0.04453125 0.0984375
3 0.3828125 0.3796875 0.05078125 0.090625
3 0.39296875 0.359375 0.04921875 0.08125
3 0.4078125 0.334375 0.03828125 0.075
3 0.44140625 0.290625 0.05078125 0.07109375
3 0.41953125 0.26640625 0.04296875 0.06015625
3 0.37890625 0.29921875 0.04453125 0.0734375
3 0.346875 0.29609375 0.04140625 0.06484375
3 0.390625 0.23671875 0.0484375 0.03984375
3 0.3875 0.20859375 0.0578125 0.04609375
3 0.26328125 0.2265625 0.05234375 0.0265625
3 0.20859375 0.24375 0.05 0.0390625
9 0.43984375 0.215625 0.05078125 0.06796875
3 0.0109375 0.08046875 0.02109375 0.0484375
3 0.47890625 0.18046875 0.04609375 0.05