3 0.74375 0.63203125 0.03046875 0.0609375
10 0.72109375 0.5484375 0.02109375 0.04609375
3 0.70625 0.50078125 0.02421875 0.04921875
3 0.67890625 0.384375 0.02109375 0.03203125
3 0.67421875 0.35625 0.0296875 0.034375
10 0.66484375 0.33046875 0.01796875 0.03046875
3 0.64765625 0.34609375 0.01015625 0.02421875
4 0.83203125 0.77890625 0.015625 0.034375
4 0.8953125 0.90625 0.02578125 0.0390625
3 0.56484375 0.18359375 0.01015625 0.01796875
10 0.55234375 0.15078125 0.00859375 0.0203125
3 0.55546875 0.1265625 0.00859375 0.0140625
3 0.56015625 0.08828125 0.00703125 0.01171875
3 0.54765625 0.03046875 0.00625 0.009375
3 0.55546875 0.01484375 0.00546875 0.0109375
4 0.80859375 0.76171875 0.0203125 0.01875
4 0.75859375 0.58515625 0.01953125 0.01875
4 0.7421875 0.5171875 0.01328125 0.0140625
6 0.71171875 0.36875 0.00546875 0.025
7 0.30859375 0.7828125 0.01015625 0.01953125
7 0.34375 0.65078125 0.0078125 0.01875
4 0.30703125 0.80078125 0.00859375 0.01875
4 0.34140625 0.6671875 0.00859375 0.02109375
4 0.6734375 0.490625 0.00546875 0.01640625
4 0.41875 0.353125 0.00390625 0.01640625
4 0.43828125 0.28359375 0.003125 0.01328125
4 0.44375 0.25625 0.00234375 0.0109375
4 0.44921875 0.25703125 0.00390625 0.01171875
4 0.45546875 0.2640625 0.003125 0.0109375
4 0.4484375 0.234375 0.00234375 0.009375
4 0.459375 0.2484375 0.00234375 0.01015625
4 0.46328125 0.21015625 0.00234375 0.009375
4 0.4609375 0.18984375 0.003125 0.009375
4 0.49140625 0.16875 0.0046875 0.009375
4 0.46875 0.16015625 0.00234375 0.00703125
4 0.47421875 0.15546875 0.003125 0.00625
4 0.5875 0.19296875 0.003125 0.009375
4 0.53671875 0.2109375 0.0078125 0.00703125
4 0.5453125 0.20703125 0.00546875 0.00546875
4 0.621875 0.23359375 0.00390625 0.00703125
4 0.61171875 0.2296875 0.003125 0.009375
4 0.7984375 0.7265625 0.02265625 0.02109375
4 0.7921875 0.70390625 0.021875 0.01640625
4 0.78671875 0.6921875 0.02109375 0.01953125
4 0.78515625 0.678125 0.01953125 0.01875
1 0.75625 0.48203125 0.01171875 0.01171875
7 0.67421875 0.48203125 0.00546875 0.0140625
7 0.621875 0.22734375 0.00234375 0.00859375
7 0.6109375 0.22421875 0.00234375 0.00859375
7 0.58828125 0.1859375 0.00234375 0.009375
7 0.54453125 0.20078125 0.0046875 0.009375
7 0.5359375 0.20625 0.003125 0.0109375
7 0.490625 0.1640625 0.00390625 0.009375
7 0.47421875 0.14921875 0.00234375 0.0046875
7 0.46875 0.15390625 0.00234375 0.00625
7 0.46171875 0.18359375 0.003125 0.00546875
7 0.4640625 0.20546875 0.00234375 0.00859375
7 0.4484375 0.228125 0.00234375 0.00859375
7 0.459375 0.24140625 0.00390625 0.009375
7 0.44453125 0.2484375 0.00234375 0.00859375
7 0.44921875 0.25 0.003125 0.00703125
7 0.45546875 0.2578125 0.003125 0.01015625
7 0.41953125 0.34453125 0.00390625 0.01171875
7 0.43984375 0.27734375 0.00390625 0.0140625
3 0.93046875 0.3734375 0.021875 0.02890625
3 0.90703125 0.3390625 0.02109375 0.0265625
3 0.86875 0.2828125 0.01796875 0.0234375
3 0.84296875 0.23828125 0.00859375 0.0203125
3 0.83046875 0.23828125 0.01171875 0.01953125
7 0.47265625 0.1265625 0.00234375 0.00546875
4 0.471875 0.1328125 0.00234375 0.00625