8 0.2984375 0.76953125 0.0671875 0.1109375
7 0.309375 0.7375 0.0546875 0.0859375
6 0.36328125 0.76796875 0.0671875 0.11875
6 0.415625 0.74140625 0.065625 0.1140625
6 0.446875 0.734375 0.0515625 0.0953125
6 0.45859375 0.77578125 0.05625 0.103125
6 0.59296875 0.453125 0.0328125 0.0625
6 0.578125 0.43828125 0.0421875 0.084375
6 0.69453125 0.49375 0.053125 0.0859375
6 0.5984375 0.5515625 0.05 0.0953125
1 0.56953125 0.58984375 0.0609375 0.0734375
7 0.6671875 0.56328125 0.040625 0.05
7 0.5640625 0.3515625 0.0421875 0.075
4 0.55390625 0.37734375 0.034375 0.0609375
1 0.621875 0.08671875 0.025 0.0421875
7 0.62734375 0.07109375 0.0234375 0.046875
6 0.73203125 0.09375 0.0296875 0.059375
6 0.54921875 0.15390625 0.0375 0.0734375
6 0.50859375 0.1671875 0.0328125 0.0734375
7 0.3921875 0.35859375 0.0390625 0.0625
6 0.9234375 0.1453125 0.03125 0.053125
3 0.95859375 0.17890625 0.0828125 0.0796875
10 0.865625 0.13125 0.0875 0.0828125
10 0.82578125 0.1828125 0.1140625 0.125
10 0.73984375 0.51875 0.1328125 0.2125
10 0.40703125 0.24921875 0.090625 0.140625
10 0.08984375 0.64375 0.1796875 0.33125
10 0.63125 0.921875 0.196875 0.15625