3 0.3765625 0.8578125 0.05625 0.1046875
3 0.47109375 0.034375 0.0265625 0.0203125
3 0.4109375 0.14453125 0.01875 0.03125
3 0.37421875 0.153125 0.0203125 0.028125
5 0.40859375 0.00859375 0.0203125 0.0171875
0 0.37578125 0.00703125 0.0109375 0.0140625
4 0.390625 0.01796875 0.0078125 0.0125
7 0.39140625 0.01640625 0.00625 0.0125
7 0.38984375 0.00390625 0.0046875 0.0078125
8 0.39296875 0.00234375 0.0078125 0.0046875
4 0.390625 0.00546875 0.0046875 0.009375
4 0.41640625 0.059375 0.00625 0.0125
0 0.42265625 0.0625 0.0125 0.0171875
7 0.4171875 0.05625 0.0078125 0.015625
7 0.4234375 0.0578125 0.0078125 0.0125
0 0.37734375 0.11796875 0.0171875 0.0265625
7 0.39453125 0.1609375 0.0078125 0.015625
4 0.39375 0.16640625 0.009375 0.0171875
4 0.346875 0.19765625 0.009375 0.0203125
4 0.34609375 0.2203125 0.009375 0.0203125
7 0.34765625 0.1921875 0.009375 0.0171875
7 0.34765625 0.21796875 0.009375 0.0171875
7 0.3421875 0.303125 0.0109375 0.0234375
7 0.32109375 0.32109375 0.009375 0.0203125
7 0.3265625 0.35234375 0.0109375 0.021875
7 0.32421875 0.35859375 0.009375 0.015625
4 0.33984375 0.309375 0.0140625 0.0234375
4 0.31953125 0.325 0.0140625 0.021875
4 0.3234375 0.35625 0.0109375 0.0234375
1 0.44453125 0.45390625 0.0140625 0.0328125
7 0.2875 0.53828125 0.0125 0.0234375
5 0.28984375 0.53125 0.0203125 0.0421875
7 0.39765625 0.57890625 0.0125 0.0203125
7 0.39375 0.57421875 0.0125 0.0203125
7 0.359375 0.6296875 0.015625 0.0359375
7 0.34296875 0.63359375 0.01875 0.03125
7 0.2546875 0.65390625 0.0140625 0.028125
8 0.3875 0.58671875 0.0375 0.05
8 0.35859375 0.628125 0.025 0.05
8 0.34140625 0.634375 0.0265625 0.053125
0 0.39765625 0.60546875 0.040625 0.0546875
4 0.39921875 0.64140625 0.0234375 0.040625
4 0.4 0.6765625 0.025 0.034375
4 0.3984375 0.6625 0.0234375 0.0328125
1 0.42265625 0.665625 0.0234375 0.028125
1 0.4234375 0.65546875 0.0265625 0.0296875
4 0.25546875 0.65625 0.0171875 0.0390625
3 0.2875 0.671875 0.05 0.0921875
6 0.20546875 0.68203125 0.0171875 0.0421875
4 0.21015625 0.678125 0.028125 0.0375
4 0.18984375 0.70234375 0.028125 0.040625
4 0.215625 0.7984375 0.028125 0.046875
4 0.2421875 0.77109375 0.0265625 0.0578125
4 0.19921875 0.884375 0.0234375 0.0546875
4 0.18671875 0.85703125 0.034375 0.065625
6 0.2 0.85234375 0.0203125 0.0375
9 0.31796875 0.05390625 0.0390625 0.0328125
0 0.315625 0.01015625 0.028125 0.0203125