6 0.51171875 0.75625 0.02265625 0.0609375
7 0.09296875 0.54609375 0.02109375 0.04921875
3 0.35859375 0.68359375 0.096875 0.20625
3 0.43359375 0.46484375 0.07890625 0.171875
3 0.4859375 0.33359375 0.0546875 0.11875
3 0.53125 0.23125 0.04921875 0.08046875
3 0.31640625 0.3921875 0.07421875 0.115625
3 0.3671875 0.3015625 0.06640625 0.09921875
3 0.5828125 0.71484375 0.084375 0.20390625
3 0.61171875 0.55625 0.059375 0.14921875
3 0.63203125 0.42890625 0.0515625 0.12578125
3 0.68359375 0.86875 0.090625 0.20546875
3 0.65703125 0.909375 0.10234375 0.12578125
3 0.68984375 0.72421875 0.078125 0.196875
3 0.6484375 0.33359375 0.04296875 0.11953125
3 0.66171875 0.23203125 0.04921875 0.11796875
3 0.665625 0.04453125 0.02734375 0.0484375
3 0.24296875 0.34921875 0.05234375 0.12109375
3 0.2828125 0.28359375 0.04765625 0.11015625
3 0.32578125 0.24765625 0.04453125 0.09921875
3 0.346875 0.21015625 0.04921875 0.07421875
3 0.378125 0.18125 0.0515625 0.0890625
3 0.4 0.146875 0.0453125 0.06875
3 0.42578125 0.12578125 0.04921875 0.06796875
3 0.37421875 0.059375 0.04609375 0.0703125
7 0.36640625 0.38671875 0.01796875 0.03984375
4 0.36640625 0.403125 0.02109375 0.053125
3 0.45234375 0.17578125 0.04296875 0.06953125
3 0.478125 0.1296875 0.03984375 0.05546875
3 0.5 0.09375 0.0296875 0.053125
3 0.51796875 0.0609375 0.02890625 0.05
10 0.53671875 0.034375 0.0203125 0.046875
3 0.55078125 0.01640625 0.0234375 0.03203125
3 0.4953125 0.03203125 0.03203125 0.0390625
3 0.50390625 0.01796875 0.03046875 0.03515625