5 0.21328125 0.021875 0.01640625 0.04375
9 0.20234375 0.08515625 0.0234375 0.071875
9 0.18671875 0.18671875 0.02734375 0.0984375
4 0.25 0.040625 0.00390625 0.01953125
4 0.24609375 0.05625 0.00625 0.01875
10 0.23984375 0.0828125 0.015625 0.03828125
3 0.2359375 0.11328125 0.0140625 0.034375
10 0.23203125 0.1390625 0.01484375 0.03515625
10 0.22890625 0.16875 0.0171875 0.04453125
10 0.2265625 0.2 0.01640625 0.040625
10 0.221875 0.22578125 0.0171875 0.03828125
5 0.21796875 0.25546875 0.01484375 0.028125
3 0.15234375 0.35859375 0.01015625 0.0359375
3 0.1765625 0.31640625 0.0125 0.03828125
10 0.18984375 0.32734375 0.01328125 0.03828125
10 0.2015625 0.33515625 0.01328125 0.040625
9 0.16328125 0.521875 0.01796875 0.046875
10 0.209375 0.49375 0.02265625 0.0203125
3 0.1828125 0.53828125 0.01328125 0.03671875
3 0.28203125 0.415625 0.01015625 0.0390625
3 0.32265625 0.571875 0.009375 0.03984375
3 0.32109375 0.403125 0.01015625 0.03984375
10 0.6484375 0.709375 0.01953125 0.03828125
10 0.62265625 0.65859375 0.0171875 0.0359375
2 0.6078125 0.60703125 0.0265625 0.06640625
3 0.58984375 0.54453125 0.01484375 0.04140625
3 0.57578125 0.4828125 0.01484375 0.04140625
10 0.56328125 0.4296875 0.01484375 0.040625
2 0.5515625 0.35859375 0.021875 0.065625
4 0.63203125 0.34140625 0.00703125 0.01171875
4 0.66484375 0.30078125 0.009375 0.0140625
3 0.5359375 0.27421875 0.0140625 0.04296875
7 0.528125 0.01796875 0.00546875 0.00703125
10 0.29453125 0.009375 0.0078125 0.01875
3 0.31171875 0.03671875 0.009375 0.0359375
3 0.31640625 0.121875 0.009375 0.03828125
10 0.28828125 0.19609375 0.009375 0.03203125
2 0.40625 0.2765625 0.025 0.1046875
10 0.3078125 0.31796875 0.00859375 0.03515625
10 0.32109375 0.2890625 0.009375 0.03671875
3 0.3578125 0.303125 0.00859375 0.0390625