10 0.31328125 0.35625 0.0828125 0.1046875
7 0.38671875 0.5046875 0.0125 0.015625
7 0.3875 0.53125 0.009375 0.0125
3 0.1125 0.88359375 0.0609375 0.1
10 0.4734375 0.7625 0.06875 0.0828125
10 0.44375 0.70703125 0.065625 0.0796875
3 0.62734375 0.803125 0.0828125 0.1046875
3 0.596875 0.73515625 0.0734375 0.090625
3 0.50859375 0.61328125 0.078125 0.09375
3 0.7578125 0.70234375 0.065625 0.075
4 0.63203125 0.5421875 0.021875 0.028125
4 0.58984375 0.33046875 0.025 0.0296875
10 0.49453125 0.2859375 0.096875 0.1046875
4 0.4578125 0.09921875 0.01875 0.0234375
3 0.30703125 0.04921875 0.0484375 0.0359375
3 0.35703125 0.040625 0.040625 0.0453125