6 0.77421875 0.21484375 0.0171875 0.009375
6 0.77265625 0.22890625 0.0171875 0.0109375
3 0.8078125 0.29140625 0.0890625 0.05
3 0.7078125 0.28828125 0.09375 0.04375
6 0.58046875 0.2609375 0.0171875 0.0125
4 0.49296875 0.30390625 0.0359375 0.015625
7 0.49296875 0.30390625 0.0203125 0.0109375
4 0.55625 0.23046875 0.0234375 0.0203125
6 0.5578125 0.22890625 0.0140625 0.009375
6 0.5125 0.2234375 0.0109375 0.009375
6 0.4984375 0.234375 0.0140625 0.0125
6 0.36640625 0.28671875 0.0109375 0.009375
6 0.32265625 0.2921875 0.0109375 0.0109375
4 0.32578125 0.2703125 0.0125 0.0125
8 0.26484375 0.3296875 0.05 0.0234375
6 0.265625 0.34765625 0.0140625 0.009375
6 0.309375 0.39921875 0.0109375 0.0078125
6 0.38046875 0.3859375 0.0109375 0.0078125
6 0.39140625 0.37265625 0.015625 0.009375
4 0.18125 0.3453125 0.0203125 0.0234375
6 0.13359375 0.34375 0.0171875 0.009375
6 0.1453125 0.37265625 0.0203125 0.0125
6 0.11015625 0.390625 0.021875 0.0140625
3 0.15234375 0.43203125 0.0921875 0.0421875
6 0.0578125 0.3546875 0.0171875 0.009375
4 0.00546875 0.39375 0.0109375 0.021875
4 0.07734375 0.37578125 0.01875 0.01875
4 0.01640625 0.44375 0.0328125 0.015625
6 0.078125 0.46796875 0.025 0.0125
1 0.15 0.47265625 0.015625 0.01875
1 0.13984375 0.478125 0.01875 0.01875
3 0.17578125 0.4625 0.04375 0.0484375
4 0.38984375 0.2921875 0.015625 0.01875
7 0.4265625 0.384375 0.015625 0.009375
7 0.42265625 0.39609375 0.0125 0.009375
7 0.46953125 0.38359375 0.0140625 0.0125
7 0.503125 0.3796875 0.0109375 0.0078125