3 0.35546875 0.77734375 0.0734375 0.040625
3 0.4703125 0.62890625 0.059375 0.03125
3 0.421875 0.5203125 0.0796875 0.034375
3 0.68671875 0.61640625 0.046875 0.0265625
3 0.7421875 0.59921875 0.053125 0.0265625
3 0.9609375 0.68984375 0.0171875 0.0140625
3 0.82421875 0.63984375 0.0328125 0.0171875
10 0.8390625 0.61953125 0.040625 0.01875
10 0.83046875 0.67578125 0.0359375 0.021875
10 0.96640625 0.67265625 0.0234375 0.015625
4 0.92421875 0.63125 0.0171875 0.009375
3 0.82890625 0.71640625 0.0234375 0.0171875