3 0.0890625 0.35546875 0.028125 0.0234375
3 0.09765625 0.3828125 0.03359375 0.0234375
3 0.096875 0.378125 0.02890625 0.021875
3 0.10859375 0.38828125 0.03203125 0.021875
10 0.11328125 0.39296875 0.02265625 0.0203125
3 0.12578125 0.396875 0.028125 0.0234375
3 0.14375 0.40078125 0.0265625 0.02109375
3 0.15546875 0.40390625 0.01953125 0.02109375
3 0.171875 0.40390625 0.03046875 0.0234375
3 0.1984375 0.40078125 0.0265625 0.01640625
3 0.0828125 0.35078125 0.02265625 0.0203125
3 0.0875 0.340625 0.02734375 0.01953125
3 0.09375 0.334375 0.01953125 0.01640625
10 0.015625 0.3625 0.02421875 0.02109375
3 0.02890625 0.3578125 0.02265625 0.01796875
3 0.028125 0.34296875 0.02890625 0.01796875
3 0.03671875 0.33515625 0.02109375 0.01640625
3 0.04765625 0.3234375 0.02734375 0.01640625
3 0.06953125 0.29453125 0.02421875 0.01640625
3 0.0796875 0.27890625 0.0203125 0.01875
3 0.0265625 0.4390625 0.02109375 0.0390625
3 0.46328125 0.4140625 0.0140625 0.028125
3 0.4796875 0.41015625 0.01484375 0.02578125
3 0.49453125 0.40859375 0.01484375 0.02109375
3 0.5109375 0.40390625 0.015625 0.025
3 0.57578125 0.39609375 0.01875 0.025
3 0.5890625 0.39453125 0.01796875 0.02421875
3 0.64375 0.38359375 0.01875 0.02421875
3 0.35703125 0.209375 0.01171875 0.00859375
3 0.35625 0.20546875 0.01015625 0.0109375
3 0.3578125 0.21640625 0.01171875 0.01015625
3 0.35546875 0.190625 0.00703125 0.01171875
3 0.35234375 0.184375 0.00625 0.01171875
3 0.34765625 0.17890625 0.00703125 0.009375
3 0.7 0.37578125 0.0203125 0.0203125
10 0.72578125 0.3703125 0.0171875 0.02421875
8 0.69765625 0.34921875 0.01640625 0.01875
3 0.75546875 0.3625 0.01796875 0.02109375
3 0.771875 0.3609375 0.01953125 0.0234375
3 0.79453125 0.359375 0.021875 0.0234375
3 0.80546875 0.353125 0.01796875 0.01875
3 0.81953125 0.3515625 0.01875 0.01953125