3 0.9640625 0.821875 0.040625 0.1703125
3 0.934375 0.5546875 0.034375 0.1171875
3 0.93828125 0.3125 0.0296875 0.0828125
3 0.93671875 0.11953125 0.021875 0.0609375
3 0.7875 0.1875 0.021875 0.0515625
3 0.78125 0.2390625 0.021875 0.0578125
3 0.80078125 0.12421875 0.0171875 0.040625
3 0.80703125 0.08203125 0.0171875 0.03125
3 0.759375 0.36640625 0.028125 0.0765625
3 0.74609375 0.4609375 0.0265625 0.0828125
6 0.78671875 0.528125 0.0078125 0.034375
6 0.8765625 0.59375 0.0109375 0.0265625
6 0.86953125 0.7390625 0.0171875 0.03125
3 0.72265625 0.58125 0.0390625 0.0875
6 0.7390625 0.0203125 0.003125 0.0140625
6 0.746875 0.021875 0.0046875 0.015625
6 0.715625 0.08984375 0.0078125 0.021875
6 0.72109375 0.09453125 0.0046875 0.021875
6 0.68671875 0.0921875 0.0046875 0.0234375
4 0.69921875 0.05 0.0078125 0.028125
4 0.66640625 0.20234375 0.0078125 0.0296875
6 0.65 0.21484375 0.0046875 0.021875
7 0.6671875 0.19765625 0.0078125 0.01875
3 0.76875 0.03203125 0.028125 0.0328125
3 0.7609375 0.04921875 0.0359375 0.0265625
6 0.73359375 0.01953125 0.003125 0.0125
10 0.753125 0.06953125 0.0328125 0.0421875
10 0.7265625 0.1609375 0.0390625 0.0421875
3 0.74375 0.0875 0.0390625 0.0390625
3 0.7375 0.1125 0.0359375 0.0453125
3 0.73671875 0.1390625 0.034375 0.0390625
3 0.7265625 0.19375 0.040625 0.0421875
3 0.71171875 0.2140625 0.0421875 0.0453125
3 0.71171875 0.246875 0.040625 0.053125
3 0.68984375 0.36796875 0.0515625 0.0625
9 0.6953125 0.30625 0.053125 0.0671875
3 0.6578125 0.2671875 0.0296875 0.0609375
3 0.6828125 0.41875 0.0484375 0.0421875
3 0.66953125 0.459375 0.0515625 0.046875
3 0.64609375 0.50078125 0.059375 0.053125
3 0.6328125 0.54296875 0.059375 0.065625
3 0.62109375 0.596875 0.059375 0.06875
3 0.6078125 0.65078125 0.0625 0.0640625
3 0.596875 0.71171875 0.06875 0.0625
3 0.58046875 0.76875 0.0671875 0.0828125
6 0.58046875 0.46328125 0.0078125 0.034375
6 0.57265625 0.446875 0.0078125 0.03125
6 0.584375 0.5875 0.0046875 0.0234375
6 0.57421875 0.60703125 0.0046875 0.0296875
6 0.471875 0.83984375 0.0078125 0.040625
6 0.459375 0.8421875 0.0109375 0.046875
3 0.55625 0.83125 0.0640625 0.084375
3 0.54140625 0.896875 0.06875 0.096875
3 0.47109375 0.66171875 0.0625 0.0640625
3 0.5078125 0.5546875 0.05625 0.059375
3 0.52265625 0.50859375 0.0609375 0.046875
3 0.534375 0.4546875 0.05 0.0640625
3 0.55234375 0.375 0.053125 0.059375
6 0.4875 0.58359375 0.00625 0.021875