9 0.61953125 0.1140625 0.05625 0.053125
9 0.925 0.68125 0.15 0.059375
3 0.5765625 0.0921875 0.0421875 0.0390625
3 0.35390625 0.08515625 0.0484375 0.034375
3 0.515625 0.05546875 0.0421875 0.0359375
3 0.3828125 0.0546875 0.040625 0.0328125
3 0.3546875 0.03359375 0.0390625 0.0328125
3 0.66171875 0.52890625 0.04375 0.1078125
3 0.77578125 0.50234375 0.0625 0.059375
3 0.78359375 0.5796875 0.084375 0.0734375
3 0.7921875 0.67734375 0.09375 0.0734375
3 0.62109375 0.5125 0.0390625 0.0921875
10 0.340625 0.66015625 0.0515625 0.1078125
10 0.36640625 0.59140625 0.046875 0.0953125
10 0.38671875 0.53515625 0.0453125 0.090625
10 0.415625 0.48125 0.0453125 0.0890625
3 0.48125 0.47734375 0.0609375 0.065625
3 0.46796875 0.5109375 0.0625 0.075
3 0.446875 0.55 0.06875 0.075
3 0.4328125 0.60234375 0.0765625 0.08125
3 0.4171875 0.66015625 0.0796875 0.08125
3 0.39609375 0.70546875 0.0796875 0.0609375
3 0.65703125 0.2984375 0.05 0.04375
3 0.596875 0.29375 0.04375 0.040625
3 0.46953125 0.3328125 0.0453125 0.0421875
3 0.4203125 0.28203125 0.0359375 0.0390625
3 0.37421875 0.278125 0.040625 0.040625
3 0.4875 0.284375 0.0484375 0.0421875
3 0.5359375 0.2859375 0.040625 0.0453125
3 0.48203125 0.26171875 0.0390625 0.0390625
3 0.5 0.22421875 0.0265625 0.0453125
3 0.57421875 0.22265625 0.028125 0.0578125
3 0.59609375 0.221875 0.021875 0.046875
3 0.4765625 0.215625 0.0234375 0.0453125
3 0.4578125 0.21953125 0.0265625 0.0453125
3 0.4375 0.21875 0.025 0.05
3 0.41640625 0.21328125 0.0296875 0.0453125
3 0.38515625 0.21484375 0.0296875 0.053125
10 0.35703125 0.21953125 0.0328125 0.0640625
10 0.28828125 0.0921875 0.0515625 0.046875
3 0.40078125 0.17578125 0.0453125 0.0296875
3 0.59765625 0.18515625 0.0359375 0.0328125
3 0.55625 0.17578125 0.0421875 0.0390625
3 0.5 0.17734375 0.0421875 0.0375
6 0.83203125 0.24296875 0.0109375 0.028125
6 0.8375 0.23828125 0.0109375 0.028125
6 0.790625 0.22734375 0.0078125 0.021875
6 0.7953125 0.22421875 0.0078125 0.025