3 0.27890625 0.4796875 0.028125 0.1015625
3 0.4328125 0.4671875 0.0328125 0.1140625
3 0.5984375 0.2921875 0.0453125 0.1203125
3 0.39609375 0.88359375 0.0234375 0.065625
3 0.2859375 0.8984375 0.0203125 0.065625
3 0.10546875 0.95 0.0484375 0.0390625
3 0.0921875 0.77265625 0.053125 0.0453125
3 0.0515625 0.53046875 0.0703125 0.0515625
2 0.54140625 0.3734375 0.0890625 0.315625
3 0.6515625 0.678125 0.0546875 0.0421875
3 0.5875 0.971875 0.0484375 0.0328125
3 0.59296875 0.95078125 0.0390625 0.0390625
3 0.59453125 0.92578125 0.0484375 0.0421875
3 0.5984375 0.9 0.05 0.0421875
3 0.60234375 0.88125 0.0484375 0.0546875
3 0.6078125 0.8453125 0.0484375 0.040625
3 0.6171875 0.81484375 0.0515625 0.0453125
3 0.621875 0.78515625 0.0515625 0.0453125
3 0.63359375 0.74921875 0.0546875 0.0453125
3 0.6453125 0.7171875 0.0546875 0.0484375
10 0.69296875 0.51640625 0.0671875 0.0578125
3 0.678125 0.56015625 0.0640625 0.05
3 0.71953125 0.46328125 0.0234375 0.046875
3 0.66875 0.6078125 0.0609375 0.0421875
3 0.3859375 0.97734375 0.021875 0.0375
3 0.1671875 0.95625 0.0328125 0.05625
3 0.17578125 0.909375 0.0234375 0.053125
3 0.1484375 0.6546875 0.03125 0.0921875
3 0.0953125 0.65 0.034375 0.0890625
3 0.05859375 0.578125 0.0640625 0.0453125
3 0.0375 0.484375 0.0640625 0.0609375
3 0.096875 0.80390625 0.05625 0.0359375
3 0.09765625 0.83125 0.0515625 0.0390625
3 0.57734375 0.71640625 0.034375 0.071875
3 0.71484375 0.10625 0.0578125 0.1453125
4 0.7046875 0.72890625 0.0140625 0.0375
3 0.0328125 0.359375 0.0578125 0.05625
3 0.02890625 0.2484375 0.0421875 0.053125
10 0.03203125 0.43046875 0.0609375 0.0546875
10 0.1125 0.90078125 0.0515625 0.0453125
1 0.03828125 0.746875 0.0125 0.015625
6 0.1359375 0.85 0.0109375 0.03125
6 0.13125 0.86171875 0.00625 0.01875
3 0.16796875 0.81953125 0.021875 0.075
3 0.1328125 0.49375 0.0375 0.0890625
6 0.09375 0.41796875 0.0171875 0.025
6 0.040625 0.29140625 0.0265625 0.025
6 0.06328125 0.190625 0.01875 0.021875
6 0.0484375 0.23046875 0.0234375 0.025
3 0.11484375 0.340625 0.0328125 0.0734375
4 0.7171875 0.71484375 0.0109375 0.034375
3 0.54609375 0.840625 0.0265625 0.0609375