6 0.5578125 0.69453125 0.0125 0.021875
6 0.65390625 0.66875 0.0140625 0.0203125
6 0.56015625 0.45546875 0.009375 0.025
6 0.5625 0.41953125 0.009375 0.025
6 0.57265625 0.421875 0.009375 0.021875
6 0.58359375 0.42421875 0.009375 0.025
6 0.58203125 0.39140625 0.0125 0.021875
6 0.553125 0.4015625 0.009375 0.025
6 0.5453125 0.37109375 0.009375 0.021875
6 0.6390625 0.36953125 0.009375 0.021875
6 0.5078125 0.31953125 0.009375 0.0203125
6 0.4921875 0.29296875 0.009375 0.021875
6 0.475 0.2640625 0.0078125 0.021875
6 0.48515625 0.26640625 0.009375 0.0265625
6 0.4578125 0.2015625 0.00625 0.021875
6 0.459375 0.21015625 0.0046875 0.0140625
6 0.46796875 0.2125 0.009375 0.025
6 0.44609375 0.165625 0.0078125 0.028125
6 0.45390625 0.06953125 0.00625 0.021875