3 0.51015625 0.19453125 0.025 0.0265625
3 0.5328125 0.1875 0.025 0.0265625
3 0.55625 0.178125 0.025 0.0265625
3 0.58046875 0.1703125 0.025 0.0265625
3 0.60078125 0.1625 0.0265625 0.0265625
3 0.6203125 0.15234375 0.025 0.0265625
3 0.63828125 0.146875 0.0234375 0.0265625
3 0.65859375 0.14140625 0.025 0.025
10 0.67734375 0.134375 0.025 0.0265625
3 0.58359375 0.23125 0.0265625 0.025
10 0.60234375 0.221875 0.025 0.0265625
3 0.64296875 0.21015625 0.0265625 0.025
3 0.6640625 0.20078125 0.025 0.0265625
3 0.23671875 0.43203125 0.0296875 0.0296875
9 0.0890625 0.5828125 0.090625 0.0484375
3 0.81875 0.30078125 0.040625 0.0234375
3 0.909375 0.4171875 0.0390625 0.0234375
3 0.746875 0.5 0.040625 0.0265625
3 0.81640625 0.50625 0.0265625 0.028125
3 0.85 0.49765625 0.025 0.025
3 0.8484375 0.5453125 0.0265625 0.025
3 0.71796875 0.54296875 0.0265625 0.025
3 0.7015625 0.54921875 0.025 0.0265625
3 0.61796875 0.58046875 0.025 0.0265625
3 0.64375 0.61875 0.025 0.0265625
3 0.67890625 0.60625 0.025 0.0265625
10 0.6859375 0.5546875 0.025 0.025
3 0.4578125 0.56796875 0.0359375 0.0234375
4 0.36484375 0.609375 0.0171875 0.0109375
6 0.9484375 0.51015625 0.0171875 0.0109375
6 0.94140625 0.40625 0.0140625 0.0109375
6 0.934375 0.465625 0.0140625 0.0125
6 0.575 0.64375 0.0078125 0.0078125
6 0.571875 0.64921875 0.0109375 0.0078125