3 0.27578125 0.16328125 0.0859375 0.128125
3 0.4328125 0.35234375 0.0484375 0.065625
3 0.4296875 0.47109375 0.040625 0.0546875
3 0.490625 0.5890625 0.03125 0.0359375
10 0.53125 0.284375 0.059375 0.0953125
10 0.525 0.653125 0.0234375 0.028125
3 0.58359375 0.63984375 0.0234375 0.034375
3 0.5921875 0.5890625 0.0296875 0.04375
9 0.60234375 0.625 0.0328125 0.05
3 0.60390625 0.65078125 0.0234375 0.034375
9 0.6453125 0.734375 0.034375 0.03125
8 0.68203125 0.721875 0.028125 0.028125
3 0.63515625 0.5921875 0.034375 0.0375
7 0.64921875 0.621875 0.00625 0.009375
7 0.65 0.6265625 0.0078125 0.015625
4 0.65859375 0.51875 0.0171875 0.025
0 0.66953125 0.5265625 0.034375 0.0375
8 0.61015625 0.5265625 0.034375 0.03125
8 0.6140625 0.47578125 0.034375 0.040625
6 0.64296875 0.4953125 0.0140625 0.025
6 0.653125 0.4921875 0.015625 0.028125
6 0.6515625 0.496875 0.015625 0.028125
6 0.68515625 0.4828125 0.015625 0.0265625
7 0.646875 0.4453125 0.0171875 0.0265625
1 0.60078125 0.43125 0.0234375 0.0203125
8 0.621875 0.38046875 0.03125 0.04375
7 0.603125 0.3515625 0.0203125 0.028125
4 0.66328125 0.29921875 0.028125 0.0359375
6 0.6796875 0.23671875 0.0234375 0.04375
4 0.55625 0.20703125 0.0421875 0.0453125
8 0.56796875 0.22265625 0.0546875 0.0546875
0 0.56328125 0.2546875 0.0546875 0.078125
0 0.54296875 0.1234375 0.065625 0.084375
0 0.5390625 0.575 0.0359375 0.053125
0 0.559375 0.68828125 0.015625 0.0203125
9 0.54609375 0.70234375 0.0296875 0.05
6 0.66015625 0.6203125 0.0125 0.0234375
9 0.53984375 0.7203125 0.028125 0.0359375
7 0.60390625 0.75390625 0.00625 0.009375
7 0.578125 0.75234375 0.00625 0.009375
4 0.57734375 0.75 0.0078125 0.0140625
8 0.603125 0.7515625 0.0078125 0.0125
0 0.6421875 0.8 0.0171875 0.01875
10 0.6578125 0.81015625 0.015625 0.0140625
0 0.62109375 0.7953125 0.009375 0.0125
3 0.6203125 0.80078125 0.009375 0.0125
7 0.6265625 0.84140625 0.0046875 0.00625
4 0.625 0.8390625 0.0046875 0.00625
6 0.6375 0.8640625 0.0046875 0.00625
0 0.45390625 0.84375 0.0125 0.015625
3 0.5046875 0.81875 0.0109375 0.0171875