9 0.7296875 0.51484375 0.084375 0.0859375
3 0.63671875 0.5296875 0.040625 0.0515625
3 0.5671875 0.47109375 0.0296875 0.04375
3 0.53125 0.4359375 0.0328125 0.0484375
3 0.471875 0.4265625 0.0328125 0.0453125
3 0.478125 0.38671875 0.0359375 0.0484375
3 0.4140625 0.33203125 0.03125 0.040625
3 0.209375 0.16484375 0.028125 0.034375
2 0.740625 0.2953125 0.0421875 0.0609375
3 0.71953125 0.30078125 0.0296875 0.04375
3 0.73046875 0.26171875 0.028125 0.0375
2 0.75625 0.23359375 0.0390625 0.0609375
3 0.7421875 0.21875 0.0296875 0.040625
3 0.7515625 0.1765625 0.028125 0.0390625
3 0.76640625 0.19296875 0.025 0.0375
3 0.76015625 0.14375 0.025 0.0375
3 0.771875 0.1046875 0.025 0.0375
3 0.79140625 0.03671875 0.025 0.034375
9 0.7859375 0.18125 0.0640625 0.109375
9 0.803125 0.2125 0.04375 0.0703125