2 0.3625 0.5609375 0.03984375 0.1515625
10 0.40625 0.365625 0.03203125 0.03046875
10 0.12890625 0.0140625 0.0078125 0.0109375
3 0.17421875 0.00859375 0.00703125 0.0109375
3 0.2203125 0.0078125 0.00625 0.01015625
2 0.259375 0.01171875 0.00859375 0.02109375
3 0.234375 0.01953125 0.00859375 0.01015625
2 0.121875 0.040625 0.0203125 0.03984375
3 0.1421875 0.003125 0.0046875 0.00625
10 0.14921875 0.01953125 0.00546875 0.00859375
3 0.178125 0.0265625 0.0078125 0.01171875
10 0.08671875 0.0640625 0.01015625 0.01171875
10 0.09765625 0.07421875 0.009375 0.0140625
10 0.07890625 0.0859375 0.01015625 0.01328125
3 0.06953125 0.11015625 0.01328125 0.01328125
3 0.1046875 0.0828125 0.00859375 0.01171875
3 0.11640625 0.07890625 0.0078125 0.0109375
10 0.09453125 0.11640625 0.01171875 0.015625
3 0.12578125 0.090625 0.00859375 0.0109375
3 0.14453125 0.0734375 0.00703125 0.0140625
3 0.17265625 0.0546875 0.00703125 0.01328125
10 0.00625 0.209375 0.0125 0.01953125
3 0.01484375 0.21171875 0.0140625 0.015625
3 0.02734375 0.2109375 0.01484375 0.01875
3 0.0390625 0.21640625 0.01484375 0.01640625
3 0.00703125 0.31875 0.01328125 0.02890625
3 0.08359375 0.16953125 0.0125 0.02109375
3 0.09140625 0.20234375 0.01171875 0.01953125
6 0.08359375 0.14609375 0.0046875 0.01328125
10 0.07734375 0.20390625 0.01328125 0.02578125
2 0.06015625 0.36484375 0.0203125 0.08515625
2 0.1625 0.1140625 0.01640625 0.04921875
2 0.13515625 0.30390625 0.02265625 0.0796875
2 0.1171875 0.39453125 0.034375 0.096875
2 0.08671875 0.5859375 0.04375 0.13984375
6 0.01796875 0.63046875 0.009375 0.015625
6 0.034375 0.62421875 0.00546875 0.015625
6 0.0359375 0.61484375 0.00625 0.01484375
7 0.03828125 0.603125 0.0046875 0.0109375
7 0.04296875 0.60078125 0.00390625 0.009375
7 0.04375 0.578125 0.00390625 0.01171875
7 0.04609375 0.584375 0.0046875 0.01328125
6 0.0453125 0.56796875 0.00546875 0.0109375
6 0.05 0.56796875 0.0046875 0.0140625
6 0.053125 0.55546875 0.00546875 0.01171875
7 0.04921875 0.546875 0.00625 0.00859375
7 0.0484375 0.55234375 0.0046875 0.00859375
6 0.0546875 0.5375 0.00625 0.01953125
6 0.05546875 0.5421875 0.00546875 0.01953125
6 0.05703125 0.53125 0.0046875 0.015625
6 0.05859375 0.52421875 0.00546875 0.01953125
6 0.0609375 0.51640625 0.0046875 0.0203125
6 0.0640625 0.50625 0.0046875 0.009375
6 0.065625 0.49453125 0.00703125 0.01328125
6 0.06796875 0.49140625 0.00625 0.01171875
10 0.46875 0.5359375 0.03984375 0.0390625
10 0.49609375 0.60078125 0.04140625 0.04140625
10 0.50390625 0.634375 0.04375 0.04296875
10 0.5171875 0.66875 0.0453125 0.04609375
10 0.39609375 0.34140625 0.03046875 0.0265625
10 0.37421875 0.27578125 0.028125 0.02578125
3 0.3890625 0.32421875 0.0265625 0.0234375
3 0.38203125 0.30078125 0.02734375 0.021875
10 0.371875 0.26484375 0.0265625 0.021875
10 0.3625 0.2359375 0.02578125 0.02421875
10 0.34921875 0.20625 0.02421875 0.02109375
3 0.35703125 0.225 0.02265625 0.01875
3 0.35234375 0.21640625 0.02265625 0.01640625
10 0.3453125 0.1890625 0.0234375 0.021875
10 0.3296875 0.16953125 0.0125 0.0234375
10 0.32109375 0.1484375 0.01171875 0.021875
10 0.309375 0.11328125 0.01171875 0.01953125
10 0.3046875 0.09921875 0.01015625 0.01953125
3 0.31640625 0.13359375 0.01015625 0.015625
10 0.36875 0.1484375 0.01796875 0.021875
3 0.3625 0.1359375 0.0203125 0.01796875
10 0.36171875 0.121875 0.02109375 0.01953125
10 0.35703125 0.1140625 0.01953125 0.02109375
6 0.3234375 0.0609375 0.0046875 0.015625
3 0.3203125 0.028125 0.0203125 0.0203125
3 0.34375 0.078125 0.02109375 0.01953125
3 0.34375 0.09375 0.01796875 0.01796875
10 0.35 0.1015625 0.01953125 0.01796875
10 0.35703125 0.115625 0.02109375 0.01953125
10 0.375 0.053125 0.0140625 0.01953125
10 0.37421875 0.08203125 0.01640625 0.02109375
10 0.38515625 0.078125 0.01640625 0.028125
3 0.4 0.05 0.01484375 0.01640625
10 0.41015625 0.04453125 0.015625 0.0234375
10 0.421875 0.04140625 0.01796875 0.0203125
3 0.4328125 0.04140625 0.01328125 0.01953125
3 0.44765625 0.0078125 0.01484375 0.0140625
10 0.4453125 0.0375 0.015625 0.02109375
10 0.45546875 0.034375 0.0171875 0.01953125
10 0.46484375 0.03203125 0.01953125 0.0203125
10 0.47578125 0.028125 0.01796875 0.028125
10 0.48984375 0.02421875 0.015625 0.02578125
10 0.5328125 0.01015625 0.0203125 0.0203125
10 0.5453125 0.01171875 0.0140625 0.02109375
10 0.52265625 0.0125 0.01484375 0.02109375
10 0.51171875 0.01875 0.01484375 0.021875
3 0.5 0.01953125 0.01640625 0.025
6 0.1796875 0.30703125 0.00390625 0.01171875
6 0.1765625 0.3171875 0.00234375 0.01171875
6 0.1671875 0.38203125 0.00390625 0.01484375
3 0.26484375 0.07421875 0.00703125 0.01328125
3 0.26640625 0.0859375 0.00703125 0.01328125
3 0.25625 0.08828125 0.00703125 0.01484375
3 0.27265625 0.1015625 0.00859375 0.01484375
3 0.26328125 0.11328125 0.00703125 0.0140625
3 0.2765625 0.11796875 0.0078125 0.015625
3 0.2703125 0.13671875 0.01015625 0.01640625
3 0.28203125 0.14140625 0.01015625 0.01640625
3 0.27421875 0.15859375 0.01015625 0.01640625
3 0.28359375 0.19921875 0.01015625 0.01953125
2 0.29765625 0.2453125 0.01640625 0.04296875
3 0.3109375 0.30625 0.0140625 0.0265625
10 0.325 0.3046875 0.01328125 0.02578125
10 0.37421875 0.1125 0.0140625 0.02109375
10 0.37578125 0.1390625 0.01328125 0.02421875
10 0.40078125 0.0796875 0.0125 0.01640625
10 0.41015625 0.07421875 0.0171875 0.02109375
10 0.41796875 0.07109375 0.015625 0.0203125
10 0.39765625 0.10625 0.0171875 0.021875
10 0.41015625 0.1015625 0.0171875 0.02578125
10 0.41796875 0.09765625 0.02109375 0.0234375
10 0.42890625 0.0984375 0.01640625 0.02109375
10 0.44296875 0.09453125 0.01796875 0.02109375
10 0.43046875 0.07109375 0.01484375 0.021875
10 0.44453125 0.06875 0.015625 0.0203125
10 0.45390625 0.065625 0.01640625 0.021875
10 0.46484375 0.06171875 0.01640625 0.0234375
10 0.4625 0.0859375 0.01796875 0.02109375
10 0.47265625 0.0859375 0.01796875 0.02109375
10 0.475 0.05703125 0.01796875 0.025
10 0.4890625 0.05546875 0.01640625 0.01953125
3 0.4953125 0.078125 0.01953125 0.01953125
3 0.50625 0.0734375 0.01953125 0.02421875
3 0.5 0.05078125 0.01328125 0.01640625
10 0.509375 0.04765625 0.0140625 0.0265625
10 0.51796875 0.06875 0.01484375 0.02421875
3 0.53046875 0.06796875 0.0125 0.0265625
10 0.53828125 0.065625 0.01640625 0.0203125
3 0.51875 0.04609375 0.0140625 0.021875
10 0.52890625 0.040625 0.01640625 0.021875
10 0.5578125 0.05859375 0.01484375 0.021875
10 0.56875 0.05703125 0.0140625 0.0203125
10 0.57578125 0.05703125 0.01484375 0.01953125
10 0.5828125 0.02890625 0.01484375 0.01953125
3 0.54140625 0.03828125 0.01484375 0.01953125
3 0.5515625 0.03671875 0.01640625 0.0203125
3 0.559375 0.03203125 0.015625 0.021875