3 0.453125 0.93203125 0.0296875 0.040625
3 0.47109375 0.77890625 0.03125 0.040625
3 0.53046875 0.44140625 0.0296875 0.040625
3 0.52578125 0.38828125 0.03125 0.040625
3 0.52734375 0.32890625 0.028125 0.04375
3 0.79921875 0.66328125 0.0625 0.0203125
4 0.79765625 0.690625 0.034375 0.009375
4 0.6140625 0.68125 0.034375 0.00625
4 0.54921875 0.7046875 0.015625 0.01875
4 0.42109375 0.6015625 0.028125 0.00625
4 0.47734375 0.56171875 0.015625 0.015625
4 0.45546875 0.5546875 0.015625 0.01875
4 0.4671875 0.2875 0.015625 0.021875
4 0.56015625 0.38203125 0.015625 0.0203125
4 0.48125 0.46796875 0.0125 0.0171875
4 0.5546875 0.46015625 0.015625 0.01875
4 0.21875 0.6171875 0.034375 0.00625
4 0.171875 0.63984375 0.0296875 0.009375
4 0.36953125 0.70546875 0.0296875 0.009375
4 0.44140625 0.69453125 0.015625 0.0125
3 0.23046875 0.66796875 0.06875 0.0203125
3 0.14296875 0.67421875 0.065625 0.01875
3 0.29609375 0.62265625 0.071875 0.0203125
3 0.23515625 0.59453125 0.065625 0.0171875
9 0.084375 0.59296875 0.115625 0.025
10 0.48984375 0.6328125 0.059375 0.0171875
1 0.534375 0.53203125 0.0109375 0.0125
1 0.55703125 0.4984375 0.0125 0.015625
1 0.24140625 0.60703125 0.025 0.0046875
6 0.4421875 0.965625 0.0125 0.015625
6 0.446875 0.6734375 0.0109375 0.00625
6 0.44296875 0.6703125 0.0109375 0.003125
6 0.4453125 0.665625 0.0125 0.003125
6 0.56484375 0.6953125 0.009375 0.00625
6 0.5640625 0.70234375 0.009375 0.0046875
6 0.6171875 0.6328125 0.0109375 0.0046875
6 0.70625 0.32265625 0.0125 0.0125
6 0.19296875 0.6640625 0.0140625 0.00625
8 0.3359375 0.6796875 0.03125 0.0125
7 0.2171875 0.6171875 0.015625 0.00625
7 0.2390625 0.60703125 0.0109375 0.003125
7 0.33671875 0.6828125 0.0109375 0.00625
7 0.55 0.7046875 0.0125 0.00625
7 0.45546875 0.55546875 0.0109375 0.00625
7 0.47734375 0.5609375 0.0125 0.009375
7 0.534375 0.52890625 0.009375 0.0078125
7 0.5578125 0.4953125 0.0125 0.0078125
7 0.5546875 0.4578125 0.009375 0.00625
7 0.46796875 0.284375 0.009375 0.009375
7 0.440625 0.69453125 0.009375 0.0046875