10 0.3546875 0.171875 0.165625 0.096875
10 0.57109375 0.1515625 0.0953125 0.0609375
10 0.65703125 0.14375 0.0765625 0.05
10 0.77578125 0.13125 0.0609375 0.040625
3 0.709375 0.1375 0.059375 0.0421875
3 0.8609375 0.1234375 0.040625 0.028125
3 0.8921875 0.1265625 0.03125 0.0234375
3 0.81484375 0.21796875 0.0421875 0.028125
6 0.8734375 0.24765625 0.028125 0.0125
6 0.7140625 0.278125 0.0359375 0.0171875
6 0.63984375 0.32890625 0.0421875 0.0203125
1 0.6328125 0.3328125 0.03125 0.015625
3 0.73984375 0.30703125 0.0484375 0.0359375
6 0.79375 0.31640625 0.028125 0.0140625
3 0.846875 0.28125 0.0390625 0.0390625
3 0.8359375 0.3 0.05 0.05
3 0.6703125 0.34375 0.0609375 0.040625
4 0.728125 0.37265625 0.0296875 0.028125
3 0.56796875 0.38671875 0.0859375 0.0546875
10 0.4046875 0.45 0.13125 0.075
4 0.61328125 0.4359375 0.0328125 0.03125
4 0.4984375 0.46484375 0.040625 0.034375
6 0.4078125 0.47890625 0.05 0.0265625
6 0.20859375 0.46796875 0.0453125 0.0265625
6 0.20078125 0.4828125 0.05 0.0234375
6 0.2078125 0.496875 0.053125 0.0296875
9 0.2625 0.615625 0.184375 0.1859375
9 0.3421875 0.5734375 0.18125 0.1859375