3 0.953125 0.34921875 0.025 0.009375
3 0.38359375 0.32578125 0.065625 0.021875
3 0.80859375 0.36171875 0.03125 0.0125
3 0.6578125 0.396875 0.05 0.01875
3 0.403125 0.61796875 0.1 0.0296875
3 0.4265625 0.66875 0.090625 0.0328125
3 0.67734375 0.54921875 0.0453125 0.0203125
3 0.78046875 0.6 0.0390625 0.025
3 0.79765625 0.65390625 0.040625 0.0203125
3 0.809375 0.6859375 0.0453125 0.0234375
3 0.909375 0.70703125 0.03125 0.015625
3 0.85390625 0.51015625 0.025 0.021875
3 0.76796875 0.46796875 0.03125 0.015625
3 0.909375 0.53046875 0.025 0.021875
3 0.92421875 0.534375 0.021875 0.01875
4 0.921875 0.6890625 0.0203125 0.009375
9 0.928125 0.365625 0.053125 0.0171875
9 0.48984375 0.39375 0.11875 0.0296875
10 0.890625 0.353125 0.03125 0.0109375
6 0.72421875 0.50078125 0.015625 0.0046875
6 0.68125 0.49609375 0.0140625 0.00625
6 0.68203125 0.5 0.015625 0.00625
6 0.68203125 0.50390625 0.015625 0.00625
6 0.83203125 0.26171875 0.01875 0.0046875
6 0.82421875 0.25703125 0.015625 0.00625