0 0.67265625 0.334375 0.025 0.034375
3 0.7453125 0.44609375 0.05 0.059375
4 0.625 0.9859375 0.03125 0.028125
7 0.6265625 0.990625 0.015625 0.01875
10 0.45703125 0.58671875 0.0609375 0.075
5 0.57734375 0.3359375 0.0953125 0.10625
7 0.55390625 0.3453125 0.009375 0.0265625
3 0.6203125 0.265625 0.034375 0.0390625
3 0.534375 0.2734375 0.0375 0.05
3 0.55078125 0.19453125 0.0390625 0.0421875
3 0.53671875 0.15390625 0.0390625 0.0328125
6 0.54453125 0.225 0.0125 0.025
6 0.60859375 0.23125 0.0109375 0.0234375
6 0.60390625 0.225 0.0125 0.0171875
10 0.49375 0.18828125 0.0609375 0.075
10 0.375 0.36640625 0.0453125 0.05625
3 0.41640625 0.46171875 0.053125 0.0625