3 0.48828125 0.23125 0.19375 0.2328125
3 0.365625 0.3734375 0.15625 0.1609375
3 0.66015625 0.41484375 0.146875 0.159375
3 0.815625 0.4625 0.1109375 0.121875
7 0.84296875 0.11875 0.05 0.0578125
7 0.3171875 0.3234375 0.0421875 0.0609375
4 0.3171875 0.31875 0.078125 0.08125
6 0.62109375 0.584375 0.0328125 0.053125
6 0.6828125 0.5859375 0.0328125 0.0515625
6 0.73828125 0.6640625 0.021875 0.040625
6 0.6875 0.846875 0.015625 0.028125
6 0.69609375 0.9125 0.0125 0.025
3 0.57578125 0.8875 0.0296875 0.0390625
3 0.59765625 0.9609375 0.01875 0.021875
3 0.6359375 0.94453125 0.01875 0.025
3 0.6125 0.90390625 0.025 0.034375
3 0.553125 0.8078125 0.0421875 0.05625
3 0.52265625 0.75703125 0.0484375 0.0625
3 0.496875 0.70859375 0.053125 0.0703125
3 0.53671875 0.70703125 0.0484375 0.0671875
6 0.61171875 0.68828125 0.0234375 0.040625
8 0.5984375 0.69609375 0.059375 0.0859375
3 0.6140625 0.7421875 0.0390625 0.046875
3 0.6359375 0.65703125 0.053125 0.075
7 0.55703125 0.55 0.028125 0.046875
1 0.5546875 0.5390625 0.0453125 0.0453125
3 0.9546875 0.553125 0.0671875 0.0703125
3 0.7859375 0.56796875 0.08125 0.0890625
3 0.85 0.58125 0.075 0.0765625
3 0.90703125 0.590625 0.0765625 0.0703125
10 0.96484375 0.60390625 0.0703125 0.0734375
3 0.71484375 0.60234375 0.084375 0.071875
3 0.746875 0.61640625 0.08125 0.0765625
3 0.78359375 0.62265625 0.0796875 0.075
3 0.8234375 0.628125 0.075 0.0703125
3 0.85703125 0.6328125 0.0703125 0.0671875
3 0.89453125 0.64453125 0.078125 0.0734375
3 0.93125 0.63828125 0.0765625 0.0703125
3 0.95625 0.6453125 0.078125 0.06875
3 0.97421875 0.64921875 0.0515625 0.0671875
3 0.984375 0.6546875 0.03125 0.065625
3 0.87265625 0.703125 0.0546875 0.0578125
3 0.79765625 0.6984375 0.065625 0.0734375
3 0.63125 0.80078125 0.04375 0.0609375
3 0.70390625 0.70390625 0.0703125 0.0640625
3 0.70078125 0.725 0.06875 0.065625
6 0.73515625 0.78984375 0.01875 0.03125
3 0.7046875 0.74140625 0.0609375 0.05625
3 0.7078125 0.75703125 0.0609375 0.053125
3 0.7 0.77109375 0.05625 0.05
3 0.71015625 0.78515625 0.05 0.046875
3 0.70625 0.7953125 0.0515625 0.0484375
3 0.70078125 0.8078125 0.046875 0.0453125
1 0.64140625 0.75703125 0.015625 0.0265625
7 0.64375 0.76171875 0.015625 0.028125
3 0.70859375 0.8296875 0.04375 0.0390625
3 0.70859375 0.8375 0.04375 0.0421875
3 0.71015625 0.84375 0.0390625 0.0375
3 0.7109375 0.8515625 0.0390625 0.034375
3 0.71328125 0.86484375 0.0390625 0.0359375
3 0.7109375 0.86953125 0.0390625 0.034375
3 0.71171875 0.87109375 0.0375 0.0390625
3 0.71328125 0.8890625 0.0359375 0.034375
3 0.7125 0.89375 0.0359375 0.034375
6 0.73359375 0.86796875 0.0140625 0.0234375
4 0.73203125 0.84765625 0.0125 0.0203125
4 0.7375 0.903125 0.0140625 0.021875
6 0.75 0.8765625 0.0109375 0.0234375
4 0.73046875 0.9015625 0.0078125 0.0125
6 0.678125 0.890625 0.0125 0.0234375
6 0.7109375 0.94140625 0.0140625 0.021875
3 0.7109375 0.90625 0.03125 0.028125
3 0.7125 0.9140625 0.03125 0.0296875
3 0.7125 0.91875 0.0296875 0.0265625
3 0.71328125 0.921875 0.0265625 0.025
3 0.71328125 0.925 0.0234375 0.021875
3 0.7125 0.93046875 0.0265625 0.025
3 0.71171875 0.9328125 0.0265625 0.025