3 0.17109375 0.95078125 0.01015625 0.0296875
10 0.19140625 0.92890625 0.0109375 0.025
9 0.3078125 0.8578125 0.01171875 0.04140625
3 0.31171875 0.76328125 0.00859375 0.0203125
3 0.309375 0.73671875 0.00703125 0.01875
10 0.32265625 0.8109375 0.01328125 0.021875
3 0.32578125 0.79921875 0.01171875 0.01875
9 0.29375 0.69375 0.01484375 0.01953125
9 0.28046875 0.59296875 0.01171875 0.0265625
9 0.19921875 0.54453125 0.009375 0.01796875
10 0.29765625 0.54765625 0.00546875 0.01015625
3 0.31328125 0.67109375 0.01015625 0.0109375
3 0.32578125 0.66484375 0.00546875 0.01484375
3 0.3 0.65625 0.00546875 0.0140625
9 0.34296875 0.61171875 0.009375 0.03046875
3 0.340625 0.72890625 0.01015625 0.0109375
3 0.33984375 0.74140625 0.009375 0.0109375
3 0.34140625 0.734375 0.01015625 0.01171875
9 0.36875 0.553125 0.01484375 0.01875
9 0.303125 0.5265625 0.00546875 0.01328125
3 0.37109375 0.51875 0.00703125 0.00703125
3 0.36953125 0.51640625 0.00703125 0.00859375
3 0.37109375 0.51171875 0.00703125 0.00703125
9 0.3609375 0.49375 0.0078125 0.0234375
9 0.37109375 0.45 0.00546875 0.01328125
9 0.35546875 0.40390625 0.00703125 0.015625
2 0.34296875 0.41171875 0.00625 0.01484375
3 0.3578125 0.37890625 0.00390625 0.0046875
3 0.37421875 0.33203125 0.00234375 0.00390625
2 0.38671875 0.30390625 0.00390625 0.00703125
3 0.37265625 0.36875 0.003125 0.00546875
3 0.37578125 0.34921875 0.00234375 0.00390625
3 0.37734375 0.346875 0.00234375 0.0046875
3 0.378125 0.34375 0.00234375 0.00390625