6 0.07890625 0.94296875 0.009375 0.0265625
4 0.08984375 0.821875 0.01328125 0.025
6 0.06953125 0.83125 0.01015625 0.02109375
7 0.06953125 0.82734375 0.00546875 0.0140625
6 0.08125 0.80234375 0.01015625 0.02109375
3 0.66015625 0.99921875 0.0453125 0.0015625
9 0.65078125 0.96640625 0.05390625 0.05703125
10 0.62109375 0.95078125 0.03828125 0.05390625
3 0.6234375 0.91640625 0.0453125 0.03984375
3 0.61953125 0.87890625 0.0375 0.04375
3 0.58125 0.89375 0.01875 0.0546875
3 0.4828125 0.94375 0.04296875 0.0453125
3 0.49609375 0.915625 0.03828125 0.03828125
10 0.509375 0.88359375 0.0359375 0.04921875
3 0.51171875 0.85234375 0.0375 0.04140625
3 0.5984375 0.8234375 0.02890625 0.0359375
3 0.58984375 0.790625 0.03203125 0.03828125
3 0.58671875 0.753125 0.03046875 0.03828125
10 0.51015625 0.81484375 0.03203125 0.03671875
3 0.51015625 0.790625 0.034375 0.0359375
3 0.51328125 0.76875 0.0328125 0.03203125
3 0.51328125 0.7453125 0.03359375 0.03125
3 0.5140625 0.72109375 0.0328125 0.0296875
3 0.5140625 0.69453125 0.0296875 0.03125
3 0.5140625 0.67578125 0.0265625 0.02421875
3 0.51640625 0.6609375 0.03125 0.0265625
3 0.515625 0.64609375 0.02734375 0.0296875
3 0.5203125 0.62890625 0.0265625 0.021875
3 0.51640625 0.6109375 0.02421875 0.02109375
3 0.51796875 0.59609375 0.02421875 0.02421875
3 0.51640625 0.57578125 0.02421875 0.02109375
3 0.58984375 0.69453125 0.015625 0.034375
3 0.58203125 0.65625 0.0171875 0.02890625
3 0.58046875 0.63046875 0.02109375 0.02890625
3 0.57578125 0.59453125 0.01796875 0.025
3 0.57265625 0.54140625 0.01171875 0.02109375
3 0.5140625 0.55234375 0.0109375 0.0265625
10 0.5203125 0.5203125 0.01953125 0.01875
6 0.5375 0.68828125 0.00546875 0.021875
6 0.5453125 0.69609375 0.0046875 0.021875
3 0.5703125 0.51875 0.01640625 0.01953125
3 0.5671875 0.50390625 0.01640625 0.01796875
3 0.565625 0.48984375 0.01640625 0.01875
3 0.56640625 0.45625 0.01015625 0.01796875
10 0.56328125 0.4375 0.01328125 0.01953125
3 0.51953125 0.4296875 0.00859375 0.0203125
3 0.5640625 0.403125 0.0078125 0.01328125
10 0.52109375 0.40703125 0.015625 0.01796875
3 0.521875 0.38046875 0.0078125 0.01328125
3 0.53671875 0.33046875 0.00703125 0.0140625
4 0.31328125 0.715625 0.00546875 0.01953125
4 0.3859375 0.51875 0.00859375 0.0109375
4 0.38828125 0.51171875 0.009375 0.01328125