6 0.521875 0.25234375 0.028125 0.0140625
3 0.4671875 0.2703125 0.078125 0.0671875
3 0.46484375 0.39765625 0.06875 0.05625
3 0.5125 0.45625 0.0625 0.0546875
3 0.52265625 0.42265625 0.0625 0.0546875
3 0.5578125 0.41640625 0.059375 0.0515625
3 0.5234375 0.3578125 0.065625 0.05625
6 0.34765625 0.5890625 0.0296875 0.0171875
4 0.26640625 0.58125 0.0453125 0.025
7 0.26171875 0.58125 0.0203125 0.0109375
7 0.27421875 0.58359375 0.028125 0.01875
1 0.4125 0.58203125 0.028125 0.021875
7 0.42109375 0.5859375 0.0265625 0.015625
6 0.44453125 0.70625 0.0265625 0.015625
6 0.5453125 0.50546875 0.0265625 0.0140625
6 0.7328125 0.5296875 0.0234375 0.0125
1 0.72734375 0.4984375 0.021875 0.015625
7 0.73359375 0.5 0.0203125 0.0109375
9 0.66328125 0.721875 0.075 0.0609375
3 0.61640625 0.7546875 0.040625 0.03125
3 0.6375 0.7734375 0.040625 0.0265625
6 0.83828125 0.54453125 0.0125 0.00625
10 0.86484375 0.55078125 0.0375 0.0328125