3 0.54453125 0.03828125 0.02578125 0.075
3 0.553125 0.121875 0.025 0.0765625
3 0.56015625 0.265625 0.025 0.10546875
3 0.4859375 0.3609375 0.02421875 0.0890625
3 0.49609375 0.4734375 0.03046875 0.0984375
3 0.4890625 0.5640625 0.0484375 0.06328125
3 0.49140625 0.63046875 0.04921875 0.078125
3 0.56640625 0.5734375 0.040625 0.090625
3 0.7 0.64609375 0.06015625 0.040625
3 0.6171875 0.67421875 0.06015625 0.059375
3 0.5453125 0.7921875 0.02890625 0.10859375
3 0.50859375 0.88984375 0.028125 0.11875
3 0.5921875 0.88671875 0.02734375 0.10859375
3 0.60078125 0.975 0.0296875 0.05
3 0.5125 0.9953125 0.05 0.009375
10 0.659375 0.86328125 0.02578125 0.1359375
9 0.578125 0.4171875 0.03046875 0.1234375
10 0.39375 0.33125 0.0203125 0.08359375
4 0.47734375 0.2890625 0.01328125 0.03515625
6 0.53203125 0.440625 0.00703125 0.03203125
6 0.56015625 0.45859375 0.00703125 0.0296875
6 0.571875 0.484375 0.00859375 0.0234375
6 0.61953125 0.5015625 0.00859375 0.0203125
9 0.61171875 0.42890625 0.02734375 0.1015625
7 0.596875 0.528125 0.00859375 0.021875
4 0.5953125 0.5390625 0.01953125 0.021875
4 0.6703125 0.58046875 0.01953125 0.02109375
4 0.66171875 0.596875 0.01953125 0.021875
6 0.63828125 0.56328125 0.01328125 0.02578125
6 0.69921875 0.5765625 0.009375 0.028125
6 0.7125 0.58515625 0.01328125 0.0203125
6 0.7203125 0.55078125 0.01015625 0.02421875
6 0.72734375 0.55625 0.01015625 0.02109375
9 0.6875 0.5390625 0.06640625 0.0453125
9 0.8390625 0.49921875 0.07265625 0.06796875
6 0.82421875 0.59140625 0.01171875 0.02109375
6 0.90546875 0.69921875 0.01640625 0.021875
6 0.84453125 0.59609375 0.0125 0.0203125
6 0.93671875 0.640625 0.01875 0.015625
6 0.9328125 0.63125 0.015625 0.01640625
6 0.95234375 0.60859375 0.01875 0.02109375
7 0.93046875 0.603125 0.009375 0.02421875
7 0.940625 0.609375 0.01328125 0.01796875
6 0.9171875 0.57421875 0.01953125 0.01875
1 0.9609375 0.62109375 0.02734375 0.01953125
1 0.98203125 0.628125 0.02265625 0.01640625
7 0.98828125 0.6203125 0.0171875 0.01875
6 0.99375 0.64921875 0.0125 0.0171875
6 0.99453125 0.6421875 0.0109375 0.0171875
7 0.9953125 0.68359375 0.009375 0.01953125
8 0.990625 0.68671875 0.01796875 0.03046875
1 0.98515625 0.84921875 0.01328125 0.040625
9 0.9296875 0.8265625 0.07734375 0.05703125
9 0.8 0.78046875 0.0703125 0.09453125
6 0.6953125 0.68671875 0.009375 0.02109375
6 0.66953125 0.69453125 0.01015625 0.0265625
6 0.5953125 0.74921875 0.0078125 0.01875
6 0.59375 0.73203125 0.00859375 0.01796875
7 0.58828125 0.72890625 0.00703125 0.01328125
7 0.628125 0.70703125 0.00859375 0.01875
4 0.628125 0.7171875 0.01640625 0.02890625
6 0.4890625 0.9671875 0.009375 0.015625
6 0.50078125 0.72109375 0.00859375 0.01875
6 0.4828125 0.74140625 0.00859375 0.01953125
6 0.49609375 0.75078125 0.01015625 0.01953125
6 0.4796875 0.7078125 0.01171875 0.0234375
6 0.34453125 0.575 0.009375 0.0296875
6 0.32734375 0.6109375 0.01796875 0.02578125
6 0.33046875 0.73828125 0.009375 0.01953125
6 0.3203125 0.79375 0.01328125 0.0203125
6 0.3171875 0.8453125 0.0109375 0.01640625
6 0.321875 0.91484375 0.01328125 0.0203125
6 0.39140625 0.84140625 0.01328125 0.01953125
6 0.29609375 0.8390625 0.01171875 0.01796875
6 0.29296875 0.84921875 0.01171875 0.021875
6 0.28046875 0.80546875 0.01328125 0.01953125
6 0.334375 0.709375 0.00703125 0.01015625
6 0.33203125 0.7140625 0.00859375 0.01015625
6 0.33203125 0.72109375 0.01484375 0.01484375
7 0.32734375 0.85390625 0.01171875 0.01875
4 0.328125 0.859375 0.0171875 0.0296875
6 0.290625 0.99140625 0.01328125 0.0171875
7 0.24140625 0.9921875 0.01328125 0.015625
10 0.1 0.978125 0.0578125 0.04296875
4 0.05546875 0.9890625 0.0234375 0.021875
4 0.1296875 0.87578125 0.01640625 0.0265625
4 0.115625 0.85390625 0.0171875 0.03125
1 0.1234375 0.8625 0.01640625 0.03046875
8 0.06796875 0.78984375 0.034375 0.06640625
3 0.03984375 0.74140625 0.05390625 0.07421875
1 0.15703125 0.8765625 0.01015625 0.03671875