9 0.25390625 0.37109375 0.0421875 0.1046875
3 0.20703125 0.42734375 0.0203125 0.0484375
3 0.18046875 0.28828125 0.021875 0.046875
3 0.1953125 0.240625 0.01875 0.0484375
3 0.16484375 0.21640625 0.01875 0.0421875
3 0.17734375 0.1421875 0.01875 0.0390625
10 0.15390625 0.04375 0.01875 0.0390625
10 0.1015625 0.09140625 0.015625 0.03125
10 0.00390625 0.15703125 0.0078125 0.0609375
3 0.0015625 0.34921875 0.003125 0.0359375
3 0.0046875 0.39296875 0.009375 0.0453125
6 0.0671875 0.565625 0.0078125 0.0125
6 0.05234375 0.565625 0.0078125 0.015625
6 0.4390625 0.62578125 0.0046875 0.0125
6 0.4421875 0.47734375 0.0078125 0.0140625
6 0.36796875 0.48203125 0.0046875 0.015625
6 0.41875 0.41875 0.003125 0.0109375
6 0.390625 0.34375 0.0046875 0.0140625
6 0.36171875 0.2796875 0.0046875 0.015625
7 0.3390625 0.27734375 0.0078125 0.0125
6 0.3171875 0.22265625 0.0046875 0.0125
6 0.303125 0.26875 0.003125 0.009375
6 0.27109375 0.2375 0.0078125 0.01875
6 0.32421875 0.1625 0.00625 0.015625
6 0.32109375 0.17109375 0.0078125 0.021875
6 0.31484375 0.17890625 0.0046875 0.015625
6 0.31015625 0.16328125 0.0078125 0.0140625
6 0.27421875 0.17265625 0.0046875 0.0125
6 0.3015625 0.11875 0.0078125 0.015625
6 0.29140625 0.08046875 0.0078125 0.01875
6 0.25546875 0.11953125 0.0078125 0.015625
6 0.2515625 0.07890625 0.00625 0.009375
6 0.0734375 0.56875 0.0109375 0.01875
6 0.0578125 0.56015625 0.0078125 0.01875
6 0.27421875 0.09296875 0.0078125 0.0125
6 0.26640625 0.1015625 0.0078125 0.0140625
6 0.2578125 0.1015625 0.003125 0.009375
6 0.253125 0.09140625 0.0046875 0.0125
6 0.253125 0.10078125 0.003125 0.009375
6 0.2609375 0.14296875 0.0046875 0.0140625
6 0.278125 0.17421875 0.0046875 0.0125
6 0.28359375 0.1734375 0.0078125 0.0125
6 0.28828125 0.17109375 0.0046875 0.0140625
6 0.3203125 0.22578125 0.0046875 0.0125
6 0.30625 0.27265625 0.0046875 0.0125
6 0.39296875 0.35078125 0.0046875 0.015625
6 0.421875 0.42578125 0.0046875 0.0125
6 0.44375 0.484375 0.0078125 0.015625
6 0.446875 0.490625 0.0078125 0.015625
6 0.37109375 0.48203125 0.0046875 0.015625
6 0.44140625 0.63046875 0.00625 0.015625
6 0.36484375 0.2796875 0.0046875 0.015625