4 0.0375 0.14453125 0.02421875 0.02109375
4 0.05390625 0.12578125 0.02265625 0.0296875
3 0.2140625 0.021875 0.02578125 0.03203125
3 0.25078125 0.01640625 0.0203125 0.0328125
3 0.24140625 0.04296875 0.025 0.04140625
10 0.22890625 0.06875 0.0265625 0.04921875
3 0.2109375 0.1109375 0.03046875 0.05390625
3 0.24765625 0.09375 0.03125 0.0515625
6 0.31875 0.0265625 0.00546875 0.02890625
10 0.35 0.0140625 0.03515625 0.028125
3 0.1890625 0.1625 0.0390625 0.0640625
10 0.159375 0.228125 0.05234375 0.084375
3 0.21171875 0.1984375 0.03984375 0.07578125
3 0.12578125 0.31640625 0.0546875 0.0796875
3 0.05703125 0.32578125 0.07421875 0.09921875
4 0.0234375 0.4078125 0.046875 0.05625
10 0.06953125 0.43046875 0.07578125 0.1453125
3 0.171875 0.51796875 0.06796875 0.153125
3 0.26640625 0.896875 0.0703125 0.1484375
3 0.28984375 0.696875 0.05859375 0.2109375
3 0.3109375 0.48125 0.04296875 0.12421875
3 0.26640625 0.4171875 0.04921875 0.1046875
3 0.3265625 0.33671875 0.0359375 0.08828125
3 0.240625 0.259375 0.0421875 0.08515625
3 0.33671875 0.2484375 0.03203125 0.0765625
3 0.34375 0.18046875 0.02890625 0.0640625
3 0.3484375 0.11875 0.028125 0.05078125
3 0.3578125 0.04453125 0.02578125 0.03828125
3 0.35546875 0.07578125 0.02421875 0.03671875
3 0.415625 0.015625 0.0171875 0.03125
3 0.4484375 0.01796875 0.01953125 0.03515625
6 0.4703125 0.01328125 0.00703125 0.02578125
6 0.39296875 0.12421875 0.00703125 0.03203125
3 0.4296875 0.13828125 0.02578125 0.05
6 0.43984375 0.175 0.00703125 0.028125
3 0.43203125 0.21015625 0.03203125 0.07578125
3 0.40703125 0.2609375 0.02890625 0.03125
3 0.44609375 0.27890625 0.01484375 0.040625
3 0.4828125 0.0671875 0.00703125 0.02890625
6 0.49609375 0.296875 0.01328125 0.05
7 0.54453125 0.31640625 0.01796875 0.0265625
6 0.4203125 0.38125 0.01171875 0.05
4 0.41640625 0.5015625 0.01796875 0.06796875
6 0.49296875 0.4640625 0.01484375 0.0546875
4 0.55625 0.50234375 0.01796875 0.05625
4 0.459375 0.52421875 0.0421875 0.0515625
10 0.48984375 0.87578125 0.11328125 0.19296875