3 0.34921875 0.34609375 0.03828125 0.03125
3 0.35234375 0.31328125 0.03671875 0.025
3 0.35 0.28203125 0.0359375 0.025
3 0.35078125 0.2484375 0.034375 0.028125
3 0.37421875 0.21875 0.034375 0.025
3 0.3734375 0.18828125 0.03203125 0.02421875
3 0.375 0.16328125 0.034375 0.0234375
3 0.3234375 0.1125 0.01328125 0.04375
3 0.27734375 0.11015625 0.015625 0.05
3 0.13671875 0.5125 0.02421875 0.075
3 0.18515625 0.18046875 0.04140625 0.03203125
3 0.19609375 0.09375 0.03671875 0.0296875
3 0.2015625 0.053125 0.0359375 0.0296875
3 0.20625 0.02578125 0.03515625 0.025
10 0.2921875 0.49921875 0.0171875 0.0765625
3 0.44296875 0.53125 0.04140625 0.03046875
3 0.4328125 0.50078125 0.04296875 0.034375
3 0.43203125 0.45625 0.04296875 0.03515625
3 0.42890625 0.42109375 0.04140625 0.028125
3 0.43515625 0.38515625 0.0375 0.03515625
3 0.4328125 0.34765625 0.04140625 0.03046875
3 0.43046875 0.3140625 0.0375 0.03203125
3 0.415625 0.28671875 0.03828125 0.03203125
3 0.43359375 0.259375 0.03828125 0.03046875
3 0.428125 0.22890625 0.03671875 0.03046875
3 0.428125 0.2015625 0.03359375 0.02890625
3 0.40859375 0.08359375 0.01484375 0.053125
3 0.42890625 0.09140625 0.015625 0.04921875
3 0.4453125 0.090625 0.01484375 0.0484375
3 0.3796875 0.08203125 0.03515625 0.0265625
3 0.37890625 0.10625 0.034375 0.0265625
10 0.37578125 0.05390625 0.03125 0.0296875
10 0.38046875 0.12734375 0.02890625 0.03203125
10 0.4 0.58125 0.01640625 0.06796875
10 0.4453125 0.6078125 0.05234375 0.034375
3 0.45 0.659375 0.0453125 0.02890625
10 0.44375 0.69921875 0.03984375 0.03203125
6 0.35625 0.04609375 0.00546875 0.01953125
6 0.42734375 0.05625 0.00390625 0.01953125
6 0.42734375 0.04375 0.00546875 0.01953125
6 0.46328125 0.1984375 0.00546875 0.01875
6 0.48125 0.19453125 0.00390625 0.01640625
6 0.47421875 0.18828125 0.00546875 0.01796875
6 0.48046875 0.30078125 0.00546875 0.02109375
6 0.49140625 0.3390625 0.00703125 0.01640625
6 0.4984375 0.14609375 0.00703125 0.0203125
6 0.4796875 0.13671875 0.00546875 0.0203125
6 0.48828125 0.10703125 0.00625 0.01953125
6 0.4921875 0.03046875 0.00390625 0.0203125
6 0.38203125 0.44296875 0.00546875 0.02421875
6 0.3734375 0.43828125 0.00546875 0.02109375
6 0.46171875 0.44453125 0.00546875 0.01953125
6 0.49921875 0.478125 0.0078125 0.01796875
6 0.50390625 0.53203125 0.00546875 0.01484375
6 0.48828125 0.4875 0.00703125 0.01953125
6 0.5046875 0.684375 0.00703125 0.0140625
6 0.51484375 0.69296875 0.0078125 0.01328125
4 0.51953125 0.67578125 0.00390625 0.0265625
4 0.45859375 0.63203125 0.0171875 0.01328125
7 0.48671875 0.14609375 0.00703125 0.01328125
6 0.684375 0.0875 0.00859375 0.01953125
6 0.65625 0.15859375 0.00703125 0.01640625
8 0.665625 0.07421875 0.02109375 0.021875
7 0.6625 0.075 0.00703125 0.01484375
6 0.521875 0.03828125 0.0046875 0.015625
3 0.22109375 0.00859375 0.0328125 0.0171875