6 0.10390625 0.1796875 0.0296875 0.0390625
6 0.09921875 0.215625 0.028125 0.0375
6 0.15546875 0.2796875 0.025 0.034375
6 0.20859375 0.35546875 0.0171875 0.028125
6 0.2046875 0.3609375 0.0171875 0.03125
6 0.121875 0.31640625 0.0234375 0.0359375
6 0.12265625 0.29453125 0.0203125 0.028125
6 0.10859375 0.2890625 0.0265625 0.0375
6 0.08828125 0.21171875 0.025 0.034375
6 0.09375 0.1890625 0.0265625 0.04375
6 0.08671875 0.1921875 0.021875 0.0375
9 0.20234375 0.41796875 0.1703125 0.1625
6 0.25 0.42890625 0.0171875 0.0328125
6 0.26328125 0.440625 0.01875 0.0296875
6 0.25859375 0.44609375 0.01875 0.0296875
6 0.2734375 0.45078125 0.0171875 0.028125
6 0.27109375 0.46015625 0.01875 0.0328125
6 0.0265625 0.459375 0.0140625 0.0234375
6 0.0296875 0.46171875 0.015625 0.025
6 0.0421875 0.4578125 0.0171875 0.025
6 0.04921875 0.46328125 0.0171875 0.0265625
6 0.05 0.465625 0.0171875 0.025
6 0.071875 0.48046875 0.0140625 0.0234375
6 0.0796875 0.4875 0.0140625 0.0234375
6 0.10078125 0.43203125 0.0171875 0.0265625
6 0.10546875 0.43671875 0.0140625 0.025
6 0.09921875 0.46484375 0.015625 0.025
6 0.11875 0.4453125 0.0140625 0.0234375
6 0.12265625 0.453125 0.015625 0.0234375
6 0.13203125 0.453125 0.0140625 0.025
6 0.1328125 0.46484375 0.0171875 0.028125
6 0.14296875 0.46015625 0.0171875 0.0265625
6 0.14375 0.4640625 0.0140625 0.025
6 0.1578125 0.45234375 0.0203125 0.028125
6 0.1640625 0.46015625 0.0171875 0.0265625
6 0.1671875 0.46796875 0.0140625 0.025
6 0.18046875 0.45078125 0.015625 0.028125
6 0.18125 0.46015625 0.0125 0.0234375
6 0.184375 0.46328125 0.0140625 0.0265625
6 0.1703125 0.4765625 0.015625 0.0265625
6 0.25390625 0.4890625 0.0140625 0.025
6 0.25546875 0.49375 0.0140625 0.0234375
6 0.2875 0.46484375 0.0140625 0.025
6 0.2796875 0.47578125 0.0125 0.021875
6 0.2796875 0.48359375 0.0140625 0.0265625
6 0.28984375 0.46796875 0.0140625 0.025
6 0.2984375 0.4640625 0.0125 0.0234375
6 0.3125 0.45859375 0.015625 0.028125
6 0.3171875 0.4609375 0.015625 0.03125
6 0.31953125 0.4671875 0.0140625 0.0265625
6 0.325 0.471875 0.015625 0.03125
6 0.3265625 0.44921875 0.01875 0.0296875
6 0.3359375 0.44765625 0.015625 0.03125
6 0.34140625 0.45234375 0.015625 0.028125
6 0.365625 0.4328125 0.0171875 0.034375
6 0.384375 0.43671875 0.01875 0.0328125
6 0.42265625 0.40859375 0.0203125 0.0375
6 0.425 0.421875 0.0203125 0.0359375
6 0.35234375 0.45 0.0171875 0.034375
6 0.34765625 0.46015625 0.015625 0.0296875
6 0.35625 0.45546875 0.015625 0.0296875
6 0.365625 0.45546875 0.0140625 0.025
6 0.36953125 0.43984375 0.01875 0.034375
6 0.36953125 0.46171875 0.01875 0.034375
6 0.359375 0.4671875 0.015625 0.03125
6 0.3296875 0.46640625 0.0140625 0.025
6 0.3875 0.44453125 0.015625 0.03125
6 0.41171875 0.42578125 0.015625 0.03125
6 0.4078125 0.434375 0.015625 0.0296875
6 0.409375 0.4421875 0.015625 0.03125
6 0.409375 0.4484375 0.015625 0.028125
6 0.4453125 0.41640625 0.0203125 0.0375
6 0.44921875 0.42421875 0.0171875 0.0359375
6 0.44296875 0.43359375 0.015625 0.028125
6 0.446875 0.4359375 0.015625 0.03125
6 0.46953125 0.4234375 0.0171875 0.0359375
6 0.47421875 0.428125 0.015625 0.03125
6 0.47421875 0.4328125 0.015625 0.03125
6 0.475 0.38046875 0.0171875 0.034375
6 0.48125 0.38359375 0.0171875 0.034375
6 0.4953125 0.36484375 0.021875 0.0421875
6 0.49921875 0.390625 0.0203125 0.0375
6 0.490625 0.315625 0.0203125 0.0359375
6 0.49609375 0.32890625 0.0203125 0.0390625
6 0.5046875 0.396875 0.0171875 0.0359375
6 0.52578125 0.38984375 0.0234375 0.0375
6 0.52734375 0.39765625 0.0203125 0.0359375
6 0.5171875 0.41328125 0.015625 0.03125
6 0.52265625 0.41953125 0.01875 0.0328125
6 0.5234375 0.309375 0.0265625 0.0453125
6 0.52265625 0.33046875 0.025 0.034375
6 0.52578125 0.33828125 0.015625 0.028125
6 0.5453125 0.28984375 0.025 0.0421875
6 0.54765625 0.296875 0.0234375 0.0421875
6 0.55 0.30703125 0.025 0.0421875
6 0.58125 0.32890625 0.0203125 0.0390625
6 0.58359375 0.33203125 0.01875 0.0328125
6 0.58046875 0.346875 0.021875 0.0390625
6 0.36953125 0.609375 0.0140625 0.0234375
6 0.4328125 0.6625 0.0125 0.0234375
6 0.4421875 0.67109375 0.009375 0.01875
6 0.4875 0.5921875 0.0140625 0.0234375
6 0.54453125 0.4921875 0.01875 0.0296875
6 0.665625 0.25390625 0.0265625 0.0484375
6 0.6578125 0.29921875 0.0296875 0.0421875
6 0.6921875 0.25625 0.028125 0.040625
6 0.690625 0.28671875 0.0234375 0.0359375
6 0.696875 0.1796875 0.0296875 0.046875
6 0.70078125 0.1890625 0.025 0.0421875
6 0.73359375 0.26171875 0.03125 0.046875
6 0.7890625 0.11875 0.0328125 0.040625
6 0.77890625 0.1484375 0.034375 0.0453125
6 0.78359375 0.18046875 0.0328125 0.04375
6 0.82265625 0.15546875 0.04375 0.0625
6 0.83359375 0.1765625 0.028125 0.0515625
7 0.721875 0.40625 0.028125 0.034375
4 0.725 0.4015625 0.03125 0.04375