3 0.44921875 0.915625 0.1828125 0.1390625
3 0.44296875 0.76875 0.1859375 0.134375
3 0.43984375 0.63984375 0.15 0.1328125
10 0.490625 0.51953125 0.15625 0.125
3 0.509375 0.425 0.134375 0.1109375
3 0.5078125 0.28203125 0.1078125 0.1015625
3 0.503125 0.21328125 0.1 0.0796875
3 0.7078125 0.55 0.0890625 0.203125
3 0.67421875 0.35078125 0.06875 0.1546875
3 0.63046875 0.1375 0.05 0.109375
3 0.61953125 0.04140625 0.0421875 0.0828125
6 0.55546875 0.021875 0.0140625 0.04375
6 0.54453125 0.025 0.0140625 0.05
3 0.5015625 0.0234375 0.075 0.046875
3 0.83828125 0.03359375 0.0640625 0.0671875
3 0.7203125 0.02578125 0.046875 0.0515625
1 0.503125 0.0625 0.0296875 0.0265625
4 0.50625 0.05 0.0359375 0.040625