3 0.078125 0.34140625 0.028125 0.0296875
3 0.0671875 0.37890625 0.046875 0.0296875
3 0.05703125 0.39296875 0.040625 0.0296875
3 0.0515625 0.40625 0.0375 0.0265625
3 0.04453125 0.4171875 0.03125 0.0234375
3 0.2828125 0.35 0.0421875 0.021875
3 0.2359375 0.3359375 0.0453125 0.0265625
3 0.18125 0.35 0.0359375 0.0203125
3 0.22578125 0.36328125 0.0375 0.0234375
3 0.27578125 0.37890625 0.0390625 0.0234375
3 0.31875 0.3921875 0.04375 0.028125
3 0.36640625 0.40703125 0.0421875 0.025
3 0.40703125 0.415625 0.0390625 0.0203125
3 0.403125 0.33359375 0.025 0.0265625
3 0.44765625 0.4296875 0.0390625 0.0234375
3 0.4875 0.43984375 0.0328125 0.01875
3 0.52421875 0.4515625 0.0359375 0.0203125
3 0.58984375 0.44296875 0.028125 0.015625
3 0.55390625 0.43203125 0.0328125 0.0171875
3 0.515625 0.41875 0.0328125 0.01875
3 0.4734375 0.40625 0.0328125 0.0171875
3 0.45859375 0.371875 0.0203125 0.0234375
3 0.490625 0.3828125 0.0203125 0.0234375
3 0.50625 0.3875 0.01875 0.021875
3 0.52421875 0.39453125 0.0203125 0.0234375
3 0.584375 0.41171875 0.0203125 0.0234375
3 0.59765625 0.4171875 0.0203125 0.0234375
3 0.6140625 0.42109375 0.01875 0.021875
3 0.6390625 0.4296875 0.0203125 0.0234375
3 0.65390625 0.43515625 0.0171875 0.021875
7 0.8015625 0.50859375 0.00625 0.0046875
4 0.8 0.5078125 0.0109375 0.009375
6 0.90390625 0.55859375 0.00625 0.003125
3 0.89140625 0.57578125 0.0140625 0.009375
3 0.946875 0.5890625 0.021875 0.0125
3 0.946875 0.596875 0.021875 0.0125
3 0.94609375 0.60546875 0.0203125 0.0140625
3 0.9234375 0.60859375 0.0234375 0.015625
3 0.92578125 0.60078125 0.0234375 0.0125
3 0.9265625 0.5921875 0.0203125 0.0140625
3 0.98515625 0.59921875 0.0171875 0.0125
3 0.98203125 0.61328125 0.015625 0.0140625
4 0.98359375 0.5875 0.0078125 0.0078125
1 0.92421875 0.5734375 0.0078125 0.0078125
1 0.95 0.57265625 0.009375 0.00625
4 0.95625 0.61484375 0.0109375 0.009375
4 0.28359375 0.30625 0.015625 0.0078125
4 0.76953125 0.8296875 0.015625 0.0140625
9 0.7734375 0.81640625 0.0203125 0.0234375
3 0.77890625 0.78046875 0.0171875 0.021875
3 0.775 0.73828125 0.01875 0.0203125
3 0.90390625 0.79609375 0.01875 0.01875
3 0.8546875 0.7875 0.0171875 0.01875
3 0.84453125 0.7859375 0.01875 0.01875
3 0.8375 0.76015625 0.0140625 0.015625
3 0.84921875 0.7609375 0.0140625 0.015625
3 0.85859375 0.76171875 0.0140625 0.015625
10 0.93984375 0.1546875 0.015625 0.0171875
3 0.93515625 0.1703125 0.01875 0.01875
3 0.9140625 0.16796875 0.0171875 0.021875
3 0.9296875 0.190625 0.0171875 0.01875
3 0.92421875 0.2078125 0.0203125 0.0203125
9 0.92109375 0.2265625 0.025 0.025
10 0.91484375 0.25 0.0171875 0.015625
3 0.89453125 0.26015625 0.01875 0.01875
3 0.93046875 0.39296875 0.021875 0.0125
3 0.9375 0.3765625 0.0203125 0.0125
3 0.9390625 0.36796875 0.021875 0.0125
3 0.94609375 0.33046875 0.0234375 0.0125
3 0.94921875 0.321875 0.0203125 0.0125
3 0.94921875 0.3109375 0.0203125 0.0140625
3 0.9515625 0.30234375 0.0203125 0.0125
3 0.9921875 0.30859375 0.015625 0.0140625
3 0.990625 0.3234375 0.01875 0.015625
3 0.996875 0.3390625 0.00625 0.015625
3 0.99375 0.36875 0.0125 0.0125
3 0.9921875 0.378125 0.015625 0.0125
3 0.99140625 0.3859375 0.0171875 0.0125
3 0.98984375 0.39453125 0.0203125 0.0140625
3 0.9703125 0.38828125 0.0234375 0.0125
3 0.9875 0.4125 0.0234375 0.0125
3 0.98671875 0.42734375 0.0234375 0.0125
3 0.9671875 0.4203125 0.021875 0.0140625
3 0.8734375 0.259375 0.0203125 0.0203125
4 0.81875 0.259375 0.009375 0.00625
4 0.8171875 0.2640625 0.009375 0.00625
3 0.85078125 0.45078125 0.0171875 0.01875
4 0.6765625 0.403125 0.0109375 0.00625
1 0.67734375 0.42734375 0.0046875 0.0046875
4 0.68359375 0.4296875 0.00625 0.0046875
4 0.68515625 0.4265625 0.00625 0.0046875
6 0.521875 0.35234375 0.009375 0.00625
6 0.4890625 0.334375 0.0046875 0.003125