9 0.6703125 0.01953125 0.08125 0.0390625
4 0.44453125 0.021875 0.0234375 0.0265625
4 0.33828125 0.075 0.0265625 0.0265625
4 0.309375 0.12421875 0.021875 0.03125
8 0.35234375 0.10703125 0.025 0.0484375
6 0.2171875 0.05546875 0.0140625 0.0140625
3 0.21875 0.1484375 0.075 0.071875
10 0.1203125 0.1828125 0.0703125 0.0703125
6 0.1796875 0.53671875 0.021875 0.0375
3 0.2234375 0.38125 0.06875 0.1125
10 0.11875 0.40859375 0.0828125 0.1375
10 0.05546875 0.43359375 0.071875 0.103125
8 0.08828125 0.4375 0.0296875 0.059375
4 0.0890625 0.48125 0.0234375 0.04375
4 0.12421875 0.5265625 0.0296875 0.05625
4 0.05078125 0.5640625 0.0296875 0.059375
4 0.0046875 0.3984375 0.009375 0.04375
6 0.3125 0.7609375 0.0296875 0.040625
3 0.609375 0.44453125 0.0796875 0.1390625
9 0.8890625 0.7234375 0.1328125 0.2046875