10 0.96484375 0.79140625 0.02890625 0.09375
3 0.9625 0.68671875 0.03046875 0.08046875
3 0.96328125 0.59453125 0.03046875 0.06875
3 0.959375 0.53046875 0.02578125 0.06875
6 0.60546875 0.559375 0.00859375 0.028125
6 0.55859375 0.56484375 0.00703125 0.02578125
3 0.50078125 0.62578125 0.04765625 0.053125
3 0.52734375 0.53515625 0.046875 0.059375
3 0.5484375 0.47421875 0.02109375 0.05859375
6 0.52265625 0.17734375 0.00546875 0.01953125
3 0.58671875 0.1 0.02890625 0.02578125
3 0.5859375 0.0859375 0.03046875 0.025
6 0.16875 0.25546875 0.0046875 0.01953125
3 0.190625 0.125 0.0296875 0.03515625
3 0.2140625 0.05703125 0.0265625 0.034375
3 0.19296875 0.03828125 0.025 0.03125
3 0.17578125 0.034375 0.025 0.02890625
3 0.1625 0.03125 0.02421875 0.03125
3 0.1375 0.09609375 0.0296875 0.03046875