6 0.19296875 0.5671875 0.01953125 0.075
3 0.1484375 0.89140625 0.1078125 0.16171875
3 0.58984375 0.87109375 0.1 0.203125
3 0.55546875 0.6609375 0.078125 0.1515625
3 0.5234375 0.50859375 0.05078125 0.11015625
3 0.234375 0.63828125 0.0796875 0.165625
3 0.27421875 0.51640625 0.04921875 0.1140625
3 0.30625 0.44296875 0.0484375 0.08125
3 0.52265625 0.43046875 0.0453125 0.084375
10 0.50625 0.36015625 0.06171875 0.078125
3 0.32890625 0.3703125 0.04140625 0.06640625
3 0.35 0.32265625 0.0328125 0.053125
3 0.37109375 0.284375 0.02109375 0.03671875
3 0.50546875 0.32421875 0.02734375 0.04375
3 0.50625 0.28828125 0.02265625 0.04609375
3 0.384375 0.2578125 0.0265625 0.0453125
3 0.3734375 0.2390625 0.03828125 0.04453125
3 0.34140625 0.22109375 0.03984375 0.034375
3 0.38046875 0.209375 0.040625 0.028125
3 0.3390625 0.20234375 0.03515625 0.03046875
3 0.39921875 0.20546875 0.03359375 0.025
3 0.41875 0.1984375 0.03046875 0.02421875
3 0.425 0.19140625 0.03359375 0.02578125
3 0.4296875 0.18203125 0.02734375 0.02421875
3 0.43515625 0.1734375 0.02578125 0.0234375
3 0.4390625 0.16640625 0.02578125 0.0234375
3 0.44296875 0.16015625 0.02109375 0.0203125
3 0.44921875 0.15703125 0.02265625 0.0203125
3 0.45078125 0.1515625 0.02421875 0.01875
3 0.4515625 0.14921875 0.02109375 0.0234375
3 0.45625 0.1453125 0.02265625 0.01875
3 0.45625 0.140625 0.021875 0.02421875
3 0.459375 0.13828125 0.02109375 0.021875
3 0.46640625 0.13125 0.02109375 0.01484375
10 0.46953125 0.121875 0.02734375 0.02109375
3 0.4765625 0.11875 0.0203125 0.015625
3 0.4796875 0.11640625 0.01953125 0.01640625
3 0.4796875 0.11328125 0.01875 0.01953125
3 0.48125 0.11171875 0.02265625 0.01875
3 0.48515625 0.10703125 0.015625 0.01484375
3 0.4875 0.10546875 0.01484375 0.01484375
3 0.49140625 0.09921875 0.01796875 0.01328125
3 0.49453125 0.09609375 0.01328125 0.0140625
3 0.49765625 0.090625 0.0125 0.0109375
3 0.5 0.0890625 0.01015625 0.0109375
3 0.50078125 0.0875 0.01015625 0.01015625
3 0.50234375 0.08515625 0.0109375 0.0109375
3 0.5078125 0.0765625 0.0109375 0.01328125
3 0.5421875 0.06953125 0.00703125 0.009375
3 0.534375 0.0765625 0.00703125 0.01015625
3 0.5390625 0.08125 0.00703125 0.0109375
3 0.5375 0.084375 0.00625 0.00859375
3 0.534375 0.090625 0.00625 0.009375
10 0.5328125 0.10078125 0.01328125 0.0140625
3 0.528125 0.10859375 0.0078125 0.01015625
3 0.52734375 0.1140625 0.00859375 0.01015625
3 0.5265625 0.1171875 0.0078125 0.01015625
3 0.5265625 0.121875 0.009375 0.0109375
3 0.52265625 0.128125 0.01015625 0.01171875
3 0.51171875 0.17421875 0.01484375 0.02578125
3 0.52421875 0.14140625 0.01875 0.01640625
3 0.51484375 0.14453125 0.0171875 0.015625
3 0.51328125 0.1546875 0.01796875 0.01875
3 0.5109375 0.16171875 0.0203125 0.01875
3 0.50625 0.190625 0.021875 0.02421875
3 0.50859375 0.1984375 0.01640625 0.028125
3 0.52578125 0.21640625 0.0421875 0.03046875
3 0.546875 0.24296875 0.04453125 0.03828125
3 0.48984375 0.23671875 0.04296875 0.03515625
6 0.490625 0.1984375 0.0046875 0.0265625
7 0.503125 0.11796875 0.00390625 0.0140625
1 0.50234375 0.12109375 0.00234375 0.01328125
3 0.5046875 0.26171875 0.02578125 0.03125