6 0.24921875 0.221875 0.0359375 0.0171875
6 0.42890625 0.259375 0.0453125 0.0203125
6 0.4125 0.25625 0.0390625 0.015625
6 0.428125 0.34453125 0.0390625 0.01875
6 0.43203125 0.35078125 0.03125 0.0140625
6 0.43203125 0.3578125 0.0359375 0.0171875
10 0.69140625 0.29921875 0.1265625 0.090625
9 0.59453125 0.39140625 0.09375 0.090625
9 0.51171875 0.37578125 0.1484375 0.0921875
10 0.24140625 0.4296875 0.0515625 0.0328125
1 0.2546875 0.44140625 0.0234375 0.0140625
9 0.20234375 0.46484375 0.0625 0.05625
9 0.18515625 0.46953125 0.0734375 0.0734375
10 0.16796875 0.43359375 0.04375 0.025
10 0.25078125 0.265625 0.0671875 0.040625
10 0.13046875 0.315625 0.0515625 0.03125
10 0.08671875 0.334375 0.0421875 0.025
6 0.228125 0.409375 0.03125 0.0140625
6 0.20546875 0.41171875 0.0296875 0.0140625
1 0.20703125 0.4125 0.0203125 0.0078125
6 0.16796875 0.409375 0.0234375 0.0109375
6 0.15625 0.42734375 0.0234375 0.0109375
10 0.13203125 0.4390625 0.0328125 0.0234375
4 0.1328125 0.46875 0.0171875 0.015625
6 0.096875 0.43203125 0.025 0.0125
6 0.10234375 0.45859375 0.0203125 0.0078125
3 0.10390625 0.44140625 0.0265625 0.01875
3 0.0796875 0.44140625 0.025 0.0171875
1 0.09140625 0.35390625 0.01875 0.0078125
7 0.08671875 0.3546875 0.01875 0.0078125
3 0.06640625 0.34296875 0.034375 0.0234375
3 0.05234375 0.34765625 0.028125 0.01875
10 0.0296875 0.3578125 0.0328125 0.0203125
3 0.00625 0.36796875 0.0125 0.0140625
3 0.003125 0.4203125 0.00625 0.0125
6 0.03828125 0.43671875 0.01875 0.009375
3 0.053125 0.46015625 0.0234375 0.028125
3 0.0453125 0.45390625 0.0203125 0.021875
10 0.003125 0.46484375 0.00625 0.0265625
1 0.63203125 0.55234375 0.0453125 0.03125