3 0.68984375 0.08828125 0.0953125 0.1765625
3 0.7890625 0.271875 0.0734375 0.1375
10 0.61875 0.38359375 0.05 0.1015625
3 0.64453125 0.50078125 0.05 0.0984375
3 0.7921875 0.54921875 0.05625 0.1
3 0.82109375 0.55078125 0.0546875 0.0953125
9 0.66328125 0.60234375 0.0515625 0.1015625
10 0.67578125 0.6796875 0.0390625 0.06875
10 0.68515625 0.771875 0.0390625 0.065625
3 0.80546875 0.72578125 0.0375 0.0640625
3 0.83125 0.73515625 0.04375 0.0734375
3 0.6984375 0.8703125 0.0359375 0.059375
3 0.70078125 0.92109375 0.034375 0.0546875
3 0.72578125 0.9171875 0.03125 0.0484375
3 0.83046875 0.79296875 0.0421875 0.0640625
9 0.77421875 0.8734375 0.0546875 0.096875
7 0.68828125 0.6140625 0.015625 0.0328125
1 0.68515625 0.6046875 0.0140625 0.034375
4 0.6359375 0.7953125 0.021875 0.0328125
4 0.61875 0.76875 0.025 0.028125
6 0.66875 0.884375 0.0125 0.028125
6 0.6609375 0.88359375 0.0125 0.0265625
6 0.65234375 0.88984375 0.0140625 0.034375
6 0.81015625 0.87890625 0.0125 0.028125
6 0.85703125 0.65234375 0.0171875 0.0359375
7 0.85390625 0.6109375 0.0171875 0.025
6 0.815625 0.47421875 0.0203125 0.0359375
6 0.79375 0.428125 0.0234375 0.0375
0 0.78515625 0.43515625 0.0359375 0.04375
0 0.80703125 0.48046875 0.0390625 0.040625
3 0.44375 0.15703125 0.0765625 0.1609375
6 0.521875 0.178125 0.0171875 0.025
4 0.4515625 0.24296875 0.0375 0.0375
4 0.45703125 0.259375 0.0375 0.0375