3 0.48046875 0.95546875 0.0203125 0.0328125
4 0.490625 0.9625 0.0125 0.0140625
4 0.4859375 0.9703125 0.0125 0.0140625
0 0.5015625 0.946875 0.021875 0.025
7 0.4984375 0.90234375 0.0078125 0.015625
4 0.49921875 0.9 0.0125 0.0203125
7 0.4796875 0.746875 0.0109375 0.0171875
7 0.60625 0.6828125 0.0125 0.0203125
7 0.62734375 0.590625 0.0125 0.0203125
6 0.6359375 0.90234375 0.0125 0.0203125
6 0.67734375 0.6109375 0.0140625 0.021875
6 0.68828125 0.58984375 0.0125 0.025
4 0.2765625 0.58203125 0.0203125 0.0234375
4 0.29140625 0.5875 0.01875 0.0265625
4 0.3203125 0.60078125 0.0140625 0.025
4 0.63046875 0.58515625 0.0140625 0.028125
4 0.60859375 0.6765625 0.0125 0.025
4 0.48046875 0.7453125 0.0140625 0.025
9 0.578125 0.77734375 0.034375 0.059375
3 0.50546875 0.73671875 0.0265625 0.04375
3 0.4796875 0.578125 0.0359375 0.059375
3 0.43828125 0.5515625 0.0375 0.0578125
3 0.3453125 0.60859375 0.05 0.0453125
4 0.40390625 0.6484375 0.0203125 0.0234375
3 0.36484375 0.496875 0.0453125 0.065625
3 0.340625 0.4859375 0.0421875 0.065625
4 0.80390625 0.1265625 0.0265625 0.0484375
7 0.8046875 0.12265625 0.0203125 0.03125