3 0.28203125 0.79453125 0.0375 0.13359375
3 0.42109375 0.94140625 0.0359375 0.0609375
3 0.5296875 0.853125 0.06328125 0.16875
3 0.3 0.55078125 0.03046875 0.0953125
1 0.22109375 0.88671875 0.01328125 0.05859375
1 0.33671875 0.7546875 0.0125 0.0484375
7 0.3359375 0.74375 0.01015625 0.028125
3 0.30703125 0.46328125 0.02734375 0.08046875
3 0.3203125 0.33046875 0.02109375 0.053125
3 0.3265625 0.26796875 0.021875 0.06015625
3 0.3296875 0.21953125 0.01796875 0.046875
3 0.33125 0.17421875 0.0171875 0.0484375
3 0.3375 0.1375 0.01640625 0.0359375
3 0.340625 0.07109375 0.01484375 0.0265625
10 0.33984375 0.096875 0.0140625 0.04296875
10 0.3890625 0.1671875 0.015625 0.04140625
10 0.40234375 0.11875 0.01640625 0.05625
3 0.4046875 0.16171875 0.015625 0.0359375
3 0.425 0.15390625 0.01640625 0.03671875
3 0.40703125 0.26328125 0.01953125 0.0515625
3 0.40859375 0.31796875 0.01953125 0.05390625
3 0.4109375 0.421875 0.02109375 0.06796875
3 0.409375 0.50625 0.02578125 0.084375
3 0.415625 0.6375 0.03046875 0.1046875
7 0.54765625 0.85390625 0.009375 0.0265625
4 0.5734375 0.83828125 0.03203125 0.03125
4 0.56796875 0.7921875 0.02734375 0.0359375
4 0.5609375 0.76796875 0.028125 0.025
4 0.55625 0.7515625 0.03046875 0.03125
4 0.63359375 0.87890625 0.01796875 0.053125
1 0.546875 0.640625 0.02421875 0.02109375
1 0.54140625 0.6046875 0.02265625 0.0203125
1 0.5328125 0.55703125 0.01953125 0.021875
4 0.4453125 0.4609375 0.009375 0.0359375
4 0.53203125 0.571875 0.021875 0.02109375
6 0.46875 0.346875 0.00859375 0.03359375
6 0.4390625 0.16171875 0.00546875 0.02890625
6 0.44921875 0.10703125 0.00546875 0.021875
4 0.47890625 0.11640625 0.01484375 0.025
3 0.45078125 0.08125 0.02578125 0.0265625
6 0.4875 0.2015625 0.0078125 0.025
4 0.4765625 0.07890625 0.0109375 0.0140625
4 0.465625 0.0171875 0.00546875 0.0234375
4 0.45859375 0.07109375 0.0140625 0.01875
3 0.4375 0.06328125 0.02890625 0.034375
3 0.4265625 0.02578125 0.02734375 0.02578125
3 0.44140625 0.046875 0.0328125 0.02421875
6 0.58671875 0.17578125 0.00703125 0.02421875
3 0.03515625 0.07734375 0.0390625 0.03046875
3 0.12578125 0.075 0.04140625 0.03125
10 0.1 0.028125 0.02421875 0.0453125
6 0.23125 0.06328125 0.00625 0.028125
3 0.203125 0.08359375 0.0296875 0.03359375
10 0.165625 0.07109375 0.03203125 0.03203125
1 0.3859375 0.00703125 0.0046875 0.01328125