3 0.2015625 0.59453125 0.0296875 0.06796875
3 0.36796875 0.50703125 0.02109375 0.05703125
3 0.46640625 0.5734375 0.02265625 0.0765625
3 0.41796875 0.29609375 0.01796875 0.04375
3 0.44453125 0.24453125 0.01875 0.04921875
3 0.39296875 0.01328125 0.0109375 0.01640625
3 0.41875 0.15625 0.01328125 0.03125
10 0.44140625 0.1453125 0.0125 0.0390625
10 0.384375 0.14375 0.01484375 0.034375
10 0.4109375 0.0109375 0.01328125 0.02109375
4 0.44453125 0.059375 0.00546875 0.01640625
3 0.34375 0.13828125 0.0140625 0.021875