3 0.96953125 0.4125 0.0609375 0.075
3 0.9625 0.48828125 0.075 0.0671875
3 0.95546875 0.5265625 0.0875 0.0703125
3 0.8265625 0.50859375 0.0515625 0.059375
3 0.9375 0.72578125 0.04375 0.0609375
3 0.875 0.7265625 0.0765625 0.065625
10 0.85546875 0.76015625 0.0765625 0.065625
3 0.846875 0.8046875 0.0734375 0.0578125
3 0.82265625 0.8375 0.0734375 0.0640625
6 0.6953125 0.5484375 0.03125 0.015625
1 0.5640625 0.68828125 0.025 0.0140625
1 0.5703125 0.67734375 0.021875 0.009375
1 0.5703125 0.67109375 0.025 0.0125
1 0.57578125 0.665625 0.025 0.0140625
1 0.57421875 0.65546875 0.025 0.0125
1 0.578125 0.65 0.0234375 0.0109375
1 0.58125 0.64296875 0.0203125 0.009375
1 0.58359375 0.63515625 0.0203125 0.0140625
1 0.5875 0.6234375 0.0203125 0.0125
1 0.58671875 0.6203125 0.021875 0.0125
1 0.58984375 0.609375 0.0234375 0.0125
1 0.66953125 0.371875 0.0265625 0.0171875
1 0.66875 0.37578125 0.0234375 0.015625
1 0.6671875 0.38125 0.0265625 0.0171875
1 0.6671875 0.3875 0.021875 0.015625
1 0.6640625 0.39453125 0.025 0.015625
1 0.66015625 0.40234375 0.0265625 0.0171875
1 0.6609375 0.4078125 0.0265625 0.015625
1 0.659375 0.41171875 0.0265625 0.0171875
1 0.65859375 0.41484375 0.0265625 0.0171875
1 0.65546875 0.42109375 0.025 0.01875
1 0.6515625 0.42421875 0.0265625 0.0171875
1 0.6515625 0.42734375 0.025 0.015625
1 0.65 0.4328125 0.0265625 0.01875
1 0.6484375 0.43515625 0.021875 0.015625
1 0.653125 0.43828125 0.025 0.01875
1 0.6390625 0.4640625 0.0203125 0.0140625
1 0.640625 0.45546875 0.0234375 0.015625
4 0.646875 0.44921875 0.0234375 0.015625