4 0.01875 0.58984375 0.0171875 0.0125
6 0.296875 0.55390625 0.0078125 0.0125
3 0.31640625 0.48515625 0.028125 0.0609375
3 0.29140625 0.4484375 0.0375 0.040625
3 0.28125 0.471875 0.04375 0.0421875
9 0.27578125 0.509375 0.0484375 0.0453125
3 0.26640625 0.53671875 0.040625 0.0421875
3 0.2546875 0.5609375 0.0375 0.0375
3 0.24375 0.6078125 0.0375 0.034375
10 0.23828125 0.63828125 0.0359375 0.03125
3 0.23515625 0.66796875 0.0390625 0.0328125
3 0.2328125 0.7 0.0390625 0.034375
10 0.1796875 0.71875 0.0296875 0.0671875
10 0.196875 0.740625 0.028125 0.059375
3 0.21171875 0.74921875 0.0265625 0.0578125
4 0.15390625 0.75625 0.0140625 0.025
6 0.18515625 0.7984375 0.009375 0.015625
8 0.15078125 0.92421875 0.015625 0.0265625
6 0.18203125 0.92890625 0.009375 0.0171875
0 0.19296875 0.89765625 0.03125 0.0390625
3 0.22421875 0.915625 0.040625 0.05625
3 0.26171875 0.93203125 0.0265625 0.0578125
3 0.24140625 0.85703125 0.0296875 0.0671875
10 0.29765625 0.73515625 0.028125 0.0609375
8 0.29375 0.9359375 0.01875 0.0359375
7 0.29296875 0.946875 0.0125 0.015625
8 0.31171875 0.878125 0.0171875 0.0390625
7 0.31015625 0.88671875 0.009375 0.0171875
4 0.33046875 0.84609375 0.0125 0.0203125
7 0.32890625 0.8484375 0.0078125 0.0125
4 0.32890625 0.75 0.0109375 0.0234375
9 0.35703125 0.6015625 0.028125 0.0640625
3 0.36171875 0.4984375 0.028125 0.0640625
10 0.38984375 0.478125 0.0265625 0.0578125
8 0.43515625 0.38515625 0.015625 0.0359375
7 0.4328125 0.39296875 0.009375 0.0171875
4 0.45703125 0.2984375 0.0109375 0.025
7 0.4578125 0.29765625 0.009375 0.0171875
4 0.3890625 0.3375 0.0140625 0.028125
3 0.421875 0.27578125 0.028125 0.0625
3 0.48125 0.11015625 0.03125 0.0671875
10 0.4921875 0.1515625 0.0359375 0.071875
3 0.5140625 0.171875 0.028125 0.0609375
3 0.5484375 0.16328125 0.0390625 0.034375
10 0.55859375 0.23203125 0.0359375 0.03125
3 0.5703125 0.19921875 0.0375 0.0359375
3 0.5953125 0.1390625 0.0390625 0.0421875
3 0.6046875 0.109375 0.040625 0.040625
3 0.6140625 0.07734375 0.040625 0.040625
3 0.625 0.05390625 0.0375 0.025
4 0.6515625 0.203125 0.0140625 0.0140625
4 0.64765625 0.21484375 0.0171875 0.015625
8 0.571875 0.2671875 0.01875 0.0359375
3 0.62578125 0.25390625 0.0421875 0.05
3 0.5234375 0.35859375 0.0375 0.040625
4 0.55703125 0.44375 0.0109375 0.0109375
10 0.49375 0.44609375 0.0390625 0.0375
8 0.54296875 0.48515625 0.0171875 0.0375
3 0.484375 0.4703125 0.040625 0.040625
3 0.47421875 0.50078125 0.0375 0.0375
3 0.46640625 0.53046875 0.0359375 0.034375
3 0.459375 0.559375 0.0328125 0.0328125
3 0.4546875 0.58671875 0.0390625 0.0375
4 0.5328125 0.51015625 0.009375 0.0203125
7 0.5328125 0.51015625 0.00625 0.009375
4 0.521875 0.55703125 0.0140625 0.0140625
4 0.5328125 0.5625 0.015625 0.015625
4 0.5109375 0.609375 0.0140625 0.0140625
4 0.5109375 0.61875 0.0171875 0.0125
4 0.5 0.6421875 0.01875 0.0125
8 0.496875 0.65390625 0.01875 0.0234375
6 0.45703125 0.6890625 0.0046875 0.0109375
3 0.4140625 0.7359375 0.0375 0.0375
3 0.4046875 0.76015625 0.0375 0.0359375
6 0.42578125 0.80546875 0.0078125 0.015625
4 0.4546875 0.76875 0.0140625 0.021875
4 0.4578125 0.7953125 0.015625 0.015625
3 0.45 0.8765625 0.0359375 0.0625
6 0.42734375 0.9234375 0.009375 0.0203125
6 0.4109375 0.928125 0.0078125 0.0125
4 0.0609375 0.77421875 0.015625 0.0328125
4 0.06796875 0.778125 0.0140625 0.025
4 0.071875 0.78359375 0.0171875 0.0234375
4 0.0796875 0.7921875 0.0140625 0.0234375
4 0.08828125 0.79921875 0.0171875 0.028125
4 0.0953125 0.80859375 0.0171875 0.0265625
4 0.05078125 0.85078125 0.0140625 0.028125
4 0.05859375 0.8625 0.0171875 0.0234375
4 0.05 0.8328125 0.01875 0.0328125
6 0.07421875 0.8375 0.0125 0.0171875