6 0.0734375 0.953125 0.01953125 0.0234375
3 0.040625 0.95 0.06171875 0.04453125
10 0.1296875 0.93515625 0.05390625 0.04609375
6 0.23828125 0.90859375 0.01328125 0.0234375
6 0.3421875 0.93046875 0.01015625 0.01796875
9 0.4734375 0.94375 0.0921875 0.05703125
6 0.6015625 0.94453125 0.01484375 0.02421875
3 0.68046875 0.86796875 0.07109375 0.04375
3 0.475 0.878125 0.06640625 0.05859375
6 0.25703125 0.01171875 0.00859375 0.0234375
6 0.240625 0.01015625 0.00703125 0.0203125
0 0.24765625 0.0140625 0.0171875 0.028125
6 0.25234375 0.08046875 0.00703125 0.01953125
6 0.253125 0.07578125 0.0109375 0.0203125
6 0.2890625 0.09296875 0.00703125 0.025
6 0.34765625 0.009375 0.00546875 0.01875
7 0.33125 0.10625 0.00859375 0.01875
6 0.35703125 0.12890625 0.00546875 0.02421875
6 0.34609375 0.17734375 0.01015625 0.02109375
7 0.3515625 0.1953125 0.00546875 0.01640625
6 0.36640625 0.19765625 0.00859375 0.02890625
10 0.30625 0.09296875 0.02265625 0.090625
3 0.309375 0.19921875 0.02421875 0.08984375
3 0.2453125 0.38515625 0.025 0.09609375
10 0.24375 0.49140625 0.025 0.10390625
6 0.2671875 0.1984375 0.00859375 0.025
4 0.246875 0.29921875 0.0109375 0.03359375
4 0.2359375 0.28671875 0.009375 0.03203125
0 0.25390625 0.15390625 0.02109375 0.04375
0 0.3109375 0.26015625 0.025 0.02578125
0 0.31171875 0.32421875 0.01640625 0.04609375
0 0.31171875 0.390625 0.01484375 0.05625
0 0.31328125 0.45625 0.015625 0.06015625
0 0.384375 0.8375 0.01875 0.08046875
0 0.3234375 0.7765625 0.0234375 0.06484375
0 0.3203125 0.70078125 0.02109375 0.0609375
0 0.36640625 0.6171875 0.04609375 0.03828125
0 0.31796875 0.53984375 0.015625 0.06640625
6 0.3140625 0.259375 0.00703125 0.021875
6 0.32421875 0.29609375 0.00859375 0.01484375
7 0.35703125 0.30390625 0.01015625 0.0140625
6 0.3234375 0.40625 0.00703125 0.01640625
6 0.33671875 0.3875 0.00625 0.01953125
7 0.33671875 0.40546875 0.00859375 0.01484375
7 0.33671875 0.428125 0.0078125 0.02421875
6 0.30390625 0.4640625 0.00625 0.01171875
6 0.30546875 0.4765625 0.00859375 0.01328125
6 0.31953125 0.4609375 0.01171875 0.01328125
6 0.3703125 0.4765625 0.00703125 0.015625
6 0.29921875 0.528125 0.00859375 0.01484375
7 0.359375 0.50078125 0.00859375 0.01640625
7 0.40703125 0.43046875 0.01015625 0.01640625
7 0.4046875 0.4484375 0.01015625 0.01953125
6 0.41484375 0.43984375 0.00703125 0.0203125
6 0.3890625 0.56015625 0.00546875 0.01640625
1 0.3625 0.5484375 0.0171875 0.015625
7 0.3328125 0.55 0.00859375 0.01640625
7 0.3359375 0.62734375 0.0078125 0.01796875
6 0.3296875 0.64765625 0.01015625 0.01015625
0 0.325 0.634375 0.01328125 0.046875
0 0.421875 0.43359375 0.0125 0.0390625
1 0.42578125 0.46875 0.00546875 0.03125
0 0.42421875 0.51640625 0.01328125 0.04453125
7 0.45 0.646875 0.00859375 0.02109375
7 0.42421875 0.7359375 0.009375 0.015625
7 0.23046875 0.66328125 0.01171875 0.01328125
7 0.225 0.70078125 0.009375 0.01328125
7 0.22734375 0.68046875 0.01015625 0.01875
6 0.2578125 0.67890625 0.01171875 0.01640625
4 0.26953125 0.746875 0.01015625 0.04453125
7 0.26875 0.746875 0.01015625 0.0203125
7 0.2609375 0.81796875 0.01015625 0.025
7 0.3015625 0.853125 0.01171875 0.021875
4 0.26171875 0.81484375 0.01171875 0.03671875
4 0.3 0.84921875 0.01328125 0.0390625
6 0.2796875 0.79140625 0.009375 0.01171875
6 0.3203125 0.74296875 0.00703125 0.0140625
6 0.30625 0.69609375 0.00546875 0.015625
6 0.30703125 0.71328125 0.00625 0.0109375
6 0.32109375 0.7015625 0.015625 0.0140625
6 0.3171875 0.66640625 0.01015625 0.0140625
6 0.30625 0.78046875 0.00703125 0.021875
7 0.33828125 0.778125 0.00625 0.01484375
7 0.340625 0.80625 0.0078125 0.01875
1 0.3078125 0.7734375 0.00859375 0.0359375
6 0.34140625 0.87578125 0.009375 0.0140625
6 0.48125 0.67578125 0.00859375 0.015625
0 0.51171875 0.7390625 0.02578125 0.034375
4 0.53203125 0.7515625 0.02109375 0.0359375
4 0.60078125 0.7484375 0.01171875 0.040625
4 0.615625 0.728125 0.01796875 0.0203125
4 0.63125 0.7484375 0.01328125 0.0359375
4 0.6609375 0.7265625 0.01328125 0.04296875
4 0.64921875 0.71953125 0.01171875 0.040625
4 0.6453125 0.7765625 0.0140625 0.04609375
4 0.61328125 0.85078125 0.0296875 0.021875
4 0.68359375 0.7234375 0.01328125 0.040625
4 0.69765625 0.7234375 0.01484375 0.04609375
6 0.6328125 0.69609375 0.01328125 0.01484375
7 0.6453125 0.671875 0.01640625 0.0203125
4 0.64296875 0.67265625 0.028125 0.015625
6 0.675 0.6375 0.01953125 0.0140625