10 0.221875 0.24609375 0.1625 0.140625
3 0.240625 0.034375 0.20625 0.06875
3 0.28671875 0.08046875 0.2296875 0.1421875
3 0.35 0.15390625 0.196875 0.128125
3 0.390625 0.22109375 0.1828125 0.128125
3 0.503125 0.1328125 0.1703125 0.1359375
3 0.54609375 0.27890625 0.1390625 0.1140625
3 0.60546875 0.26875 0.128125 0.109375
3 0.66171875 0.24921875 0.13125 0.1125
3 0.71171875 0.23984375 0.1265625 0.1078125
3 0.75234375 0.22734375 0.1109375 0.0984375
3 0.81484375 0.4421875 0.1015625 0.0765625
10 0.80625 0.22265625 0.103125 0.084375
10 0.84765625 0.2140625 0.1046875 0.0890625
3 0.86953125 0.19609375 0.1 0.096875
3 0.89609375 0.16484375 0.09375 0.0921875
3 0.93671875 0.18125 0.0890625 0.0875
3 0.9609375 0.1703125 0.078125 0.0875
10 0.98046875 0.17421875 0.0390625 0.0765625
3 0.5171875 0.0484375 0.15625 0.096875
3 0.5859375 0.04609375 0.1125 0.0921875
3 0.640625 0.053125 0.1140625 0.0859375
3 0.70234375 0.053125 0.06875 0.0484375
3 0.74375 0.05859375 0.0640625 0.0390625
3 0.659375 0.7125 0.0796875 0.0796875
3 0.790625 0.734375 0.0703125 0.0578125
10 0.79609375 0.65234375 0.0765625 0.0671875
9 0.88203125 0.61796875 0.1078125 0.1
10 0.98046875 0.51484375 0.0390625 0.0765625
8 0.9390625 0.56171875 0.0515625 0.040625
6 0.09453125 0.321875 0.04375 0.028125
0 0.14453125 0.30703125 0.1515625 0.0984375
7 0.3109375 0.32109375 0.028125 0.025
0 0.340625 0.39609375 0.1140625 0.0546875
6 0.37578125 0.39375 0.0421875 0.021875
6 0.31875 0.41796875 0.05 0.0265625
6 0.4296875 0.37421875 0.05 0.0265625
7 0.4265625 0.4375 0.04375 0.028125
1 0.41328125 0.43515625 0.0453125 0.021875
7 0.415625 0.2734375 0.025 0.0203125
6 0.51875 0.36484375 0.0421875 0.021875
6 0.52890625 0.38125 0.05 0.0265625
6 0.534375 0.35703125 0.0421875 0.0234375
0 0.559375 0.3625 0.075 0.0609375
7 0.53046875 0.5453125 0.034375 0.021875
7 0.5296875 0.55078125 0.034375 0.0140625
4 0.52109375 0.53984375 0.0453125 0.034375
6 0.93046875 0.596875 0.0359375 0.01875
10 0.95546875 0.675 0.0390625 0.040625
6 0.8484375 0.671875 0.0359375 0.0171875
4 0.775 0.696875 0.0359375 0.015625
7 0.7796875 0.69765625 0.0375 0.021875
6 0.70234375 0.75703125 0.040625 0.025
9 0.77265625 0.77734375 0.1078125 0.0734375
6 0.7359375 0.76640625 0.03125 0.0203125
3 0.94375 0.7296875 0.0390625 0.0515625