3 0.96796875 0.2796875 0.0453125 0.0765625
4 0.93984375 0.22109375 0.0625 0.015625
4 0.9484375 0.2078125 0.059375 0.015625
3 0.94453125 0.31015625 0.05625 0.071875
3 0.91171875 0.33359375 0.053125 0.075
1 0.86796875 0.3328125 0.0265625 0.0203125
4 0.84140625 0.3171875 0.0265625 0.0171875
9 0.7484375 0.4 0.0421875 0.0234375
3 0.6984375 0.384375 0.0265625 0.0390625
3 0.6796875 0.3890625 0.0234375 0.0359375
10 0.66875 0.39140625 0.0265625 0.0328125
10 0.66015625 0.38984375 0.025 0.0359375
3 0.6546875 0.3890625 0.021875 0.0296875
3 0.6484375 0.396875 0.021875 0.0296875
3 0.58203125 0.41953125 0.015625 0.0109375
3 0.58828125 0.43203125 0.015625 0.0109375
10 0.54140625 0.46875 0.015625 0.0140625
10 0.5265625 0.4703125 0.009375 0.0109375
3 0.5296875 0.48984375 0.00625 0.0125
7 0.89765625 0.57109375 0.028125 0.0140625
4 0.9046875 0.5671875 0.03125 0.0078125
6 0.87265625 0.58125 0.034375 0.0078125
6 0.87265625 0.58671875 0.040625 0.009375
10 0.88125 0.60625 0.0671875 0.03125
3 0.8140625 0.54765625 0.0421875 0.0265625
3 0.7765625 0.5421875 0.0359375 0.021875
7 0.74453125 0.509375 0.0203125 0.0078125
4 0.75 0.50859375 0.01875 0.0078125
3 0.74453125 0.5359375 0.0328125 0.0203125
10 0.715625 0.534375 0.028125 0.0171875
3 0.64296875 0.52578125 0.01875 0.0140625
3 0.61171875 0.5234375 0.015625 0.0109375
3 0.5734375 0.51875 0.0125 0.009375
3 0.5546875 0.51640625 0.009375 0.00625
6 0.5609375 0.5265625 0.0109375 0.0015625
3 0.53671875 0.51640625 0.009375 0.0125
7 0.540625 0.50078125 0.00625 0.003125
4 0.54296875 0.50078125 0.00625 0.00625
3 0.509375 0.515625 0.00625 0.003125
3 0.51171875 0.51640625 0.00625 0.003125
3 0.51484375 0.51640625 0.009375 0.00625
3 0.50546875 0.49765625 0.00625 0.003125
3 0.50625 0.5046875 0.00625 0.003125
3 0.49609375 0.50703125 0.0046875 0.003125
3 0.49453125 0.51328125 0.0046875 0.003125
3 0.47890625 0.5 0.0046875 0.003125
9 0.46953125 0.5015625 0.0046875 0.003125
9 0.48359375 0.49296875 0.0125 0.0046875
10 0.5046875 0.4890625 0.009375 0.00625
9 0.49765625 0.490625 0.009375 0.0046875
7 0.96875 0.775 0.0375 0.0109375
1 0.97734375 0.77421875 0.034375 0.009375
7 0.89296875 0.7328125 0.028125 0.009375
4 0.903125 0.73203125 0.034375 0.0109375
3 0.97421875 0.90625 0.05 0.078125
10 0.6984375 0.65703125 0.0296875 0.01875
10 0.70859375 0.609375 0.0265625 0.0359375
9 0.7359375 0.63125 0.0546875 0.0375
3 0.50859375 0.596875 0.00625 0.0078125
3 0.5078125 0.540625 0.00625 0.009375
3 0.503125 0.54609375 0.00625 0.009375
10 0.5 0.559375 0.00625 0.009375
3 0.50234375 0.58203125 0.0046875 0.009375
3 0.50078125 0.58046875 0.00625 0.009375
10 0.496875 0.57734375 0.00625 0.009375
3 0.4953125 0.571875 0.00625 0.0078125
3 0.490625 0.5609375 0.0046875 0.003125
10 0.49765625 0.55625 0.00625 0.00625
3 0.49375 0.57265625 0.00625 0.00625
3 0.4921875 0.57109375 0.00625 0.00625
3 0.48984375 0.56953125 0.00625 0.009375
3 0.4859375 0.565625 0.0046875 0.00625
3 0.484375 0.56484375 0.003125 0.00625
3 0.484375 0.5625 0.0046875 0.00625
3 0.48203125 0.5609375 0.003125 0.00625
3 0.47890625 0.55625 0.0046875 0.00625
3 0.47109375 0.5296875 0.003125 0.00625
6 0.59296875 0.37109375 0.015625 0.0046875
3 0.4921875 0.553125 0.0046875 0.00625
3 0.490625 0.55078125 0.0046875 0.00625
3 0.4890625 0.55 0.00625 0.00625
10 0.48046875 0.54453125 0.00625 0.0078125
9 0.53828125 0.42734375 0.015625 0.0109375
6 0.5609375 0.53203125 0.0125 0.003125