3 0.36953125 0.4703125 0.05625 0.0234375
3 0.621875 0.475 0.025 0.0125
3 0.65234375 0.47578125 0.021875 0.009375
3 0.7015625 0.48203125 0.015625 0.0078125
3 0.69765625 0.51484375 0.015625 0.009375
3 0.61171875 0.521875 0.01875 0.0125
3 0.765625 0.48984375 0.0140625 0.00625
3 0.79296875 0.484375 0.009375 0.00625
3 0.80234375 0.49453125 0.009375 0.00625
3 0.8109375 0.48671875 0.009375 0.0046875
3 0.8140625 0.49453125 0.009375 0.00625
3 0.82421875 0.48671875 0.009375 0.00625
3 0.8421875 0.46171875 0.00625 0.00625
3 0.85 0.428125 0.00625 0.00625
3 0.84609375 0.46796875 0.00625 0.00625
3 0.85390625 0.4421875 0.00625 0.00625
3 0.86015625 0.4203125 0.009375 0.0078125
3 0.8609375 0.4078125 0.009375 0.00625
10 0.7890625 0.4921875 0.0140625 0.00625
3 0.809375 0.5171875 0.009375 0.0046875
3 0.82109375 0.5046875 0.009375 0.00625
3 0.8328125 0.4953125 0.00625 0.00625
3 0.85390625 0.4546875 0.00625 0.00625
3 0.86484375 0.39765625 0.009375 0.00625
3 0.87109375 0.3546875 0.00625 0.00625
3 0.871875 0.36640625 0.009375 0.0046875
3 0.86953125 0.3734375 0.009375 0.0046875
3 0.6875 0.54921875 0.0140625 0.00625
3 0.70078125 0.54765625 0.009375 0.00625
3 0.7078125 0.5484375 0.009375 0.00625
3 0.73046875 0.55234375 0.0109375 0.00625
3 0.6390625 0.6421875 0.0125 0.01875
3 0.64375 0.64140625 0.0125 0.015625
9 0.68203125 0.6359375 0.021875 0.0203125
9 0.63515625 0.453125 0.0640625 0.0234375
9 0.7703125 0.509375 0.025 0.009375
9 0.77109375 0.51953125 0.021875 0.009375
2 0.74921875 0.5203125 0.040625 0.009375
2 0.7078125 0.42578125 0.03125 0.0125
3 0.69375 0.5734375 0.015625 0.00625
10 0.75859375 0.69375 0.0109375 0.0125
3 0.7625 0.678125 0.00625 0.0078125
3 0.76640625 0.675 0.00625 0.009375
3 0.76953125 0.67109375 0.009375 0.009375
3 0.6921875 0.65078125 0.015625 0.009375
3 0.7171875 0.7203125 0.0140625 0.009375
4 0.540625 0.5265625 0.01875 0.00625
4 0.6875 0.46484375 0.0125 0.003125
4 0.721875 0.48125 0.0125 0.003125
3 0.6828125 0.43984375 0.015625 0.009375