2 0.2859375 0.5640625 0.03828125 0.1296875
3 0.30546875 0.38125 0.01796875 0.05625
3 0.29375 0.29140625 0.01796875 0.046875
3 0.27890625 0.24765625 0.03203125 0.034375
3 0.27109375 0.20859375 0.03046875 0.0265625
10 0.425 0.640625 0.03984375 0.0453125
3 0.41953125 0.59140625 0.0359375 0.0515625
3 0.4125 0.55625 0.03671875 0.040625
3 0.40625 0.50703125 0.0390625 0.0390625
3 0.4015625 0.46875 0.03046875 0.03515625
3 0.39296875 0.43671875 0.03828125 0.040625
3 0.38828125 0.40390625 0.03828125 0.03671875
9 0.37421875 0.36953125 0.04296875 0.0453125
3 0.37421875 0.3375 0.03828125 0.0265625
3 0.3703125 0.31796875 0.03203125 0.03359375
3 0.35859375 0.2703125 0.02890625 0.028125
3 0.34140625 0.2265625 0.02890625 0.02578125
10 0.3203125 0.15859375 0.025 0.03671875
3 0.31875 0.0890625 0.02890625 0.0265625
10 0.30859375 0.0765625 0.025 0.02421875
10 0.30390625 0.04375 0.0296875 0.02890625
3 0.31015625 0.06484375 0.02578125 0.01875
3 0.2984375 0.02109375 0.02421875 0.015625
3 0.290625 0.01328125 0.02578125 0.0234375
10 0.2765625 0.04765625 0.0140625 0.03203125
3 0.19375 0.01875 0.01328125 0.03515625
3 0.1046875 0.0765625 0.01484375 0.03515625
3 0.10859375 0.40234375 0.021875 0.0546875
3 0.1109375 0.47421875 0.0234375 0.06875
3 0.11875 0.646875 0.04609375 0.04609375
3 0.35546875 0.69921875 0.02265625 0.05859375
6 0.334375 0.6359375 0.00703125 0.021875
6 0.32265625 0.63125 0.00703125 0.02109375
6 0.32734375 0.54921875 0.00546875 0.0234375
6 0.13203125 0.26796875 0.00703125 0.0203125
6 0.13359375 0.34296875 0.009375 0.01796875
6 0.11796875 0.36328125 0.009375 0.01640625
6 0.2421875 0.1765625 0.00625 0.01953125
6 0.25078125 0.225 0.00546875 0.01875
6 0.25546875 0.22265625 0.00390625 0.01796875
4 0.3390625 0.37578125 0.00703125 0.01796875
6 0.3546875 0.41171875 0.00390625 0.01484375
6 0.4859375 0.60625 0.00859375 0.0203125
6 0.50078125 0.60546875 0.00546875 0.01796875
6 0.49453125 0.59375 0.00546875 0.01640625
6 0.48515625 0.59296875 0.00625 0.01875
6 0.48359375 0.540625 0.00546875 0.01796875
6 0.4828125 0.50390625 0.003125 0.01484375
6 0.46015625 0.46640625 0.00625 0.0140625
6 0.45859375 0.44296875 0.00390625 0.01953125
6 0.43984375 0.415625 0.00390625 0.01953125
6 0.434375 0.41640625 0.0046875 0.015625
6 0.42421875 0.39453125 0.00546875 0.01953125
6 0.40703125 0.3734375 0.00546875 0.01796875
6 0.334375 0.04296875 0.00546875 0.01640625
7 0.36640625 0.17578125 0.00546875 0.01328125
6 0.375 0.19921875 0.0046875 0.01953125
6 0.38046875 0.1640625 0.00390625 0.01796875
6 0.3875 0.16328125 0.00390625 0.01640625
6 0.3859375 0.21875 0.00390625 0.01640625
6 0.390625 0.215625 0.00234375 0.01328125
6 0.39296875 0.2484375 0.00390625 0.01640625
6 0.3890625 0.24921875 0.00390625 0.01640625
6 0.3875 0.2765625 0.00390625 0.01328125
7 0.4296875 0.3453125 0.00625 0.01875
4 0.43125 0.34453125 0.00625 0.0203125
4 0.4203125 0.315625 0.00625 0.01640625
4 0.375 0.2421875 0.00703125 0.01953125
4 0.36640625 0.228125 0.0109375 0.0203125
4 0.36171875 0.16796875 0.00390625 0.021875
4 0.3515625 0.17421875 0.0109375 0.015625
4 0.371875 0.146875 0.00546875 0.0203125
4 0.36171875 0.103125 0.00546875 0.0203125
4 0.35 0.05859375 0.00390625 0.015625
1 0.33671875 0.103125 0.00546875 0.01953125
6 0.66171875 0.2609375 0.00703125 0.02578125
6 0.6828125 0.28203125 0.0078125 0.01796875
6 0.6796875 0.284375 0.00859375 0.01953125