3 0.00625 0.09609375 0.0125 0.01015625
3 0.00703125 0.0859375 0.01328125 0.0109375
3 0.01015625 0.07578125 0.0125 0.01015625
3 0.01171875 0.065625 0.01171875 0.0109375
3 0.0125 0.0546875 0.0109375 0.01328125
6 0.015625 0.1421875 0.00390625 0.00625
4 0.01875 0.165625 0.00703125 0.00859375
4 0.0234375 0.16171875 0.00703125 0.00625
4 0.0234375 0.159375 0.00546875 0.00546875
4 0.03046875 0.1515625 0.003125 0.009375
4 0.02578125 0.14609375 0.00703125 0.00390625
4 0.025 0.15390625 0.00703125 0.00546875
3 0.01796875 0.1734375 0.01171875 0.01015625
3 0.01328125 0.1953125 0.01328125 0.009375
3 0.01484375 0.184375 0.01171875 0.00859375
3 0.00703125 0.221875 0.0125 0.01015625
3 0.0375 0.15703125 0.00859375 0.01953125
3 0.04921875 0.15859375 0.00703125 0.01875
3 0.05625 0.159375 0.0078125 0.01953125
3 0.0625 0.16015625 0.00859375 0.01875
3 0.06953125 0.16328125 0.00703125 0.01640625
3 0.07578125 0.1640625 0.00859375 0.01875
3 0.0828125 0.16484375 0.0078125 0.01875
3 0.08984375 0.165625 0.009375 0.01875
3 0.0953125 0.16796875 0.00703125 0.01875
3 0.10234375 0.16875 0.00859375 0.01796875
3 0.00546875 0.23515625 0.01015625 0.0109375
3 0.0046875 0.24609375 0.00859375 0.009375
3 0.003125 0.25625 0.00625 0.009375
3 0.225 0.346875 0.01640625 0.01484375
3 0.00390625 0.509375 0.00703125 0.01171875
9 0.0453125 0.51640625 0.0421875 0.03046875
9 0.05703125 0.52734375 0.0375 0.03203125
9 0.165625 0.48671875 0.03671875 0.03046875
9 0.14453125 0.5765625 0.03828125 0.02890625
3 0.2046875 0.559375 0.02109375 0.01640625
3 0.31328125 0.02265625 0.00625 0.01953125
10 0.30546875 0.08515625 0.00546875 0.01875
3 0.315625 0.00625 0.0046875 0.01171875
6 0.26015625 0.27109375 0.0015625 0.00390625
6 0.2625 0.27109375 0.00234375 0.00546875
6 0.23125 0.31796875 0.00390625 0.00703125
6 0.14765625 0.35703125 0.00390625 0.00546875
7 0.24453125 0.30078125 0.00390625 0.00390625
1 0.24453125 0.30234375 0.00390625 0.003125
3 0.32421875 0.29375 0.01328125 0.01484375
3 0.26484375 0.53828125 0.009375 0.0140625
4 0.30625 0.5234375 0.00390625 0.0046875
7 0.30703125 0.5234375 0.003125 0.00390625
9 0.3390625 0.3734375 0.01640625 0.01640625
9 0.3671875 0.34453125 0.0203125 0.0203125
10 0.34609375 0.3984375 0.01484375 0.0140625
9 0.35078125 0.41484375 0.0328125 0.02578125
3 0.42890625 0.23515625 0.0109375 0.01328125
3 0.465625 0.32578125 0.0125 0.01171875
3 0.4671875 0.4515625 0.01328125 0.01484375
6 0.40078125 0.684375 0.00234375 0.0046875
6 0.403125 0.68515625 0.0015625 0.00390625
6 0.48125 0.571875 0.00234375 0.0046875
6 0.4875 0.5953125 0.0015625 0.00390625
6 0.48359375 0.58984375 0.00234375 0.00390625
6 0.50859375 0.671875 0.003125 0.00546875
6 0.503125 0.56328125 0.00234375 0.00390625
6 0.5140625 0.59453125 0.00234375 0.00390625
6 0.4890625 0.68828125 0.00234375 0.0046875
6 0.48359375 0.53828125 0.00234375 0.0046875
6 0.48828125 0.5515625 0.003125 0.00390625
6 0.49453125 0.53828125 0.0015625 0.0046875
6 0.4890625 0.52734375 0.0015625 0.003125
6 0.503125 0.54375 0.00234375 0.0015625
6 0.54921875 0.58125 0.00234375 0.0046875
6 0.5390625 0.55546875 0.00390625 0.0046875
6 0.528125 0.53125 0.0015625 0.0046875
6 0.53125 0.51640625 0.00234375 0.00390625
6 0.53828125 0.51875 0.00234375 0.00390625
6 0.53359375 0.49375 0.00234375 0.0015625
6 0.48515625 0.653125 0.003125 0.0046875
6 0.49140625 0.671875 0.00234375 0.00390625
6 0.49453125 0.6890625 0.00234375 0.00546875
6 0.49921875 0.68828125 0.00390625 0.0046875
6 0.49375 0.67265625 0.00234375 0.0046875
6 0.55 0.71796875 0.00390625 0.003125
6 0.5421875 0.70859375 0.00390625 0.00546875
6 0.5703125 0.6546875 0.0015625 0.00390625
6 0.56171875 0.71015625 0.00234375 0.00390625
6 0.56484375 0.65390625 0.00234375 0.00390625
6 0.5625 0.62734375 0.00234375 0.0046875
6 0.56796875 0.62421875 0.00234375 0.0046875
9 0.5609375 0.3203125 0.021875 0.01640625
3 0.51484375 0.340625 0.0140625 0.009375
6 0.68359375 0.66796875 0.003125 0.0046875
6 0.68203125 0.66171875 0.003125 0.0046875
6 0.67890625 0.6578125 0.003125 0.003125
6 0.66875 0.67109375 0.003125 0.003125
6 0.665625 0.6453125 0.00234375 0.00390625
6 0.621875 0.63046875 0.00234375 0.00703125
6 0.60859375 0.61171875 0.003125 0.003125
6 0.590625 0.6015625 0.00390625 0.00390625
6 0.6453125 0.57578125 0.00234375 0.003125
6 0.65703125 0.5515625 0.00234375 0.003125
6 0.653125 0.55390625 0.00234375 0.003125
6 0.6546875 0.5484375 0.003125 0.003125
6 0.634375 0.484375 0.00390625 0.003125
6 0.6421875 0.4890625 0.0015625 0.00390625
6 0.640625 0.471875 0.00390625 0.0046875
6 0.634375 0.47421875 0.00234375 0.00390625
6 0.63203125 0.4484375 0.003125 0.00390625
6 0.66015625 0.484375 0.00390625 0.0046875
6 0.66015625 0.47890625 0.00234375 0.0046875
2 0.67734375 0.41640625 0.03671875 0.025
3 0.69140625 0.4015625 0.01796875 0.01640625
10 0.68515625 0.27578125 0.01640625 0.02109375
4 0.51953125 0.18359375 0.0046875 0.00625
7 0.51953125 0.18203125 0.00234375 0.0046875