10 0.12265625 0.1453125 0.01015625 0.01328125
10 0.103125 0.18359375 0.0171875 0.0265625
3 0.0890625 0.2140625 0.0109375 0.01484375
5 0.06953125 0.22421875 0.02734375 0.04609375
3 0.04609375 0.22890625 0.015625 0.01171875
3 0.07734375 0.1984375 0.01171875 0.01171875
3 0.0828125 0.18671875 0.0140625 0.01171875
4 0.05 0.21875 0.00859375 0.009375
10 0.01875 0.496875 0.0359375 0.071875
3 0.209375 0.76953125 0.02890625 0.08359375
1 0.06484375 0.78515625 0.01875 0.01328125
4 0.05546875 0.7984375 0.015625 0.01328125
1 0.015625 0.8015625 0.00859375 0.01953125
9 0.10625 0.64140625 0.0671875 0.175
10 0.34296875 0.02578125 0.003125 0.00625
3 0.3390625 0.05390625 0.00390625 0.00546875
3 0.3421875 0.04921875 0.0046875 0.00859375
10 0.34140625 0.03984375 0.00546875 0.01328125
6 0.34609375 0.04921875 0.00078125 0.0046875
10 0.35859375 0.03515625 0.00703125 0.01328125
10 0.34609375 0.0140625 0.003125 0.00703125
3 0.3515625 0.01328125 0.00234375 0.0046875
3 0.36796875 0.090625 0.0109375 0.00703125
10 0.359375 0.13203125 0.00546875 0.01171875
10 0.384375 0.22109375 0.01640625 0.04375
2 0.3890625 0.184375 0.0140625 0.03828125
6 0.31796875 0.16484375 0.00234375 0.00703125
6 0.3140625 0.16484375 0.00234375 0.009375
10 0.25078125 0.46796875 0.02734375 0.07109375
3 0.26484375 0.428125 0.01328125 0.028125
10 0.43515625 0.70546875 0.05 0.2640625
10 0.5125 0.65 0.01953125 0.0484375
3 0.55 0.6484375 0.02578125 0.0546875
3 0.57734375 0.6484375 0.02421875 0.05078125
3 0.5203125 0.60546875 0.03671875 0.0265625
10 0.41484375 0.1640625 0.01953125 0.01953125
3 0.42265625 0.21875 0.009375 0.01875
4 0.41640625 0.271875 0.003125 0.0109375
6 0.43125 0.165625 0.00390625 0.01171875
7 0.41640625 0.27109375 0.00234375 0.00859375
3 0.43984375 0.24765625 0.0171875 0.0140625
10 0.44609375 0.321875 0.01484375 0.03515625
10 0.43203125 0.39921875 0.01796875 0.0484375
10 0.40234375 0.36796875 0.01953125 0.0640625
3 0.49296875 0.4078125 0.015625 0.02890625
3 0.51015625 0.29921875 0.02109375 0.01484375
10 0.4640625 0.2859375 0.02734375 0.021875
6 0.453125 0.2734375 0.003125 0.01015625
10 0.47578125 0.3078125 0.02109375 0.01796875
4 0.52578125 0.3484375 0.00859375 0.01328125
3 0.4875 0.49453125 0.01484375 0.03671875
3 0.50625 0.49609375 0.01796875 0.03671875
3 0.52265625 0.4578125 0.02265625 0.01796875
4 0.45859375 0.5359375 0.00625 0.01875
7 0.45859375 0.53046875 0.00546875 0.009375
10 0.60625 0.5640625 0.0359375 0.03046875
3 0.64375 0.928125 0.046875 0.05390625