3 0.27265625 0.534375 0.015625 0.009375
3 0.82421875 0.82578125 0.0828125 0.0421875
3 0.74765625 0.81328125 0.0671875 0.0359375
3 0.7015625 0.796875 0.0640625 0.0328125
3 0.43125 0.73125 0.03125 0.0203125
4 0.5859375 0.68125 0.01875 0.0046875
7 0.578125 0.68125 0.015625 0.0046875
10 0.409375 0.57421875 0.03125 0.0140625
10 0.33828125 0.55859375 0.025 0.0109375
10 0.275 0.56171875 0.01875 0.009375
3 0.246875 0.63359375 0.01875 0.0078125
3 0.2875 0.53046875 0.01875 0.009375
3 0.1796875 0.62421875 0.0140625 0.00625
3 0.1296875 0.628125 0.009375 0.00625
3 0.1140625 0.62265625 0.009375 0.00625
3 0.08359375 0.61875 0.00625 0.003125
3 0.090625 0.62421875 0.00625 0.003125
3 0.0640625 0.60234375 0.0046875 0.003125
3 0.0890625 0.634375 0.00625 0.003125
3 0.0953125 0.6109375 0.00625 0.003125
3 0.15 0.6390625 0.009375 0.0046875
9 0.209375 0.63203125 0.04375 0.0109375
9 0.33046875 0.62421875 0.08125 0.01875
9 0.090625 0.60390625 0.025 0.0078125
9 0.06015625 0.60703125 0.009375 0.003125
2 0.07265625 0.61015625 0.0140625 0.0078125
3 0.05859375 0.60234375 0.00625 0.003125
9 0.1015625 0.6296875 0.0203125 0.00625
6 0.22265625 0.3765625 0.01875 0.0046875