3 0.20390625 0.71953125 0.04765625 0.1140625
3 0.80234375 0.784375 0.06640625 0.140625
3 0.75546875 0.6515625 0.0484375 0.10390625
3 0.71171875 0.509375 0.04609375 0.1
3 0.68359375 0.41796875 0.040625 0.08046875
3 0.64609375 0.29296875 0.03203125 0.0546875
2 0.61171875 0.11640625 0.0515625 0.1296875
3 0.58203125 0.0421875 0.02109375 0.03046875
10 0.11171875 0.865625 0.07265625 0.2
3 0.1859375 0.534375 0.04296875 0.1
3 0.209375 0.4015625 0.03984375 0.09453125
3 0.25078125 0.20859375 0.028125 0.05625
3 0.2734375 0.13359375 0.02265625 0.0484375
3 0.2875 0.09375 0.02421875 0.05546875
3 0.296875 0.05859375 0.02109375 0.03125
3 0.31015625 0.01484375 0.01796875 0.0296875
3 0.4921875 0.10234375 0.0203125 0.03984375
10 0.56953125 0.015625 0.021875 0.03046875
7 0.5890625 0.19921875 0.00703125 0.03125
7 0.596875 0.20078125 0.00546875 0.0296875
1 0.596875 0.21328125 0.0046875 0.01796875
1 0.58984375 0.21015625 0.00390625 0.01640625
6 0.18125 0.4453125 0.01015625 0.05