3 0.715625 0.72890625 0.02734375 0.0453125
6 0.68984375 0.68046875 0.015625 0.03828125
6 0.6625 0.66015625 0.00859375 0.03671875
7 0.64765625 0.65234375 0.01015625 0.034375
4 0.6453125 0.6546875 0.02578125 0.028125
10 0.67734375 0.63125 0.03671875 0.053125
3 0.6390625 0.62265625 0.02890625 0.05078125
3 0.609375 0.61484375 0.0265625 0.0484375
6 0.709375 0.59921875 0.00859375 0.02890625
6 0.6984375 0.5859375 0.0078125 0.028125
4 0.675 0.6 0.01171875 0.0203125
1 0.59765625 0.58828125 0.01953125 0.01953125
3 0.5765625 0.603125 0.0234375 0.04609375
3 0.55078125 0.590625 0.025 0.05625
3 0.51640625 0.58828125 0.02265625 0.04609375
3 0.490625 0.58203125 0.021875 0.04140625
3 0.45703125 0.5703125 0.02421875 0.040625
3 0.434375 0.565625 0.025 0.04296875
6 0.37109375 0.6609375 0.01015625 0.03359375
6 0.3984375 0.640625 0.00546875 0.03203125
6 0.396875 0.63359375 0.00703125 0.03125
6 0.40234375 0.6234375 0.00625 0.03359375
3 0.3546875 0.54609375 0.02578125 0.03828125
6 0.32421875 0.5609375 0.009375 0.028125
6 0.33125 0.56953125 0.00859375 0.02421875
6 0.33359375 0.55859375 0.00546875 0.02421875
6 0.3296875 0.55390625 0.00546875 0.02421875
6 0.33828125 0.55546875 0.0078125 0.02890625
6 0.328125 0.5328125 0.0046875 0.0234375
6 0.33203125 0.53203125 0.00546875 0.0234375
6 0.34140625 0.51328125 0.00703125 0.02578125
6 0.328125 0.50234375 0.00546875 0.0265625
6 0.321875 0.50390625 0.00546875 0.0234375
6 0.33984375 0.49609375 0.00546875 0.021875
3 0.3546875 0.51328125 0.00703125 0.0203125
3 0.28671875 0.52109375 0.02109375 0.03359375
3 0.2640625 0.515625 0.0296875 0.04140625
3 0.2453125 0.515625 0.03046875 0.03359375
3 0.22421875 0.50703125 0.03203125 0.03046875
10 0.19609375 0.496875 0.0265625 0.03203125
3 0.165625 0.49140625 0.03203125 0.0265625
3 0.0625 0.4625 0.0328125 0.025
10 0.0515625 0.45703125 0.0328125 0.025
3 0.0390625 0.45390625 0.02578125 0.02109375
3 0.01875 0.4484375 0.0328125 0.0234375
3 0.00703125 0.44609375 0.0140625 0.0203125
6 0.11171875 0.54296875 0.01015625 0.0265625
6 0.1078125 0.5234375 0.00703125 0.0234375
6 0.11328125 0.5203125 0.00625 0.021875
6 0.1203125 0.51875 0.0078125 0.021875
6 0.1 0.5 0.00703125 0.0203125
6 0.27734375 0.59609375 0.00703125 0.0265625
6 0.28359375 0.58984375 0.0078125 0.0296875
6 0.62265625 0.74453125 0.01171875 0.034375
6 0.340625 0.2890625 0.0046875 0.0234375
6 0.34453125 0.29140625 0.0046875 0.02109375
6 0.3484375 0.28671875 0.00390625 0.02421875
6 0.35234375 0.2859375 0.0046875 0.0234375
6 0.35078125 0.24140625 0.00546875 0.025
6 0.3515625 0.190625 0.00703125 0.02421875
6 0.6921875 0.484375 0.0078125 0.025
6 0.721875 0.43359375 0.009375 0.028125