1 0.22578125 0.89140625 0.0515625 0.075
6 0.49453125 0.9953125 0.0421875 0.009375
6 0.52890625 0.98046875 0.0265625 0.0390625
6 0.52578125 0.96875 0.0265625 0.0625
6 0.50390625 0.96640625 0.0296875 0.0671875
6 0.4796875 0.95859375 0.040625 0.0828125
4 0.44921875 0.99296875 0.0453125 0.0140625
4 0.45078125 0.9625 0.0421875 0.075
6 0.4 0.94453125 0.0359375 0.0921875
7 0.35625 0.9140625 0.028125 0.05625
7 0.36015625 0.89296875 0.0296875 0.059375
4 0.35703125 0.91328125 0.0296875 0.0765625
6 0.4453125 0.92734375 0.0265625 0.0859375
6 0.459375 0.925 0.0171875 0.0515625
6 0.44375 0.90703125 0.028125 0.0859375
6 0.478125 0.89453125 0.03125 0.0859375
6 0.48203125 0.88828125 0.01875 0.0765625
7 0.4703125 0.8578125 0.0140625 0.0328125
6 0.46875 0.86875 0.025 0.0828125
6 0.47890625 0.84765625 0.0234375 0.0703125
6 0.49453125 0.8390625 0.0375 0.0625
6 0.52421875 0.8578125 0.0375 0.0640625
6 0.4546875 0.83046875 0.025 0.0796875
6 0.4328125 0.8125 0.028125 0.0828125
6 0.4046875 0.8046875 0.028125 0.0828125
6 0.34765625 0.81640625 0.028125 0.0796875
7 0.33671875 0.81640625 0.01875 0.05
1 0.33203125 0.83515625 0.01875 0.0421875
6 0.315625 0.83359375 0.0328125 0.0859375
6 0.28828125 0.84765625 0.03125 0.0796875
0 0.3140625 0.72421875 0.0375 0.0625
6 0.47109375 0.7921875 0.0265625 0.075
6 0.4875 0.78671875 0.021875 0.0671875
6 0.4984375 0.7890625 0.034375 0.065625
6 0.53515625 0.79765625 0.01875 0.065625
4 0.465625 0.765625 0.021875 0.05625
7 0.48046875 0.759375 0.0203125 0.0328125
6 0.51875 0.73671875 0.021875 0.0625
6 0.53203125 0.7359375 0.01875 0.059375
6 0.5234375 0.6859375 0.0171875 0.05
6 0.5296875 0.6875 0.0140625 0.05
6 0.4859375 0.7125 0.0125 0.0375
6 0.4921875 0.70703125 0.0140625 0.0390625
0 0.2734375 0.64453125 0.028125 0.05
0 0.3046875 0.646875 0.0390625 0.0390625
6 0.48671875 0.6953125 0.0171875 0.0546875
6 0.49453125 0.675 0.0125 0.04375
6 0.5 0.6734375 0.0140625 0.040625
6 0.53203125 0.65 0.0125 0.040625
6 0.4765625 0.67734375 0.0171875 0.0546875
6 0.45703125 0.67578125 0.021875 0.0578125
6 0.365625 0.6578125 0.0203125 0.05625
4 0.371875 0.6640625 0.0171875 0.0484375
6 0.365625 0.63671875 0.0125 0.04375
7 0.35703125 0.63359375 0.0171875 0.0359375
6 0.34140625 0.6328125 0.0140625 0.0453125
7 0.47265625 0.609375 0.015625 0.0453125
1 0.4703125 0.61875 0.0109375 0.03125
6 0.49609375 0.61171875 0.0078125 0.03125
6 0.5015625 0.6140625 0.0125 0.04375
6 0.52421875 0.60859375 0.0125 0.0453125
6 0.503125 0.6015625 0.0109375 0.034375
6 0.5 0.59609375 0.0109375 0.040625
6 0.525 0.5890625 0.0109375 0.03125
6 0.525 0.56171875 0.0109375 0.0265625
6 0.52578125 0.55234375 0.0109375 0.0265625
6 0.51796875 0.55625 0.009375 0.0296875
6 0.50390625 0.5625 0.009375 0.021875
6 0.49453125 0.56171875 0.0078125 0.034375
1 0.496875 0.56640625 0.00625 0.025
6 0.509375 0.5515625 0.0109375 0.028125
6 0.50234375 0.54453125 0.0078125 0.028125
6 0.50234375 0.53203125 0.0109375 0.0265625
6 0.49609375 0.53046875 0.0109375 0.03125
6 0.49609375 0.5109375 0.009375 0.025
6 0.48984375 0.5109375 0.0109375 0.028125
7 0.4828125 0.52109375 0.009375 0.025
1 0.48125 0.5296875 0.00625 0.01875
0 0.41484375 0.58828125 0.021875 0.040625
1 0.40703125 0.57734375 0.0109375 0.028125
6 0.3734375 0.58984375 0.0125 0.0390625
3 0.45390625 0.521875 0.0234375 0.0328125
6 0.45703125 0.496875 0.009375 0.025
6 0.48359375 0.4953125 0.009375 0.0234375
3 0.4984375 0.5 0.01875 0.0234375
10 0.5171875 0.5234375 0.0203125 0.0359375
10 0.51640625 0.5015625 0.01875 0.0265625
10 0.51796875 0.4890625 0.015625 0.0265625
3 0.5140625 0.48046875 0.01875 0.0234375
3 0.49296875 0.4578125 0.0125 0.0140625
3 0.4765625 0.4609375 0.0140625 0.021875
3 0.45703125 0.4734375 0.021875 0.0234375
6 0.47421875 0.47734375 0.0078125 0.01875
6 0.47890625 0.46484375 0.00625 0.01875
6 0.4828125 0.46484375 0.00625 0.0203125
6 0.48203125 0.475 0.009375 0.0203125
1 0.4828125 0.47734375 0.00625 0.015625
6 0.5109375 0.4671875 0.00625 0.01875
6 0.51484375 0.4671875 0.00625 0.01875
1 0.40078125 0.5375 0.0234375 0.0171875
9 0.503125 0.44921875 0.0125 0.0234375
3 0.48671875 0.43984375 0.0109375 0.0140625
3 0.51484375 0.44453125 0.0109375 0.015625
7 0.51015625 0.44609375 0.0046875 0.0109375
7 0.51171875 0.44765625 0.0046875 0.0109375
1 0.51015625 0.4515625 0.0046875 0.009375