3 0.07890625 0.66640625 0.0515625 0.03203125
3 0.09140625 0.63359375 0.0515625 0.03125
3 0.4890625 0.18359375 0.01015625 0.0203125
3 0.5359375 0.1890625 0.00859375 0.01796875
3 0.515625 0.45078125 0.01484375 0.04375
3 0.49375 0.48359375 0.01171875 0.03984375
3 0.51640625 0.51953125 0.01484375 0.04296875
3 0.490625 0.528125 0.01484375 0.0515625
3 0.48671875 0.5875 0.01640625 0.053125
3 0.5171875 0.60546875 0.01640625 0.05625
3 0.48828125 0.66953125 0.021875 0.06640625
3 0.51640625 0.68984375 0.0171875 0.05703125
3 0.4875 0.74921875 0.01953125 0.07421875
3 0.4875 0.8484375 0.02109375 0.09296875
3 0.5609375 0.85078125 0.0265625 0.0953125
9 0.5234375 0.82890625 0.025 0.10546875
3 0.4828125 0.96875 0.02734375 0.05625
10 0.52109375 0.95703125 0.02890625 0.0796875
3 0.56640625 0.96953125 0.02578125 0.05546875
2 0.496875 0.30078125 0.0203125 0.065625
7 0.41484375 0.49609375 0.00859375 0.01015625
4 0.415625 0.5078125 0.0078125 0.01953125