3 0.3 0.415625 0.0109375 0.0203125
3 0.33671875 0.43359375 0.0140625 0.0203125
3 0.38515625 0.3953125 0.0078125 0.009375
3 0.3890625 0.40390625 0.0140625 0.0140625
3 0.33984375 0.46328125 0.0171875 0.025
3 0.340625 0.48671875 0.01875 0.0265625
3 0.346875 0.50546875 0.0234375 0.0328125
3 0.346875 0.5375 0.025 0.0390625
3 0.353125 0.61875 0.0328125 0.04375
9 0.2875 0.59453125 0.046875 0.09375
3 0.390625 0.89140625 0.059375 0.0953125
9 0.415625 0.4515625 0.025 0.0328125
3 0.4265625 0.4890625 0.025 0.0265625
3 0.4359375 0.50625 0.0296875 0.025
3 0.45546875 0.515625 0.025 0.0265625
3 0.4828125 0.52265625 0.028125 0.028125
3 0.50625 0.5234375 0.025 0.0296875
3 0.53125 0.5296875 0.0234375 0.0265625
3 0.55625 0.5265625 0.0203125 0.03125
3 0.51875 0.60625 0.0453125 0.0453125
3 0.51953125 0.6828125 0.05625 0.0609375
3 0.5515625 0.7640625 0.0640625 0.078125
3 0.55703125 0.5890625 0.05 0.0390625
3 0.60546875 0.58046875 0.05 0.0359375