9 0.1140625 0.1515625 0.01171875 0.0109375
3 0.1234375 0.14765625 0.0109375 0.01015625
3 0.13671875 0.140625 0.009375 0.00859375
3 0.14375 0.13671875 0.01015625 0.00859375
3 0.14921875 0.13515625 0.00859375 0.0109375
3 0.15390625 0.1296875 0.00859375 0.009375
3 0.134375 0.1765625 0.0140625 0.0140625
3 0.11484375 0.1828125 0.01328125 0.01171875
3 0.146875 0.16953125 0.015625 0.01484375
3 0.1578125 0.1640625 0.01171875 0.0140625
6 0.1859375 0.1859375 0.00234375 0.0109375
6 0.2171875 0.19296875 0.00234375 0.00859375
6 0.2234375 0.1953125 0.00234375 0.0109375
6 0.24609375 0.209375 0.00234375 0.00859375
6 0.2515625 0.209375 0.0015625 0.00859375
3 0.13046875 0.28203125 0.02109375 0.01953125
3 0.1546875 0.28828125 0.0203125 0.01953125
3 0.18359375 0.296875 0.01875 0.01953125
9 0.2078125 0.3015625 0.02578125 0.021875
10 0.18359375 0.25546875 0.01796875 0.01796875
3 0.23515625 0.3265625 0.0265625 0.0203125
3 0.18828125 0.3421875 0.02578125 0.025
3 0.24296875 0.34375 0.02265625 0.02421875
3 0.146875 0.38359375 0.02421875 0.025
3 0.16328125 0.3890625 0.02109375 0.02890625
3 0.178125 0.39375 0.0203125 0.0296875
3 0.18984375 0.3984375 0.02265625 0.03046875
3 0.20546875 0.40078125 0.01953125 0.02578125
3 0.21953125 0.40546875 0.02421875 0.025
3 0.2359375 0.4109375 0.01953125 0.02421875
3 0.25703125 0.41171875 0.021875 0.02890625
3 0.19609375 0.47734375 0.02421875 0.034375
3 0.21171875 0.50390625 0.02890625 0.03359375
3 0.225 0.51484375 0.03515625 0.0390625
3 0.23203125 0.5421875 0.03984375 0.02890625
6 0.228125 0.37109375 0.00234375 0.00703125
6 0.23046875 0.37109375 0.0015625 0.00859375
4 0.190625 0.425 0.01171875 0.01484375
7 0.18984375 0.42421875 0.00546875 0.0109375
6 0.21953125 0.43828125 0.00390625 0.025
6 0.2328125 0.4859375 0.00390625 0.015625
6 0.24296875 0.56953125 0.00546875 0.02109375
6 0.209375 0.559375 0.003125 0.01796875
6 0.20234375 0.56171875 0.00546875 0.025
6 0.20390625 0.67578125 0.0046875 0.0203125
6 0.21015625 0.68125 0.00546875 0.0234375
6 0.18984375 0.5984375 0.00390625 0.01640625
6 0.1578125 0.6390625 0.00390625 0.0140625
6 0.1359375 0.70859375 0.00703125 0.02109375
6 0.17578125 0.78828125 0.00859375 0.0359375
3 0.14921875 0.6953125 0.04140625 0.0515625
3 0.109375 0.77421875 0.05 0.0453125
3 0.08828125 0.81328125 0.05234375 0.05390625
3 0.05859375 0.85703125 0.05546875 0.05390625
3 0.15625 0.93125 0.05078125 0.06484375
3 0.1796875 0.8828125 0.0609375 0.0734375
3 0.2 0.8328125 0.05859375 0.06171875
3 0.2140625 0.7921875 0.04765625 0.05859375
3 0.23046875 0.74921875 0.046875 0.05546875
3 0.2453125 0.7109375 0.04609375 0.046875
3 0.253125 0.67890625 0.0421875 0.04140625
3 0.26328125 0.92890625 0.04609375 0.08671875
3 0.265625 0.6515625 0.03984375 0.04296875
3 0.2875 0.59609375 0.03671875 0.03125
3 0.2953125 0.578125 0.03359375 0.03125
3 0.30703125 0.55859375 0.0375 0.03359375
3 0.3171875 0.5140625 0.03359375 0.02890625
3 0.32578125 0.49609375 0.0265625 0.02578125
3 0.33046875 0.47734375 0.0328125 0.03203125
3 0.2703125 0.421875 0.0203125 0.03515625
3 0.2859375 0.42578125 0.021875 0.03984375
3 0.30234375 0.43125 0.02265625 0.034375
3 0.31875 0.44140625 0.01796875 0.02890625
3 0.3375 0.44140625 0.0171875 0.03046875
4 0.28671875 0.45703125 0.0109375 0.015625
7 0.2859375 0.4546875 0.00390625 0.0109375
9 0.23671875 0.196875 0.0140625 0.01484375
3 0.29765625 0.3578125 0.02578125 0.025
3 0.31953125 0.346875 0.02578125 0.02109375
3 0.3484375 0.3890625 0.0234375 0.0234375
3 0.3578125 0.378125 0.0265625 0.028125
6 0.334375 0.31171875 0.00234375 0.0140625
6 0.3390625 0.3078125 0.00234375 0.0140625
6 0.34453125 0.3078125 0.003125 0.015625
6 0.378125 0.3390625 0.00234375 0.01484375
6 0.38203125 0.3046875 0.00234375 0.009375
10 0.4140625 0.284375 0.01171875 0.021875
6 0.41015625 0.33125 0.003125 0.01171875
4 0.4125 0.19375 0.00546875 0.00625
4 0.4078125 0.20625 0.00546875 0.009375
4 0.4046875 0.2140625 0.00703125 0.00859375
4 0.415625 0.19140625 0.00546875 0.009375
6 0.49140625 0.06015625 0.00078125 0.00703125
6 0.50078125 0.071875 0.0015625 0.009375
6 0.50390625 0.071875 0.00078125 0.00859375
6 0.4609375 0.15546875 0.0015625 0.01015625
6 0.4578125 0.153125 0.0015625 0.00859375
6 0.45 0.159375 0.0015625 0.00859375
6 0.44609375 0.18046875 0.00234375 0.01171875
6 0.44296875 0.17890625 0.0015625 0.009375
6 0.45390625 0.1875 0.00234375 0.01015625
6 0.45234375 0.20546875 0.00234375 0.01015625
6 0.4484375 0.20546875 0.0015625 0.01015625
3 0.496875 0.12578125 0.01015625 0.009375
3 0.49609375 0.1328125 0.01015625 0.01015625
3 0.49375 0.13828125 0.0125 0.01015625
3 0.49140625 0.1484375 0.01328125 0.0109375
3 0.4859375 0.1578125 0.01328125 0.00859375
3 0.4859375 0.16328125 0.01328125 0.00859375
3 0.48125 0.171875 0.0140625 0.009375
10 0.484375 0.20703125 0.01796875 0.01484375
10 0.4890625 0.19453125 0.0046875 0.01171875
10 0.4484375 0.234375 0.0109375 0.01171875
6 0.4375 0.25 0.0015625 0.01328125
6 0.43984375 0.2484375 0.00078125 0.009375
6 0.44296875 0.2484375 0.00234375 0.00703125
3 0.5578125 0.028125 0.0046875 0.00859375
3 0.5546875 0.05546875 0.0046875 0.01015625
2 0.540625 0.02109375 0.0046875 0.0140625
3 0.5296875 0.05 0.009375 0.009375
3 0.52734375 0.05546875 0.009375 0.00703125
3 0.52578125 0.06796875 0.00703125 0.00703125
3 0.5328125 0.1265625 0.0078125 0.01015625
3 0.5296875 0.1390625 0.00703125 0.0109375
3 0.54609375 0.07421875 0.00546875 0.009375
3 0.5875 0.084375 0.00390625 0.00859375
3 0.58828125 0.1140625 0.00390625 0.00859375
3 0.5875 0.10546875 0.00390625 0.00859375
3 0.590625 0.1578125 0.00546875 0.01171875
3 0.58984375 0.16796875 0.00546875 0.00703125
3 0.590625 0.17421875 0.00546875 0.00859375
3 0.59140625 0.18203125 0.00546875 0.009375
3 0.5921875 0.1921875 0.0078125 0.01171875
3 0.59140625 0.20625 0.00703125 0.01484375
3 0.5921875 0.2203125 0.00703125 0.01484375
3 0.59375 0.24765625 0.00859375 0.01171875
3 0.59453125 0.26171875 0.00859375 0.0140625
3 0.59609375 0.2765625 0.00859375 0.01640625
3 0.59765625 0.34140625 0.01171875 0.0234375
10 0.5109375 0.31640625 0.01015625 0.02421875
4 0.5875 0.3375 0.00390625 0.0140625
4 0.57890625 0.375 0.00859375 0.0109375
4 0.6 0.3109375 0.003125 0.0109375
4 0.59453125 0.35703125 0.00703125 0.00859375
7 0.6 0.3078125 0.00234375 0.00625
7 0.5875 0.334375 0.00234375 0.00703125
7 0.5796875 0.371875 0.0046875 0.00859375
7 0.59296875 0.35625 0.00390625 0.00625
7 0.615625 0.415625 0.00546875 0.00703125
7 0.634375 0.4015625 0.003125 0.009375
4 0.61484375 0.41875 0.00859375 0.0109375
4 0.63203125 0.40546875 0.00859375 0.00859375
6 0.6421875 0.39609375 0.00234375 0.01328125
6 0.646875 0.4015625 0.00234375 0.0109375
6 0.621875 0.35234375 0.00234375 0.0140625
6 0.6375 0.32421875 0.00234375 0.01328125
6 0.6296875 0.30234375 0.00234375 0.0140625
6 0.6640625 0.315625 0.00234375 0.01171875
6 0.66953125 0.33125 0.00234375 0.01328125
6 0.625 0.27578125 0.003125 0.015625
6 0.6328125 0.2640625 0.00234375 0.01484375
6 0.64296875 0.246875 0.0015625 0.01171875
6 0.62890625 0.24765625 0.00078125 0.00625
6 0.63203125 0.24921875 0.00234375 0.009375
3 0.62265625 0.32578125 0.0078125 0.01953125
3 0.63984375 0.34375 0.0125 0.02578125
3 0.6140625 0.44140625 0.03359375 0.025
3 0.66171875 0.43671875 0.03046875 0.02578125
3 0.7171875 0.46640625 0.02421875 0.021875
6 0.67421875 0.40546875 0.00390625 0.01796875
6 0.6796875 0.3375 0.00234375 0.01171875
6 0.675 0.32421875 0.003125 0.01015625
6 0.67890625 0.315625 0.00234375 0.01015625
6 0.68359375 0.32109375 0.003125 0.01328125
6 0.68671875 0.33359375 0.00234375 0.01171875
6 0.6890625 0.32421875 0.00234375 0.01015625
6 0.696875 0.3296875 0.00234375 0.0109375
6 0.69453125 0.34609375 0.00234375 0.0140625
6 0.7 0.340625 0.0015625 0.01015625
6 0.70390625 0.32578125 0.00234375 0.0109375
6 0.70703125 0.34921875 0.00234375 0.01640625
6 0.721875 0.33046875 0.0015625 0.01171875
6 0.7109375 0.33671875 0.0015625 0.01015625
6 0.72265625 0.34375 0.003125 0.009375
6 0.72109375 0.3546875 0.00234375 0.0109375
6 0.7265625 0.34296875 0.00234375 0.0109375
3 0.70078125 0.3171875 0.01015625 0.01171875
6 0.61796875 0.54609375 0.00546875 0.01640625
3 0.68984375 0.5375 0.02421875 0.034375
3 0.71171875 0.540625 0.015625 0.0265625
6 0.71015625 0.6375 0.003125 0.015625
6 0.7046875 0.63359375 0.0046875 0.021875
3 0.65390625 0.6796875 0.021875 0.05390625
3 0.61015625 0.66171875 0.01953125 0.0546875
3 0.6640625 0.74296875 0.02421875 0.0703125
3 0.6140625 0.7265625 0.02265625 0.06953125
3 0.615625 0.796875 0.02265625 0.06328125
3 0.6171875 0.87578125 0.021875 0.0796875
7 0.53203125 0.459375 0.00546875 0.01015625
4 0.53359375 0.46640625 0.01015625 0.01015625
6 0.5703125 0.35859375 0.00390625 0.01484375
3 0.51875 0.5609375 0.01640625 0.04453125
3 0.5125 0.6140625 0.01796875 0.053125
3 0.5078125 0.6734375 0.02109375 0.05859375
3 0.5015625 0.74609375 0.02265625 0.06875
3 0.48671875 0.9234375 0.02578125 0.0796875
3 0.4921875 0.54453125 0.0171875 0.03828125
6 0.39296875 0.4484375 0.00234375 0.01875
6 0.38828125 0.46328125 0.003125 0.01640625
6 0.38515625 0.4609375 0.003125 0.01484375
6 0.35859375 0.4390625 0.003125 0.0140625
6 0.38515625 0.43515625 0.00234375 0.0109375
6 0.25625 0.25546875 0.00390625 0.01484375