3 0.1703125 0.9359375 0.04765625 0.04296875
9 0.43984375 0.928125 0.03203125 0.08828125
3 0.47109375 0.90546875 0.03046875 0.0640625
3 0.609375 0.94609375 0.034375 0.05
9 0.534375 0.7984375 0.03515625 0.05625
3 0.4984375 0.74140625 0.01640625 0.0265625
3 0.471875 0.6953125 0.01796875 0.02421875
3 0.4515625 0.66953125 0.01328125 0.01953125
3 0.41328125 0.71875 0.01640625 0.03125
3 0.43203125 0.64453125 0.01171875 0.01640625
3 0.390625 0.62890625 0.01171875 0.01484375
3 0.43671875 0.88203125 0.02578125 0.03671875
3 0.43828125 0.8515625 0.02265625 0.03515625
3 0.434375 0.821875 0.0234375 0.0359375
3 0.42734375 0.79296875 0.01796875 0.0359375
3 0.425 0.7671875 0.01953125 0.034375
3 0.4046875 0.68828125 0.01484375 0.021875
3 0.42578125 0.63671875 0.0109375 0.01953125
3 0.4171875 0.6328125 0.0109375 0.015625
3 0.37421875 0.63125 0.01171875 0.01484375
3 0.36875 0.62421875 0.0078125 0.01328125
3 0.35703125 0.6265625 0.009375 0.01484375