3 0.9875 0.2390625 0.025 0.05
4 0.92421875 0.25703125 0.0546875 0.025
4 0.8625 0.25234375 0.05 0.0234375
6 0.87265625 0.2453125 0.0171875 0.0125
4 0.8984375 0.234375 0.046875 0.025
3 0.8265625 0.34765625 0.10625 0.040625
3 0.9421875 0.18515625 0.115625 0.0765625
0 0.73359375 0.2421875 0.078125 0.0453125
4 0.68125 0.27109375 0.046875 0.015625
4 0.709375 0.34375 0.0328125 0.0296875
7 0.70703125 0.3453125 0.021875 0.015625
7 0.67734375 0.2703125 0.021875 0.015625
4 0.73359375 0.20546875 0.03125 0.0296875
4 0.7296875 0.17890625 0.0375 0.0234375
4 0.72265625 0.19140625 0.04375 0.025
7 0.7265625 0.1765625 0.0171875 0.0125
7 0.73359375 0.2015625 0.0171875 0.0125
3 0.68671875 0.21171875 0.084375 0.0578125
3 0.628125 0.16484375 0.0796875 0.0546875
3 0.56953125 0.1203125 0.075 0.0515625
9 0.5125 0.07421875 0.0765625 0.0578125
3 0.42734375 0.01484375 0.0640625 0.0296875
3 0.40703125 0.0546875 0.071875 0.05
3 0.390625 0.10625 0.065625 0.05
4 0.44453125 0.12421875 0.0375 0.0203125
4 0.32109375 0.1515625 0.0234375 0.01875
7 0.43984375 0.121875 0.0203125 0.0140625
7 0.3171875 0.14921875 0.0171875 0.0109375
3 0.29921875 0.10546875 0.053125 0.0421875
3 0.271875 0.13046875 0.0515625 0.040625
6 0.26796875 0.1484375 0.0296875 0.015625
9 0.23359375 0.1484375 0.0546875 0.0421875
9 0.321875 0.25078125 0.0859375 0.0671875
6 0.25859375 0.05390625 0.028125 0.0171875
6 0.2484375 0.0625 0.0265625 0.015625
4 0.15546875 0.01796875 0.0234375 0.021875
7 0.153125 0.01640625 0.021875 0.0125
3 0.09609375 0.0046875 0.0390625 0.009375
3 0.1203125 0.0203125 0.0390625 0.0328125
4 0.13515625 0.040625 0.021875 0.01875
4 0.1625 0.06640625 0.025 0.015625
9 0.17890625 0.0859375 0.0484375 0.0375
3 0.2046875 0.11796875 0.0453125 0.0375
4 0.5375 0.28828125 0.034375 0.025
7 0.53359375 0.28515625 0.0234375 0.015625
1 0.51171875 0.28515625 0.028125 0.021875
7 0.5078125 0.28359375 0.0203125 0.0125
3 0.48671875 0.2890625 0.075 0.059375
3 0.4453125 0.32421875 0.059375 0.0515625
3 0.3890625 0.32265625 0.0578125 0.0453125
3 0.6828125 0.42578125 0.059375 0.0640625
4 0.8828125 0.5140625 0.0375 0.0296875
7 0.8828125 0.5140625 0.0234375 0.015625
3 0.79921875 0.5671875 0.1125 0.059375
3 0.61953125 0.58203125 0.0890625 0.053125
3 0.4859375 0.43125 0.0515625 0.05625
3 0.37734375 0.44765625 0.065625 0.046875
3 0.31640625 0.47109375 0.0609375 0.0421875
3 0.32421875 0.51171875 0.0703125 0.04375
4 0.3796875 0.5046875 0.028125 0.025
7 0.3796875 0.50546875 0.0234375 0.015625
6 0.421875 0.5390625 0.021875 0.0125
6 0.390625 0.50390625 0.021875 0.009375
3 0.4671875 0.62265625 0.0796875 0.0484375
4 0.334375 0.65546875 0.0359375 0.0203125
7 0.3296875 0.65625 0.0234375 0.0140625
4 0.46796875 0.67890625 0.0328125 0.0203125
4 0.49296875 0.6984375 0.0328125 0.0140625
7 0.465625 0.67890625 0.0234375 0.01875
7 0.48828125 0.7015625 0.021875 0.015625
6 0.70625 0.71484375 0.0171875 0.0171875
10 0.07265625 0.54765625 0.04375 0.0265625
3 0.146875 0.525 0.0609375 0.0421875
10 0.028125 0.56328125 0.05625 0.0328125
3 0.00546875 0.578125 0.0109375 0.028125